Date; Net Income/Loss; Total Depreciation And Amortization - Cash Flow; Other Non-Cash Items; Total Non-Cash Items; Change In Accounts Receivable; Change In Inventories; Change In Accounts Payable; Change In Assets/Liabilities; Total Change In Assets/Liabilities; Cash Flow From Operating Activities; Net Change In Property, Plant, And Equipment; Net Change In Intangible Assets; Net Acquisitions/Divestitures; Net Change In Short-term Investments; Net Change In Long-Term Investments; Net Change In Investments - Total; Investing Activities - Other; Cash Flow From Investing Activities; Net Long-Term Debt; Net Current Debt; Debt Issuance/Retirement Net - Total; Net Common Equity Issued/Repurchased; Net Total Equity Issued/Repurchased; Total Common And Preferred Stock Dividends Paid; Financial Activities - Other; Cash Flow From Financial Activities; Net Cash Flow; Stock-Based Compensation; Common Stock Dividends Paid
2022-09-30; 0.0; 0.0; 0.0; 0.0; 0.0; 0.0; 0.0; 0.0; 0.0; -593000000.0; -437000000.0; 0.0; 0.0; 1298000000.0; -5000000.0; 1293000000.0; -72000000.0; 784000000.0; -254000000.0; 0.0; -254000000.0; 16000000.0; 16000000.0; 0.0; -14000000.0; -252000000.0; -61000000.0; 0.0; 0.0
2022-06-30; 0.0; 0.0; 0.0; 0.0; 0.0; 0.0; 0.0; 0.0; 0.0; 1739000000.0; -587000000.0; 0.0; 0.0; -12000000.0; -236000000.0; -248000000.0; -94000000.0; -929000000.0; -791000000.0; 0.0; -791000000.0; -16000000.0; -16000000.0; 0.0; 22000000.0; -785000000.0; 25000000.0; 0.0; 0.0
2022-03-31; 0.0; ; ; ; ; ; ; ; ; 1185000000.0; -799000000.0; ; ; 54000000.0; 36000000.0; 90000000.0; -62000000.0; -771000000.0; -294000000.0; ; -294000000.0; ; ; ; -16000000.0; -310000000.0; 104000000.0; ; 
2021-12-31; -1993000000.0; 2335000000.0; -717000000.0; 1618000000.0; -304000000.0; 0.0; 0.0; 884000000.0; 1041000000.0; -1200000000.0; -171000000.0; 0.0; 0.0; 2017000000.0; -23000000.0; 1994000000.0; -85000000.0; 1738000000.0; -610000000.0; 0.0; -610000000.0; -18000000.0; -18000000.0; 0.0; 67000000.0; -561000000.0; -23000000.0; 98000000.0; 0.0
2021-09-30; 0.0; 0.0; 0.0; 0.0; 0.0; 0.0; 0.0; 0.0; 0.0; -1740000000.0; -123000000.0; 0.0; 0.0; 3458000000.0; 0.0; 3458000000.0; -20000000.0; 3315000000.0; -1599000000.0; 0.0; -1599000000.0; 13000000.0; 13000000.0; 0.0; -23000000.0; -1609000000.0; -34000000.0; 0.0; 0.0
2021-06-30; 0.0; 0.0; 0.0; 0.0; 0.0; 0.0; 0.0; 0.0; 0.0; 3470000000.0; 152000000.0; 0.0; 0.0; -4265000000.0; 194000000.0; -4071000000.0; 35000000.0; -3884000000.0; 249000000.0; 0.0; 249000000.0; 131000000.0; 131000000.0; 0.0; 65000000.0; 445000000.0; 31000000.0; 0.0; 0.0
2021-03-31; 0.0; ; ; ; ; ; ; ; ; 174000000.0; 127000000.0; ; ; -7142000000.0; -194000000.0; -7336000000.0; 57000000.0; -7152000000.0; 6807000000.0; ; 6807000000.0; 316000000.0; 316000000.0; ; -110000000.0; 7013000000.0; 35000000.0; ; 
2020-12-31; -8885000000.0; 2370000000.0; -1292000000.0; 1078000000.0; 538000000.0; 0.0; 0.0; 1305000000.0; 1217000000.0; -2863000000.0; -48000000.0; 0.0; 0.0; 1422000000.0; 41000000.0; 1463000000.0; 281000000.0; 1696000000.0; -301000000.0; 0.0; -301000000.0; 1443000000.0; 1443000000.0; 0.0; 127000000.0; 1269000000.0; 102000000.0; 91000000.0; 0.0
2020-09-30; 0.0; 0.0; 0.0; 0.0; 0.0; 0.0; 0.0; 0.0; 0.0; -2604000000.0; -474000000.0; 0.0; 0.0; 1391000000.0; 0.0; 1391000000.0; 6000000.0; 923000000.0; 1559000000.0; 0.0; 1559000000.0; 0.0; 0.0; 0.0; -48000000.0; 1511000000.0; -170000000.0; 0.0; 0.0
2020-06-30; 0.0; 0.0; 0.0; 0.0; 0.0; 0.0; 0.0; 0.0; 0.0; -908000000.0; -275000000.0; 0.0; 0.0; -6608000000.0; 0.0; -6608000000.0; 84000000.0; -6799000000.0; 6215000000.0; 0.0; 6215000000.0; 1525000000.0; 1525000000.0; 0.0; -52000000.0; 7688000000.0; -19000000.0; 0.0; 0.0
2020-03-31; 0.0; ; ; ; ; ; ; ; ; -168000000.0; -810000000.0; ; ; 417000000.0; ; 417000000.0; 231000000.0; -162000000.0; 772000000.0; ; 772000000.0; -171000000.0; -171000000.0; -43000000.0; -32000000.0; 526000000.0; 196000000.0; ; -43000000.0
2019-12-31; 1686000000.0; 2318000000.0; 740000000.0; 3058000000.0; 73000000.0; 0.0; 0.0; -1267000000.0; -867000000.0; 600000000.0; -1127000000.0; 0.0; 0.0; 1311000000.0; 2000000.0; 1313000000.0; 453000000.0; 639000000.0; -945000000.0; 0.0; -945000000.0; -272000000.0; -272000000.0; -43000000.0; -12000000.0; -1272000000.0; -33000000.0; 94000000.0; -43000000.0
2019-09-30; 0.0; 0.0; 0.0; 0.0; 0.0; 0.0; 0.0; 0.0; 0.0; 828000000.0; -783000000.0; 0.0; 0.0; 236000000.0; 0.0; 236000000.0; 78000000.0; -469000000.0; -93000000.0; 0.0; -93000000.0; -200000000.0; -200000000.0; -45000000.0; -28000000.0; -366000000.0; -7000000.0; 0.0; -45000000.0
2019-06-30; 0.0; 0.0; 0.0; 0.0; 0.0; 0.0; 0.0; 0.0; 0.0; 736000000.0; -1006000000.0; 0.0; 0.0; -1071000000.0; -2000000.0; -1073000000.0; 146000000.0; -1933000000.0; 1257000000.0; 0.0; 1257000000.0; -17000000.0; -17000000.0; -44000000.0; -17000000.0; 1179000000.0; -18000000.0; 0.0; -44000000.0
2019-03-31; 0.0; ; ; ; ; ; ; ; ; 1651000000.0; -1298000000.0; ; ; 481000000.0; ; 481000000.0; 337000000.0; -480000000.0; -449000000.0; ; -449000000.0; -608000000.0; -608000000.0; -46000000.0; -6000000.0; -1109000000.0; 62000000.0; ; -46000000.0
2018-12-31; 1412000000.0; 2159000000.0; 625000000.0; 2784000000.0; 222000000.0; 0.0; 0.0; -641000000.0; -566000000.0; 716000000.0; -1758000000.0; 0.0; 0.0; 67000000.0; 207000000.0; 274000000.0; 1094000000.0; -390000000.0; -296000000.0; 0.0; -296000000.0; 0.0; 0.0; -46000000.0; -12000000.0; -354000000.0; -28000000.0; 86000000.0; -46000000.0
2018-09-30; 0.0; 0.0; 0.0; 0.0; 0.0; 0.0; 0.0; 0.0; 0.0; -77000000.0; -403000000.0; 0.0; 0.0; -140000000.0; 0.0; -140000000.0; -5000000.0; -548000000.0; 701000000.0; 0.0; 701000000.0; 0.0; 0.0; -46000000.0; -21000000.0; 634000000.0; 9000000.0; 0.0; -46000000.0
2018-06-30; 0.0; 0.0; 0.0; 0.0; 0.0; 0.0; 0.0; 0.0; 0.0; 1094000000.0; -716000000.0; 0.0; 0.0; 637000000.0; 0.0; 637000000.0; 0.0; -79000000.0; -660000000.0; 0.0; -660000000.0; -376000000.0; -376000000.0; -46000000.0; -28000000.0; -1110000000.0; -95000000.0; 0.0; -46000000.0
2018-03-31; 0.0; ; ; ; ; ; ; ; ; 1800000000.0; -757000000.0; ; ; -199000000.0; ; -199000000.0; ; -956000000.0; -332000000.0; ; -332000000.0; -461000000.0; -461000000.0; -48000000.0; -1000000.0; -842000000.0; 2000000.0; ; -48000000.0
2017-12-31; 1282000000.0; 2017000000.0; 2308000000.0; 4325000000.0; -190000000.0; 0.0; 0.0; -830000000.0; -721000000.0; 437000000.0; -2145000000.0; 0.0; 0.0; 735000000.0; 0.0; 735000000.0; 853000000.0; -557000000.0; 379000000.0; 0.0; 379000000.0; -243000000.0; -243000000.0; -48000000.0; -13000000.0; 75000000.0; -45000000.0; 90000000.0; -48000000.0
2017-09-30; 0.0; 0.0; 0.0; 0.0; 0.0; 0.0; 0.0; 0.0; 0.0; 369000000.0; -851000000.0; 0.0; 0.0; 1239000000.0; -203000000.0; 1036000000.0; 0.0; 185000000.0; -177000000.0; 0.0; -177000000.0; -359000000.0; -359000000.0; -48000000.0; -15000000.0; -599000000.0; -45000000.0; 0.0; -48000000.0
2017-06-30; 0.0; 0.0; 0.0; 0.0; 0.0; 0.0; 0.0; 0.0; 0.0; 1688000000.0; -1199000000.0; 0.0; 0.0; -195000000.0; 0.0; -195000000.0; 0.0; -1394000000.0; 311000000.0; 0.0; 311000000.0; -529000000.0; -529000000.0; -51000000.0; -3000000.0; -272000000.0; 22000000.0; 0.0; -51000000.0
2017-03-31; 0.0; ; ; ; ; ; ; ; ; 2250000000.0; -1682000000.0; ; ; -188000000.0; ; -188000000.0; ; -1870000000.0; 213000000.0; ; 213000000.0; -484000000.0; -484000000.0; -51000000.0; -27000000.0; -349000000.0; 31000000.0; ; -51000000.0
2016-12-31; 2584000000.0; 1699000000.0; 1858000000.0; 3557000000.0; -160000000.0; 0.0; 0.0; 254000000.0; 401000000.0; 627000000.0; -1395000000.0; 0.0; 0.0; 335000000.0; 0.0; 335000000.0; 0.0; -1060000000.0; 1016000000.0; 0.0; 1016000000.0; -569000000.0; -569000000.0; -52000000.0; -25000000.0; 370000000.0; -63000000.0; 100000000.0; -52000000.0
2016-09-30; 0.0; 0.0; 0.0; 0.0; 0.0; 0.0; 0.0; 0.0; 0.0; 1064000000.0; -1180000000.0; 0.0; 0.0; 309000000.0; 0.0; 309000000.0; 0.0; -871000000.0; 499000000.0; 0.0; 499000000.0; -695000000.0; -695000000.0; -53000000.0; -9000000.0; -258000000.0; -65000000.0; 0.0; -53000000.0
2016-06-30; 0.0; 0.0; 0.0; 0.0; 0.0; 0.0; 0.0; 0.0; 0.0; 2213000000.0; -1478000000.0; 0.0; 0.0; -179000000.0; 0.0; -179000000.0; 0.0; -1657000000.0; 1169000000.0; 0.0; 1169000000.0; -1711000000.0; -1711000000.0; -58000000.0; -5000000.0; -605000000.0; -49000000.0; 0.0; -58000000.0
2016-03-31; 0.0; ; ; ; ; ; ; ; ; 2620000000.0; -1553000000.0; ; ; -561000000.0; ; -561000000.0; ; -2114000000.0; 1190000000.0; ; 1190000000.0; -1525000000.0; -1525000000.0; -61000000.0; -5000000.0; -401000000.0; 105000000.0; ; -61000000.0
2015-12-31; 7610000000.0; 1487000000.0; -2650000000.0; -1163000000.0; 352000000.0; 0.0; 0.0; -711000000.0; -186000000.0; 228000000.0; -1518000000.0; 0.0; 0.0; 1956000000.0; 0.0; 1956000000.0; 0.0; 438000000.0; 214000000.0; 0.0; 214000000.0; -1435000000.0; -1435000000.0; -72000000.0; 1000000.0; -1292000000.0; -626000000.0; 284000000.0; -72000000.0
2015-09-30; 0.0; 0.0; 0.0; 0.0; 0.0; 0.0; 0.0; 0.0; 0.0; 1180000000.0; -1481000000.0; 0.0; 0.0; 3528000000.0; -3384000000.0; 144000000.0; 0.0; -1337000000.0; 1753000000.0; 0.0; 1753000000.0; -1480000000.0; -1480000000.0; -66000000.0; 14000000.0; 221000000.0; 64000000.0; 0.0; -66000000.0
2015-06-30; 0.0; 0.0; 0.0; 0.0; 0.0; 0.0; 0.0; 0.0; 0.0; 2347000000.0; -1712000000.0; 0.0; 0.0; -3217000000.0; 3436000000.0; 219000000.0; 0.0; -1493000000.0; -131000000.0; 0.0; -131000000.0; -750000000.0; -750000000.0; -70000000.0; 1000000.0; -950000000.0; -96000000.0; 0.0; -70000000.0
2015-03-31; 0.0; ; ; ; ; ; ; ; ; 2494000000.0; -1405000000.0; ; ; -1797000000.0; ; -1797000000.0; ; -3202000000.0; 1020000000.0; ; 1020000000.0; -181000000.0; -181000000.0; -70000000.0; -7000000.0; 762000000.0; 54000000.0; ; -70000000.0
2014-12-31; 2882000000.0; 1342000000.0; 539000000.0; 1881000000.0; -160000000.0; 0.0; 0.0; -1636000000.0; -1686000000.0; 804000000.0; -1296000000.0; 0.0; 0.0; 510000000.0; 0.0; 510000000.0; 0.0; -786000000.0; 543000000.0; 0.0; 543000000.0; -906000000.0; -906000000.0; -72000000.0; 233000000.0; -202000000.0; -184000000.0; 304000000.0; -72000000.0
2014-09-30; 0.0; 0.0; 0.0; 0.0; 0.0; 0.0; 0.0; 0.0; 0.0; -361000000.0; -1313000000.0; 0.0; 0.0; 1535000000.0; 0.0; 1535000000.0; 0.0; 222000000.0; 238000000.0; 0.0; 238000000.0; -127000000.0; -127000000.0; -72000000.0; 68000000.0; 107000000.0; -32000000.0; 0.0; -72000000.0
2014-06-30; 0.0; 0.0; 0.0; 0.0; 0.0; 0.0; 0.0; 0.0; 0.0; 1381000000.0; -1625000000.0; 0.0; 0.0; 221000000.0; 0.0; 221000000.0; 0.0; -1404000000.0; -334000000.0; 0.0; -334000000.0; 56000000.0; 56000000.0; 0.0; 252000000.0; -26000000.0; -49000000.0; 0.0; 0.0
2014-03-31; 0.0; ; ; ; ; ; ; ; ; 1256000000.0; -1044000000.0; ; ; -206000000.0; ; -206000000.0; 307000000.0; -943000000.0; -277000000.0; ; -277000000.0; -75000000.0; -75000000.0; ; 158000000.0; -194000000.0; 119000000.0; ; 
2013-12-31; -1834000000.0; 1020000000.0; 1949000000.0; 2969000000.0; -93000000.0; 0.0; 0.0; -362000000.0; -384000000.0; -1212000000.0; -613000000.0; 0.0; 206000000.0; 1685000000.0; 0.0; 1685000000.0; 0.0; 1278000000.0; 178000000.0; 0.0; 178000000.0; 0.0; 0.0; 0.0; 179000000.0; 357000000.0; 423000000.0; 39000000.0; 0.0
2013-09-30; 0.0; 0.0; 0.0; 0.0; 0.0; 0.0; 0.0; 0.0; 0.0; 17000000.0; -595000000.0; 0.0; 0.0; -512000000.0; 0.0; -512000000.0; 0.0; -1107000000.0; 897000000.0; 0.0; 897000000.0; 0.0; 0.0; 0.0; 306000000.0; 1203000000.0; 113000000.0; 0.0; 0.0
2013-06-30; 0.0; 0.0; 0.0; 0.0; 0.0; 0.0; 0.0; 0.0; 0.0; 1170000000.0; -919000000.0; 0.0; 0.0; -1978000000.0; 0.0; -1978000000.0; 0.0; -2897000000.0; 1366000000.0; 0.0; 1366000000.0; 0.0; 0.0; 0.0; 359000000.0; 1725000000.0; -2000000.0; 0.0; 0.0
2013-03-31; 0.0; ; ; ; ; ; ; ; ; 700000000.0; -859000000.0; ; ; -229000000.0; ; -229000000.0; ; -1088000000.0; -233000000.0; ; -233000000.0; ; ; ; 747000000.0; 514000000.0; 126000000.0; ; 
2012-12-31; -1876000000.0; 1001000000.0; 2028000000.0; 3029000000.0; -222000000.0; 0.0; 0.0; -117000000.0; 110000000.0; -282000000.0; -670000000.0; 0.0; 0.0; 303000000.0; 0.0; 303000000.0; 0.0; -367000000.0; -29000000.0; 0.0; -29000000.0; 0.0; 0.0; 0.0; 650000000.0; 621000000.0; -28000000.0; 29000000.0; 0.0
2012-09-30; 0.0; 0.0; 0.0; 0.0; 0.0; 0.0; 0.0; 0.0; 0.0; -155000000.0; -419000000.0; 0.0; 0.0; 815000000.0; 0.0; 815000000.0; 0.0; 396000000.0; -389000000.0; 0.0; -389000000.0; 0.0; 0.0; 0.0; 285000000.0; -104000000.0; 137000000.0; 0.0; 0.0
2012-06-30; 0.0; 0.0; 0.0; 0.0; 0.0; 0.0; 0.0; 0.0; 0.0; 655000000.0; -450000000.0; 0.0; 0.0; -165000000.0; 0.0; -165000000.0; 0.0; -615000000.0; -288000000.0; 0.0; -288000000.0; 0.0; 0.0; 0.0; 244000000.0; -44000000.0; -4000000.0; 0.0; 0.0
2012-03-31; 0.0; ; ; ; ; ; ; ; ; 1067000000.0; -226000000.0; ; ; -759000000.0; ; -759000000.0; ; -985000000.0; -314000000.0; ; -314000000.0; ; ; ; 324000000.0; 10000000.0; 92000000.0; ; 
2011-12-31; -1979000000.0; 1075000000.0; 1062000000.0; 2137000000.0; -164000000.0; 0.0; 0.0; 473000000.0; 498000000.0; 397000000.0; -372000000.0; 0.0; 0.0; 10000000.0; 0.0; 10000000.0; 0.0; -362000000.0; -233000000.0; 0.0; -233000000.0; 0.0; 0.0; 0.0; 177000000.0; -56000000.0; -21000000.0; 40000000.0; 0.0
2011-09-30; 0.0; 0.0; 0.0; 0.0; 0.0; 0.0; 0.0; 0.0; 0.0; -307000000.0; -481000000.0; 0.0; 0.0; 849000000.0; 0.0; 849000000.0; 0.0; 368000000.0; 1441000000.0; 0.0; 1441000000.0; -1717000000.0; -1717000000.0; 0.0; 201000000.0; -75000000.0; -14000000.0; 0.0; 0.0
2011-06-30; 0.0; 0.0; 0.0; 0.0; 0.0; 0.0; 0.0; 0.0; 0.0; -55000000.0; -396000000.0; 0.0; 0.0; 653000000.0; 0.0; 653000000.0; 0.0; 257000000.0; -2025000000.0; 0.0; -2025000000.0; 1717000000.0; 1717000000.0; 0.0; 138000000.0; -170000000.0; 32000000.0; 0.0; 0.0
2011-03-31; 0.0; ; ; ; ; ; ; ; ; 708000000.0; -365000000.0; ; ; -1190000000.0; ; -1190000000.0; ; -1555000000.0; 841000000.0; ; 841000000.0; ; ; ; 124000000.0; 965000000.0; 118000000.0; ; 
2010-12-31; -471000000.0; 1093000000.0; 279000000.0; 1372000000.0; 29000000.0; -81000000.0; 0.0; 354000000.0; 283000000.0; 151000000.0; -558000000.0; 0.0; 0.0; 24000000.0; 0.0; 24000000.0; 0.0; -534000000.0; -165000000.0; 0.0; -165000000.0; 1000000.0; 1000000.0; 0.0; 513000000.0; 349000000.0; -34000000.0; 43000000.0; 0.0
2010-09-30; 0.0; 0.0; 0.0; 0.0; 0.0; 0.0; 0.0; 0.0; 0.0; -83000000.0; -668000000.0; 0.0; 0.0; 546000000.0; 0.0; 546000000.0; 0.0; -122000000.0; -219000000.0; 0.0; -219000000.0; 0.0; 0.0; 0.0; 429000000.0; 210000000.0; 5000000.0; 0.0; 0.0
2010-06-30; 0.0; 0.0; 0.0; 0.0; 0.0; 0.0; 0.0; 0.0; 0.0; 717000000.0; -415000000.0; 0.0; 0.0; -531000000.0; 0.0; -531000000.0; 0.0; -946000000.0; -74000000.0; 0.0; -74000000.0; -1000000.0; -1000000.0; 0.0; 312000000.0; 237000000.0; 8000000.0; 0.0; 0.0
2010-03-31; 0.0; ; ; ; ; ; ; ; ; 456000000.0; -317000000.0; ; ; -111000000.0; ; -111000000.0; ; -428000000.0; -154000000.0; ; -154000000.0; 1000000.0; 1000000.0; ; 161000000.0; 8000000.0; 36000000.0; ; 
2009-12-31; -1468000000.0; 1104000000.0; 889000000.0; 1993000000.0; 43000000.0; -79000000.0; 0.0; 504000000.0; 393000000.0; 4000000.0; -355000000.0; 0.0; 0.0; -306000000.0; 0.0; -306000000.0; 1000000.0; -660000000.0; 73000000.0; 0.0; 73000000.0; 31000000.0; 31000000.0; 0.0; 534000000.0; 638000000.0; -18000000.0; 61000000.0; 0.0
2009-09-30; 0.0; 0.0; 0.0; 0.0; 0.0; 0.0; 0.0; 0.0; 0.0; -12000000.0; -493000000.0; 0.0; 0.0; -1323000000.0; 0.0; -1323000000.0; 5000000.0; -1811000000.0; 1188000000.0; 0.0; 1188000000.0; 382000000.0; 382000000.0; 0.0; 233000000.0; 1803000000.0; -20000000.0; 0.0; 0.0
2009-06-30; 0.0; 0.0; 0.0; 0.0; 0.0; 0.0; 0.0; 0.0; 0.0; 479000000.0; -431000000.0; 0.0; 0.0; 62000000.0; 0.0; 62000000.0; 2000000.0; -367000000.0; -108000000.0; 0.0; -108000000.0; 0.0; 0.0; 0.0; 0.0; -108000000.0; 4000000.0; 0.0; 0.0
2009-03-31; 0.0; ; ; ; ; ; ; ; ; 459000000.0; -166000000.0; ; ; 236000000.0; ; 236000000.0; 45000000.0; 115000000.0; -579000000.0; ; -579000000.0; ; ; ; 1000000.0; -578000000.0; -4000000.0; ; 
