Date; Net Income/Loss; Total Depreciation And Amortization - Cash Flow; Other Non-Cash Items; Total Non-Cash Items; Change In Accounts Receivable; Change In Inventories; Change In Accounts Payable; Change In Assets/Liabilities; Total Change In Assets/Liabilities; Cash Flow From Operating Activities; Net Change In Property, Plant, And Equipment; Net Change In Intangible Assets; Net Acquisitions/Divestitures; Net Change In Short-term Investments; Net Change In Long-Term Investments; Net Change In Investments - Total; Investing Activities - Other; Cash Flow From Investing Activities; Net Long-Term Debt; Net Current Debt; Debt Issuance/Retirement Net - Total; Net Common Equity Issued/Repurchased; Net Total Equity Issued/Repurchased; Total Common And Preferred Stock Dividends Paid; Financial Activities - Other; Cash Flow From Financial Activities; Net Cash Flow; Stock-Based Compensation; Common Stock Dividends Paid
2022-06-30; 520799999.99999994; 779700000.0; 120500000.0; 900200000.0; -421500000.0; -138100000.0; 485800000.0; 187700000.0; -52500000.0; 1368500000.0; -1243000000.0; 0.0; -36600000.0; 0.0; 1200000.0; 1200000.0; -27400000.0; -1305800000.0; 1516600000.0; -1250300000.0; 266300000.0; 3200000.0; 3200000.0; -404700000.0; -31800000.0; -167000000.0; -104300000.0; 0.0; -404700000.0
2022-03-31; 718100000.0; 815300000.0; 2800000.0; 818100000.0; -24300000.0; 27600000.0; -1000000.0; 135500000.0; 86000000.0; 1622200000.0; -1686600000.0; ; -1238400000.0; ; -11100000.0; -11100000.0; 42900000.0; -2893200000.0; 433900000.0; 766300000.0; 1200200000.0; 809500000.0; 809500000.0; -398800000.0; -65800000.0; 1545100000.0; 274100000.0; ; -398800000.0
2021-12-31; 538600000.0; 779800000.0; -864500000.0; -84700000.0; 79500000.0; -47200000.0; 93000000.0; -402100000.0; 413000000.0; 866900000.0; -1572600000.0; 0.0; -41300000.0; 0.0; -13099900.0; -13099900.0; 99300000.0; -1527700000.0; -34200000.0; 110000000.0; 75800000.0; 52500000.0; 52500000.0; -396800000.0; -46000000.0; -314500000.0; -975300000.0; 0.0; -396800000.0
2021-09-30; 796900000.0; 863000000.0; 251500000.0; 1114500000.0; 16300000.0; 215100000.0; 10100000.0; 9900000.0; 17700000.0; 1929100000.0; -1315400000.0; 0.0; -383100000.0; 0.0; -9600100.0; -9600100.0; 31700000.0; -1676400000.0; 1440500000.0; -624000000.0; 816500000.0; 291100000.0; 291100000.0; -376200000.0; 82900000.0; 814300000.0; 1067000000.0; 0.0; -376200000.0
2021-06-30; 573800000.0; 651800000.0; 263000000.0; 914800100.0; -202600000.0; 92800000.0; -74300000.0; 13200000.0; -327500000.0; 1161100000.0; -1278900000.0; 0.0; -288500000.0; 0.0; -18900000.0; -18900000.0; -9300000.0; -1595600000.0; 740900000.0; 79600000.0; 820500000.0; 72300000.0; 72300000.0; -374500000.0; -48100000.0; 470200000.0; 35700000.0; 0.0; -374500000.0
2021-03-31; 578800000.0; 751800000.0; -1268000000.0; -516200100.0; -12900000.0; 39500000.0; 171800000.0; -297400000.0; -179800000.0; -117200000.0; -1492700000.0; ; -158800000.0; ; -12100000.0; -12100000.0; 29400000.0; -1634200000.0; 1285800000.0; 569100000.0; 1854900000.0; 184600000.0; 184600000.0; -372000000.0; -30400000.0; 1637100000.0; -114300000.0; ; -372000000.0
2020-12-31; 434700000.0; 740900000.0; -470600000.0; 270300000.0; 9600000.0; -45500000.0; -57200000.0; -224200000.0; 205700000.0; 910700000.0; -1555900000.0; 0.0; -1300000.0; 0.0; 2000000.0; 2000000.0; 28600000.0; -1526600000.0; 985600000.0; 82300000.0; 1067900000.0000001; 18500000.0; 18500000.0; -369200000.0; -126800000.0; 590400000.0; -25500000.0; 0.0; -369200000.0
2020-09-30; 748200000.0; 700300000.0; 134400000.0; 834700000.0; -58200000.0; 22900000.0; 86600000.0; -119700000.0; -406900000.0; 1176000000.0; -1445500000.0; 0.0; -30700000.0; 0.0; -19400000.0; -19400000.0; 35900000.0; -1459700000.0; 1272200000.0; -679600000.0; 592600000.0; 25500000.0; 25500000.0; -351100000.0; -24200000.0; 242800000.0; -40900000.0; 0.0; -351100000.0
2020-06-30; 514500000.0; 770000000.0; 165500000.0; 935499900.0; -48100000.0; -84500000.0; 46400000.0; -162800000.0; -319500000.0; 1130500000.0; -1452200000.0; 0.0; -36400000.0; 0.0; -20000000.0; -20000000.0; 27000000.0; -1481600000.0; 863800000.0; -1387500000.0; -523700000.00000006; 54900000.0; 54900000.0; -340900000.0; -5300000.0; -815000000.0; -1166100000.0; 0.0; -340900000.0
2020-03-31; 499300000.0; 695600000.0; 91300000.0; 786900100.0; -32600000.0; -35800000.0; -111100000.0; -397100000.0; -670500000.0; 615700000.0; -1792700000.0; ; -1300000.0; ; 2900000.0; 2900000.0; 25100000.0; -1766000000.0; 1103000000.0; 1625800000.0; 2728800000.0; 56100000.0; 56100000.0; -363700000.0; -32700000.000000004; 2388500000.0; 1238200000.0; ; -363700000.0
2019-12-31; 152700000.0; 794900000.0; -381300000.0; 413600000.0; 122800000.0; -131600000.0; 38200000.0; -174300000.0; 353900000.0; 920200000.0; -1715400000.0; 0.0; 2500000.0; 0.0; -4500100.0; -4500100.0; -69500000.0; -1786900000.0; 825700000.0; 328300000.0; 1154000000.0; 20600000.0; 20600000.0; -348000000.0; -17100000.0; 809500000.0; -57200000.0; 0.0; -348000000.0
2019-09-30; 733900000.0; 670700000.0; 301700000.0; 972400000.0; -40500000.0; -2000000.0; 40000000.0; 35100000.0; -157200000.0; 1549100000.0; -1349300000.0; 0.0; -398200000.0; 0.0; -41300000.0; -41300000.0; 26200000.0; -1762600000.0; 406500000.0; 233000000.0; 639500000.0; 12400000.0; 12400000.0; -333900000.0; -4400000.0; 313600000.0; 100100000.0; 0.0; -333900000.0
2019-06-30; 459100000.0; 643600000.0; -13500000.0; 630100100.0; 108000000.0; -88200000.0; 80200000.0; -103600000.0; -96700000.0; 992500000.0; -1421300000.0; 0.0; -582600000.0; 0.0; -17500000.0; -17500000.0; 9200000.0; -2012200000.0; 962200000.0; 419000000.0; 1381200000.0; 17800000.0; 17800000.0; -334500000.0; -18200000.0; 1046300000.0; 26600000.0; 0.0; -334500000.0
2019-03-31; 574100000.0; 630900000.0; 20900000.0; 651799900.0; 57500000.0; -26400000.0; -152600000.0; -219100000.0; -417600000.0; 808300000.0; -1565400000.0; ; -32400000.0; ; -18500000.0; -18500000.0; 33500000.0; -1582800000.0; 1050700000.0; -52000000.0; 998700000.0; 14500000.0; 14500000.0; -333600000.0; 13900000.0; 693500000.0; -81000000.0; ; -333600000.0
2018-12-31; 364800000.0; 622300000.0; -354000000.0; 268300000.0; 198200000.0; -78000000.0; 81600000.0; 55000000.0; 657500000.0; 1290600000.0; -1622500000.0; 0.0; -20000000.0; 0.0; -17500200.0; -17500200.0; -4900000.0; -1664900000.0; 545800000.0; -332600000.0; 213200000.0; 11100000.0; 11100000.0; -333000000.0; -10400000.0; -119100000.0; -493400000.0; 0.0; -333000000.0
2018-09-30; 579700000.0; 633800000.0; 280000000.0; 913800000.0; 157600000.0; 67500000.0; 8600000.0; 318300000.0; 432300000.0; 1925800000.0; -1465000000.0; 0.0; -1900000.0; 0.0; -8900000.0; -8900000.0; 26000000.0; -1449800000.0; 716900100.0; -346600000.0; 370300000.0; 11600000.0; 11600000.0; -308300000.0; 600000.0; 74200000.0; 550200000.0; 0.0; -308300000.0
2018-06-30; 530100000.0; 577200000.0; 194200000.0; 771400000.0; -249600000.0; 2700000.0; 75700000.0; 127800000.0; -96900000.0; 1204600000.0; -1317600000.0; 0.0; -400000.0; 0.0; -14099900.0; -14099900.0; 21000000.0; -1311100000.0; 555699900.0; -69600000.0; 486100000.0; 18700000.0; 18700000.0; -308100000.0; -19400000.0; 177300000.0; 70800000.0; 0.0; -308100000.0
2018-03-31; 456700000.0; 567100000.0; -56400000.0; 510700000.0; 39700000.0; 28500000.0; -129300000.00000001; -29800000.0; -165200000.0; 802200000.0; -1905800000.0; ; -23800000.0; ; -17300000.0; -17300000.0; 19100000.0; -1927800000.0; 280200000.0; 1020200000.0; 1300400000.0; 32200000.000000004; 32200000.000000004; -306100000.0; 3000000.0; 1029500000.0; -96100000.0; ; -306100000.0
2017-12-31; 401800000.0; 535600000.0; -15500000.0; 520100000.0; -172800000.0; -40600000.0; 33000000.0; 2700000.0; 224300000.0; 1146200000.0; -1913100000.0; 0.0; -34800000.0; 0.0; -11199800.0; -11199800.0; 25400000.0; -1933700000.0; 433900100.0; 579300000.0; 1013200100.0; 12200000.0; 12200000.0; -316900000.0; 800000.0; 709300000.0; -78200000.0; 0.0; -316900000.0
2017-09-30; 556700000.0; 551700000.0; 555000000.0; 1106700000.0; -69200000.0; 68000000.0; 79500000.0; -97200000.0; -256200000.0; 1407200000.0; -1267800200.0; 0.0; -34300000.0; 0.0; -18100100.0; -18100100.0; -5700000.0; -1325900000.0; 1146400000.0; -792400000.0; 354000000.0; 0.0; 0.0; -290100000.0; 1300000.0; 65200000.0; 146500000.0; 0.0; -290100000.0
2017-06-30; 376200000.0; 522000000.0; 180500000.0; 702500000.0; 34700000.0; -22900000.0; 80200000.0; -900000.0; -168500000.0; 910200000.0; -1144599800.0; 0.0; -35200000.0; 0.0; -11000000.0; -11000000.0; 17800000.0; -1173000000.0; 293399900.0; 315700000.0; 609099900.0; 0.0; 0.0; -293500000.0; -7900000.0; 307700000.0; 44900000.0; 0.0; -293500000.0
2017-03-31; 594200000.0; 517000000.0; -100400000.0; 416600000.0; 235800000.0; 13400000.0; -250700000.0; -389300000.0; -204000000.0; 806800000.0; 793800000.0; ; -3700000.0; ; -18100000.0; -18100000.0; 4200000.0; 776200000.0; -1220900000.0; -177000000.0; -1397900000.0; ; ; -291400000.0; 2200000.0; -1687100000.0; -104100000.0; ; -291400000.0
2016-12-31; 375200000.0; 431000000.0; -249600000.0; 181400000.0; 14200000.0; 48600000.0; 117100000.0; -71500000.0; 544200000.0; 1100800000.0; -1502000000.0; 0.0; -900000.0; 0.0; -17100100.0; -17100100.0; -97900000.0; -1617900000.0; 523299900.0; 234700000.0; 758000000.0; 0.0; 0.0; -291200000.0; -8900000.0; 457900000.0; -59200000.0; 0.0; -291200000.0
2016-09-30; -764200000.0; 575800000.0; 1823600000.0; 2399400000.0; -74800000.0; 118600000.0; 70400000.0; 35100000.0; 60000000.0; 1695200000.0; -1101200000.0; 0.0; -48400000.0; 0.0; -7100000.0; -7100000.0; 27700000.0; -1129000000.0; 261800000.0; -582000000.0; -320200000.0; 3300000.0; 3300000.0; -276700000.0; -7200000.0; -600800000.0; -34600000.0; 0.0; -276700000.0
2016-06-30; 503900000.0; 546500000.0; 324300000.0; 870800000.0; -155200000.0; -11600000.0; 11800000.0; -159300000.0; -448800000.0; 925900000.0; -1082300000.0; 0.0; -33700000.0; 0.0; -6099900.0; -6099900.0; -39300000.0; -1161400000.0; -269500000.0; 839300000.0; 569800000.0; 18800000.0; 18800000.0; -276600000.0; -17600000.0; 294400000.0; 56400000.0; 0.0; -276600000.0
2016-03-31; 503100000.0; 537600000.0; 326800000.0; 864400000.0; -10800000.0; -95400000.0; -34400000.0; -257800000.0; -567600000.0; 799900000.0; -1203500000.0; ; -45500000.0; ; -14300100.0; -14300100.0; 125000000.0; -1138300000.0; 177800000.0; 421000000.0; 598800000.0; 12100000.0; 12100000.0; -276500000.0; 18000000.0; 352400000.0; 14000000.0; ; -276500000.0
2015-12-31; 470700000.0; 525100000.0; -159500000.0; 365600000.0; 217700000.0; -232400000.0; 29800000.0; -201900000.0; 1700000.0; 838000000.0; -1230600000.0; 0.0; -38700000.0; 0.0; -12200100.0; -12200100.0; -42700000.0; -1324200000.0; 213899900.0; 18000000.0; 231899900.0; 13700000.0; 13700000.0; -275600000.0; 15600000.0; -14400000.0; -10000000.0; 0.0; -275600000.0
2015-09-30; 519600000.0; 571000000.0; 348700000.0; 919700000.0; 16500000.0; 45800000.0; -100000.0; 166500000.0; 272500000.0; 1711800000.0; -1101200000.0; 0.0; -1100000.0; 0.0; -26400000.0; -26400000.0; 74800000.0; -1053900000.0000001; -101999800.0; -323000000.0; -424999800.0; 12100000.0; 12100000.0; -261300000.0; -1000000.0; -675200000.0; -17400000.0; 0.0; -261300000.0
2015-06-30; 431300000.0; 524900000.0; 217500000.0; 742400000.0; -31700000.0; 15900000.0; -59000000.0; -12100000.0; -232500000.0; 941200000.0; -1104500000.0; 0.0; -400000.0; 0.0; -7700000.0; -7700000.0; -61000000.0; -1173600000.0; 227700100.0; 250000000.0; 477700100.0; 25400000.0; 25400000.0; -261100000.00000003; -4800000.0; 237200000.0; 4800000.0; 0.0; -261100000.00000003
2015-03-31; 630700000.0; 533700000.00000006; 130699999.99999999; 664400000.0; -2300000.0; 132100000.0; 45800000.0; -246500000.0; -37400000.0; 1257700000.0; -1077000000.0; ; -51800000.0; ; -18000000.0; -18000000.0; 125900000.0; -1020900000.0; 507400000.0; -491000000.0; 16399999.999999998; 30400000.0; 30400000.0; -261000000.0; 4900000.0; -209300000.0; 27900000.0; ; -261000000.0
2014-12-31; 192000000.0; 509800000.0; 193200000.0; 703000000.0; -41300000.0; -121200000.0; -34900000.0; 209400000.0; -7600000.0; 887400000.0; -1252800000.0; 0.0; -7200000.0; 0.0; -11200000.0; -11200000.0; -55700000.0; -1326900000.0; 593400000.0; 64000000.0; 657400000.0; 10600000.0; 10600000.0; -261600000.00000003; 2700000.0; 409100000.0; -31000000.0; 0.0; -261600000.00000003
2014-09-30; 494000000.0; 519000000.0; 81000000.0; 600000000.0; 54000000.0; 15000000.0; -1000000.0; 250000000.0; 424000000.0; 1518000000.0; -1014000000.0; 0.0; -51000000.0; 0.0; -18000000.0; -18000000.0; 72000000.0; -1011000000.0; -89000000.0; -200000000.0; -289000000.0; 34000000.0; 34000000.0; -246000000.0; -2000000.0; -503000000.0; 4000000.0; 0.0; -246000000.0
2014-06-30; 391000000.0; 484000000.0; 144000000.0; 628000000.0; 10000000.0; -2000000.0; -72000000.0; 179000000.0; 45000000.0; 1064000000.0; -978000000.0; 0.0; -9000000.0; 0.0; -10000000.0; -10000000.0; -90000000.0; -1087000000.0; 1000000.0; 150000000.0; 151000000.0; 14000000.0; 14000000.0; -245000000.0; 1000000.0; -79000000.0; -102000000.0; 0.0; -245000000.0
2014-03-31; 561000000.0; 529000000.0; 30000000.0; 559000000.0; -83000000.0; 209000000.0; 33000000.0; -130000000.0; 13000000.0; 1133000000.0; -950000000.0; ; -49000000.0; ; -17000000.0; -17000000.0; 35000000.0; -981000000.0; -327000000.0; 575000000.0; 248000000.0; 15000000.0; 15000000.0; -245000000.0; 4000000.0; 22000000.0; 174000000.0; ; -245000000.0
2013-12-31; 347200000.0; 432100000.0; -67200000.0; 364900000.0; 18900000.0; 47200000.0; 122100000.0; -208300000.0; 344100000.0; 1056200000.0; -1175400000.0; 0.0; -43700000.0; 0.0; -11000000.0; -11000000.0; -67700000.0; -1297800000.0; 895200200.0; -458000000.0; 437200200.0; 22200000.0; 22200000.0; -245300000.0; -800000.0; 213300000.0; -29200000.0; 0.0; -245300000.0
2013-09-30; 434000000.0; 485000000.0; 455000000.0; 940000000.0; 57000000.0; 133000000.0; 29000000.0; -5000000.0; 150000000.0; 1524000000.0; -843000000.0; 0.0; -51000000.0; 0.0; -20000000.0; -20000000.0; 37000000.0; -877000000.0; -82000000.0; -320000000.0; -402000000.0; 20000000.0; 20000000.0; -240000000.0; 5000000.0; -617000000.0; 30000000.0; 0.0; -240000000.0
2013-06-30; 339000000.0; 472000000.0; 298000000.0; 770000000.0; -49000000.0; -60000000.0; -54000000.0; -41000000.0; -349000000.0; 760000000.0; -785000000.0; 0.0; -12000000.0; 0.0; -10000000.0; -10000000.0; -64000000.0; -871000000.0; 38000000.0; 231000000.0; 269000000.0; 26000000.0; 26000000.0; -239000000.0; -7000000.0; 49000000.0; -62000000.0; 0.0; -239000000.0
2013-03-31; 364000000.0; 454000000.0; 157000000.0; 611000000.0; -4000000.0; -1000000.0; -3000000.0; -142000000.0; -219000000.0; 756000000.0; -845000000.0; ; -47000000.0; ; -28000000.0; -28000000.0; 148000000.0; -772000000.0; -203000000.0; 326000000.0; 123000000.0; 15000000.0; 15000000.0; -230000000.0; 8000000.0; -84000000.0; -100000000.0; ; -230000000.0
2012-12-31; 21000000.0; 465000000.0; 63000000.0; 528000000.0; -12000000.0; -55000000.0; 75000000.0; 31000000.0; 343000000.0; 892000000.0; -917000000.0; 0.0; -94000000.0; 0.0; -13000000.0; -13000000.0; -86000000.0; -1110000000.0; 499000000.0; -235000000.0; 264000000.0; 19000000.0; 19000000.0; -229000000.0; 0.0; 54000000.0; -164000000.0; 0.0; -229000000.0
2012-09-30; 488000000.0; 506000000.0; 271000000.0; 777000000.0; -97000000.0; 30000000.0; -35000000.0; 74000000.0; -66000000.0; 1199000000.0; -733000000.0; 0.0; -2000000.0; 0.0; -17000000.0; -17000000.0; 1000000.0; -751000000.0; -95000000.0; 8000000.0; -87000000.0; 14000000.0; 14000000.0; -229000000.0; 0.0; -302000000.0; 146000000.0; 0.0; -229000000.0
2012-06-30; 363000000.0; 490000000.0; 215000000.0; 705000000.0; -114000000.0; -73000000.0; -74000000.0; 92000000.0; -231000000.0; 837000000.0; -633000000.0; 0.0; 0.0; 0.0; -10000000.0; -10000000.0; -95000000.0; -738000000.0; -37000000.0; 158000000.0; 121000000.0; 19000000.0; 19000000.0; -229000000.0; 1000000.0; -88000000.0; 11000000.0; 0.0; -229000000.0
2012-03-31; 390000000.0; 457000000.0; 291000000.0; 748000000.0; 207000000.0; -126000000.0; -26000000.0; -287000000.0; -262000000.0; 876000000.0; -818000000.0; ; -11000000.0; ; -19000000.0; -19000000.0; 56000000.0; -792000000.0; 775000000.0; -600000000.0; 175000000.0; 31000000.0; 31000000.0; -229000000.0; 4000000.0; -19000000.0; 65000000.0; ; -229000000.0
2011-12-31; 311000000.0; 426000000.0; -586000000.0; -160000000.0; 56000000.0; -99000000.0; 22000000.0; 39000000.0; 299000000.0; 450000000.0; -822000000.0; 0.0; -2000000.0; 0.0; -12000000.0; -12000000.0; -87000000.0; -923000000.0; 47000000.0; 371000000.0; 418000000.0; 22000000.0; -42000000.0; -230000000.0; 2000000.0; 148000000.0; -325000000.0; 0.0; -230000000.0
2011-09-30; 930000000.0; 481000000.0; -278000000.0; 203000000.0; -2000000.0; 129000000.0; 21000000.0; 215000000.0; 473000000.0; 1606000000.0; -714000000.0; 0.0; -11000000.0; 0.0; 3000000.0; 3000000.0; 35000000.0; -687000000.0; -231000000.0; -360000000.0; -591000000.0; 21000000.0; 21000000.0; -223000000.0; 3000000.0; -790000000.0; 129000000.0; 0.0; -222000000.0
2011-06-30; 353000000.0; 448000000.0; 222000000.0; 670000000.0; -128000000.0; 25000000.0; 39000000.0; 45000000.0; -121000000.0; 902000000.0; -556000000.0; 0.0; -66000000.0; 0.0; 37000000.0; 37000000.0; -82000000.0; -667000000.0; -444000000.0; 206000000.0; -238000000.0; 18000000.0; 18000000.0; -223000000.0; 0.0; -443000000.0; -208000000.0; 0.0; -223000000.0
2011-03-31; 355000000.0; 437000000.0; -4000000.0; 433000000.0; 181000000.0; 121000000.0; -126000000.0; -38000000.0; 42000000.0; 830000000.0; -473000000.0; ; -241000000.0; ; 30000000.0; 30000000.0; 71000000.0; -613000000.0; 220000000.0; 87000000.0; 307000000.0; 31000000.0; 31000000.0; -224000000.0; ; 114000000.0; 331000000.0; ; -223000000.0
2010-12-31; 178000000.0; 430000000.0; 272000000.0; 702000000.0; -100000000.0; -19000000.0; 127000000.0; 84000000.0; 80000000.0; 960000000.0; -828000000.0; 0.0; -22000000.0; 0.0; -36000000.0; -36000000.0; -62000000.0; -948000000.0; -491000000.0; -120000000.0; -611000000.0; 28000000.0; 28000000.0; -223000000.0; -2000000.0; -808000000.0; -796000000.0; 0.0; -222000000.0
2010-09-30; 557000000.0; 468000000.0; -367000000.0; 101000000.0; 36000000.0; 169000000.0; 5000000.0; -103000000.0; 462000000.0; 1120000000.0; -516000000.0; 0.0; -28000000.0; 0.0; -76000000.0; -76000000.0; 37000000.0; -583000000.0; -98000000.0; -6000000.0; -104000000.0; 23000000.0; 23000000.0; -204000000.0; 0.0; -285000000.0; 252000000.0; 0.0; -203000000.0
2010-06-30; 137000000.0; 444000000.0; 149000000.0; 593000000.0; -185000000.0; -12000000.0; -85000000.0; 342000000.0; -150000000.0; 580000000.0; -499000000.0; 0.0; -3000000.0; 0.0; -17000000.0; -17000000.0; -43000000.0; -562000000.0; -219000000.0; 408000000.0; 189000000.0; 16000000.0; 16000000.0; -202000000.0; -1000000.0; 2000000.0; 20000000.0; 0.0; -202000000.0
2010-03-31; 346000000.0; 438000000.0; -136000000.0; 302000000.0; -617000000.0; 83000000.0; -83000000.0; -75000000.0; -646000000.0; 2000000.0; -470000000.0; ; -38000000.0; ; 28000000.0; 28000000.0; 50000000.0; -430000000.0; -10000000.0; 938000000.0; 928000000.0; 26000000.0; 26000000.0; -198000000.0; ; 756000000.0; 328000000.0; ; -197000000.0
2009-12-31; 239000000.0; 419000000.0; 327000000.0; 746000000.0; -27000000.0; -81000000.0; 37000000.0; -43000000.0; -381000000.0; 604000000.0; -683000000.0; 0.0; -16000000.0; 0.0; -56000000.0; -56000000.0; -64000000.0; -819000000.0; 217000000.0; -226000000.0; -9000000.0; 22000000.0; 22000000.0; -195000000.0; 10000000.0; -172000000.0; -387000000.0; 0.0; -194000000.0
2009-09-30; 446000000.0; 437000000.0; 226000000.0; 663000000.0; 39000000.0; -81000000.0; -47000000.0; 90000000.0; -95000000.0; 1014000000.0; -617000000.0; 0.0; -1000000.0; 0.0; -17000000.0; -17000000.0; 16000000.0; -619000000.0; 530000000.0; -210000000.0; 320000000.0; 18000000.0; 18000000.0; -201000000.0; -13000000.0; 124000000.0; 519000000.0; 0.0; -200000000.0
2009-06-30; 317000000.0; 409000000.0; 30000000.0; 439000000.0; -73000000.0; -195000000.0; 15000000.0; 43000000.0; -216000000.0; 540000000.0; -593000000.0; 0.0; -76000000.0; 0.0; -11000000.0; -11000000.0; -71000000.0; -751000000.0; -170000000.0; -1414000000.0; -1584000000.0; 1640000000.0; 1640000000.0; -195000000.0; -2000000.0; -141000000.0; -352000000.0; 0.0; -195000000.0
2009-03-31; 363000000.0; 395000000.0; -13000000.0; 382000000.0; 102000000.0; -118000000.0; 3000000.0; -314000000.0; -428000000.0; 317000000.0; -725000000.0; ; -76000000.0; ; -21000000.0; -21000000.0; 95000000.0; -727000000.0; 831000000.0; ; 831000000.0; 48000000.0; 48000000.0; -170000000.0; ; 709000000.0; 299000000.0; ; -169000000.0
