Date; Net Income/Loss; Total Depreciation And Amortization - Cash Flow; Other Non-Cash Items; Total Non-Cash Items; Change In Accounts Receivable; Change In Inventories; Change In Accounts Payable; Change In Assets/Liabilities; Total Change In Assets/Liabilities; Cash Flow From Operating Activities; Net Change In Property, Plant, And Equipment; Net Change In Intangible Assets; Net Acquisitions/Divestitures; Net Change In Short-term Investments; Net Change In Long-Term Investments; Net Change In Investments - Total; Investing Activities - Other; Cash Flow From Investing Activities; Net Long-Term Debt; Net Current Debt; Debt Issuance/Retirement Net - Total; Net Common Equity Issued/Repurchased; Net Total Equity Issued/Repurchased; Total Common And Preferred Stock Dividends Paid; Financial Activities - Other; Cash Flow From Financial Activities; Net Cash Flow; Stock-Based Compensation; Common Stock Dividends Paid
2022-09-30; -13314000000.0; -2474000000.0; -2148000000.0; -4622000000.0; -9725000000.0; 91263000000.0; 0.0; 597000000.0; 67885000000.0; 50479000000.0; 0.0; 0.0; 0.0; 21407000000.0; -23083000000.0; -1676000000.0; 53346000000.0; 51670000000.0; -24334000000.0; -16111000000.0; -40445000000.0; 3625000000.0; -801000000.0; 4217000000.0; 80794000000.0; 43765000000.0; 150219000000.0; -1531000000.0; 4217000000.0
2022-06-30; 6247000000.0; 1075000000.0; 1339000000.0; 2414000000.0; 3623000000.0; -26324000000.0; 0.0; 14279000000.0; -13992000000.0; -5049000000.0; 0.0; 0.0; 0.0; 28482000000.0; 24852000000.0; 53334000000.0; -36596000000.0; 16738000000.0; 11452000000.0; -7281000000.0; 4171000000.0; -975000000.0; 1022000000.0; -1995000000.0; -87849000000.0; -84651000000.0; -75932000000.0; 792000000.0; -1995000000.0
2022-03-31; 7067000000.0; 1399000000.0; 809000000.0; 2208000000.0; 6102000000.0; -64939000000.0; ; -14876000000.0; -53893000000.0; -45430000000.0; ; ; ; -49889000000.0; -1769000000.0; -51658000000.0; -16750000000.0; -68408000000.0; 12882000000.0; 23392000000.0; 36274000000.0; -2650000000.0; -221000000.0; -2222000000.0; 7055000000.0; 40886000000.0; -74287000000.0; 739000000.0; -2222000000.0
2021-12-31; 7013000000.0; 1798000000.0; 543000000.0; 2341000000.0; -6800000000.0; 33206000000.0; 0.0; -118000000.0; 34214000000.0; 44651000000.0; 0.0; 0.0; 0.0; -220917000000.0; 214384000000.0; -6533000000.0; -52374000000.0; -58907000000.0; 3177000000.0; -11624000000.0; -8447000000.0; -7533000000.0; -6266000000.0; -1965000000.0; 99718000000.0; 83040000000.0; 68367000000.0; 737000000.0; -1965000000.0
2021-09-30; 7691000000.0; 1894000000.0; 246000000.0; 2140000000.0; -1828000000.0; 3062000000.0; 0.0; -8257000000.0; -610000000.0; 9795000000.0; 0.0; 0.0; 0.0; 7498000000.0; -30394000000.0; -22896000000.0; -9802000000.0; -32698000000.0; 7735000000.0; -7716000000.0; 19000000.0; -9914000000.0; -9914000000.0; -2145000000.0; 55703000000.0; 43663000000.0; 19824000000.0; 568000000.0; -2145000000.0
2021-06-30; 9224000000.0; 2052000000.0; -3034000000.0; -982000000.0; -1453000000.0; -4616000000.0; 0.0; -2603000000.0; -18558000000.0; -9311000000.0; 0.0; 0.0; 0.0; -8944000000.0; -82524000000.0; -91468000000.0; -17138000000.0; -108606000000.0; 19796000000.0; 14255000000.0; 34051000000.0; -4209000000.0; -5087000000.0; -1831000000.0; 24187000000.0; 51320000000.0; -66071000000.0; 610000000.0; -1831000000.0
2021-03-31; 8050000000.0; 1991000000.0; -441000000.0; 1550000000.0; 1130000000.0; -53756000000.0; ; -23477000000.0; -63917000000.0; -52328000000.0; ; ; ; 43598000000.0; -179706000000.0; -136108000000.0; 23028000000.0; -113080000000.0; -859000000.0; 31523000000.0; 30664000000.0; -3470000000.0; -3661000000.0; -2114000000.0; 88738000000.0; 113627000000.0; -54362000000.0; 853000000.0; -2114000000.0
2020-12-31; 5470000000.0; 1952000000.0; 712000000.0; 2664000000.0; -5169000000.0; 42445000000.0; 0.0; 2195000000.0; 44581000000.0; 54594000000.0; 0.0; 0.0; 0.0; -96124000000.0; 16444000000.0; -79680000000.0; 25798000000.0; -53882000000.0; 5330000000.0; -18986000000.0; -13656000000.0; -263000000.0; 820000000.0; -1828000000.0; 92602000000.0; 77938000000.0; 79457000000.0; 434000000.0; -1828000000.0
2020-09-30; 4881000000.0; 1748000000.0; 599000000.0; 2347000000.0; 2749000000.0; -26568000000.0; 0.0; -15689000000.0; -39706000000.0; -32638000000.0; 0.0; 0.0; 0.0; 106472000000.0; -93796000000.0; 12676000000.0; 42301000000.0; 54977000000.0; -6093000000.0; 11608000000.0; 5515000000.0; -1212000000.0; -114000000.0; -1983000000.0; -15816000000.0; -12398000000.0; 11660000000.0; 520000000.0; -1983000000.0
2020-06-30; 3533000000.0; 1330000000.0; 5132000000.0; 6462000000.0; 493000000.0; -28550000000.0; 0.0; 21633000000.0; -15133000000.0; -3006000000.0; 0.0; 0.0; 0.0; -124053000000.0; -8619000000.0; -132672000000.0; 44323000000.0; -88349000000.0; -1057000000.0; -3139000000.0; -4196000000.0; 812000000.0; -286000000.0; -1833000000.0; 135447000000.0; 129132000000.0; 38956000000.0; 534000000.0; -1833000000.0
2020-03-31; 4010000000.0; 914000000.0; 4760000000.0; 5674000000.0; 1319000000.0; 29615000000.0; ; -21022000000.0; 9324000000.0; 19043000000.0; ; ; ; -32548000000.0; 13355000000.0; -19193000000.0; -71218000000.0; -90411000000.0; 10885000000.0; 10838000000.0; 21723000000.0; -6362000000.0; -6336000000.0; -2083000000.0; 147843000000.0; 161147000000.0; 88830000000.0; 543000000.0; -2083000000.0
2019-12-31; 6994000000.0; 1086000000.0; 1965000000.0; 3051000000.0; 699000000.0; 38461000000.0; 0.0; -11726000000.0; 47850000000.0; 59103000000.0; 0.0; 0.0; 0.0; -103328000000.0; 72707000000.0; -30621000000.0; -12658000000.0; -43279000000.0; -681000000.0; -43447000000.0; -44128000000.0; -7748000000.0; -7953000000.0; -1848000000.0; 42063000000.0; -11866000000.0; 4466000000.0; 479000000.0; -1848000000.0
2019-09-30; 5777000000.0; 1047000000.0; 3655000000.0; 4702000000.0; -4274000000.0; -12807000000.0; 0.0; -1792000000.0; -17063000000.0; -5702000000.0; 0.0; 0.0; 0.0; -22383000000.0; 2634000000.0; -19749000000.0; -10384000000.0; -30133000000.0; 3662000000.0; 10557000000.0; 14219000000.0; -7626000000.0; -8709000000.0; -464000000.0; 17782000000.0; 22828000000.0; -14300000000.0; 510000000.0; -464000000.0
2019-06-30; 7348000000.0; 882000000.0; 1960000000.0; 2842000000.0; 610000000.0; -11191000000.0; 0.0; -1590000000.0; -17688000000.0; -6725000000.0; 0.0; 0.0; 0.0; 19728000000.0; -2451000000.0; 17277000000.0; -19728000000.0; -2451000000.0; -1779000000.0; 19733000000.0; 17954000000.0; -6507000000.0; -4144000000.0; -1696000000.0; -4191000000.0; 7923000000.0; -229000000.0; 481000000.0; -1696000000.0
2019-03-31; 7311000000.0; 780000000.0; 2274000000.0; 3054000000.0; 4282000000.0; -6543000000.0; ; 3995000000.0; 1388000000.0; 15101000000.0; ; ; ; -7872000000.0; 3879000000.0; -3993000000.0; -774000000.0; -4767000000.0; 424000000.0; -4718000000.0; -4294000000.0; -6263000000.0; -6263000000.0; -1926000000.0; -3025000000.0; -15508000000.0; -5781000000.0; 504000000.0; -1926000000.0
2018-12-31; 7278000000.0; 937000000.0; 1429000000.0; 2366000000.0; -5490000000.0; -10326000000.0; 0.0; -1728000000.0; -22800000000.0; -13922000000.0; 0.0; 0.0; 0.0; -12523000000.0; 6843000000.0; -5680000000.0; -18637000000.0; -24317000000.0; -4824000000.0; 6536000000.0; 1712000000.0; -5231000000.0; -5231000000.0; -1745000000.0; 35820000000.0; 30556000000.0; -7454000000.0; 406000000.0; -1745000000.0
2018-09-30; 7167000000.0; 1017000000.0; 2152000000.0; 3169000000.0; 854000000.0; -12052000000.0; 0.0; 4267000000.0; 10936000000.0; 19606000000.0; 0.0; 0.0; 0.0; -21404000000.0; -9960000000.0; -31364000000.0; 5082000000.0; -26282000000.0; 10894000000.0; -17896000000.0; -7002000000.0; -5040000000.0; -5895000000.0; -1905000000.0; 35847000000.0; 21045000000.0; 13659000000.0; 446000000.0; -1905000000.0
2018-06-30; 6784000000.0; 947000000.0; 2266000000.0; 3213000000.0; 1406000000.0; -17102000000.0; 0.0; -1852000000.0; -16335000000.0; -6518000000.0; 0.0; 0.0; 0.0; 31494000000.0; -27447000000.0; 4047000000.0; -2067000000.0; 1980000000.0; -2195000000.0; 1919000000.0; -276000000.0; -4965000000.0; -6456000000.0; -1571000000.0; -18782000000.0; -27085000000.0; -33042000000.0; 462000000.0; -1571000000.0
2018-03-31; 6918000000.0; 986000000.0; 2051000000.0; 3037000000.0; 4131000000.0; 15807000000.0; ; 11233000000.0; 30357000000.0; 40354000000.0; ; ; ; -42292000000.0; 20363000000.0; -21929000000.0; -920000000.0; -22849000000.0; 7357000000.0; 7033000000.0; 14390000000.0; -4858000000.0; -2509000000.0; -1674000000.0; 18395000000.0; 28602000000.0; 46807000000.0; 415000000.0; -1674000000.0
2017-12-31; 2365000000.0; 1119000000.0; 4495000000.0; 5614000000.0; 962000000.0; -2110000000.0; 0.0; -10097000000.0; -17773000000.0; -7100000000.0; 0.0; 0.0; 0.0; -20497000000.0; 19467000000.0; -1030000000.0; -10887000000.0; -11917000000.0; -2044000000.0; -13008000000.0; -15052000000.0; -4869000000.0; -4869000000.0; -1576000000.0; 25340000000.0; 3843000000.0; -14947000000.0; 427000000.0; -1576000000.0
2017-09-30; 5424000000.0; 1105000000.0; 2782000000.0; 3887000000.0; -6923000000.0; 11759000000.0; 0.0; -2289000000.0; 9298000000.0; 20304000000.0; 0.0; 0.0; 0.0; -23188000000.0; 20771000000.0; -2417000000.0; -13282000000.0; -15699000000.0; 2067000000.0; -10117000000.0; -8050000000.0; -2981000000.0; -2981000000.0; -1721000000.0; 21410000000.0; 8658000000.0; 13677000000.0; 457000000.0; -1721000000.0
2017-06-30; 5106000000.0; 1052000000.0; 3217000000.0; 4269000000.0; 8557000000.0; -7589000000.0; 0.0; -11236000000.0; -1300000000.0; 9649000000.0; 0.0; 0.0; 0.0; -29026000000.0; 20345000000.0; -8681000000.0; -1303000000.0; -9984000000.0; 157000000.0; 2749000000.0; 2906000000.0; -2236000000.0; -2236000000.0; -1148000000.0; -9159000000.0; -9637000000.0; -9321000000.0; 459000000.0; -1148000000.0
2017-03-31; 5337000000.0; 1078000000.0; 2471000000.0; 3549000000.0; -5554000000.0; -16723000000.0; ; 3532000000.0; -23263000000.0; -12989000000.0; ; ; ; -36726000000.0; 24856000000.0; -11870000000.0; -2071000000.0; -13941000000.0; 3826000000.0; 35938000000.0; 39764000000.0; -2728000000.0; -2728000000.0; -1255000000.0; 10623000000.0; 46404000000.0; 20287000000.0; 306000000.0; -1255000000.0
2016-12-31; 4612000000.0; 1480000000.0; 1775000000.0; 3255000000.0; 2567000000.0; -11703000000.0; 0.0; -13491000000.0; -17817000000.0; -9440000000.0; 0.0; 0.0; 0.0; -9427000000.0; 22224000000.0; 12797000000.0; -12082000000.0; 715000000.0; 691000000.0; -10849000000.0; -10158000000.0; -1330000000.0; -1330000000.0; -1163000000.0; 28034000000.0; 15383000000.0; 4304000000.0; 280000000.0; -1163000000.0
2016-09-30; 4955000000.0; 1446000000.0; 2955000000.0; 4401000000.0; -1732000000.0; -7209000000.0; 0.0; -947000000.0; -9353000000.0; 526000000.0; 0.0; 0.0; 0.0; -48035000000.0; 19231000000.0; -28804000000.0; -3706000000.0; -32510000000.0; -4510000000.0; -5889000000.0; -10399000000.0; -1399000000.0; -1399000000.0; -1178000000.0; 16836000000.0; 3860000000.0; -27773000000.0; 125000000.0; -1178000000.0
2016-06-30; 4783000000.0; 1355000000.0; 2188000000.0; 3543000000.0; -2301000000.0; 8142000000.0; 0.0; -2026000000.0; 6991000000.0; 15294000000.0; 0.0; 0.0; 0.0; -27513000000.0; 21971000000.0; -5542000000.0; -3574000000.0; -9116000000.0; -4123000000.0; -8728000000.0; -12851000000.0; -1383000000.0; -505000000.0; -879000000.0; -1183000000.0; -15418000000.0; -8403000000.0; 131000000.0; -879000000.0
2016-03-31; 3472000000.0; 1094000000.0; 3349000000.0; 4443000000.0; 947000000.0; 8135000000.0; ; 2361000000.0; 2887000000.0; 10897000000.0; ; ; ; -40398000000.0; 23944000000.0; -16454000000.0; -4920000000.0; -21374000000.0; -8144000000.0; 17452000000.0; 9308000000.0; -1000000000.0; 1069000000.0; -974000000.0; 19925000000.0; 29328000000.0; 20257000000.0; 831000000.0; -974000000.0
2015-12-31; 3358000000.0; 1758000000.0; 284000000.0; 2042000000.0; 276000000.0; -5466000000.0; 0.0; 3785000000.0; 962000000.0; 5688000000.0; 0.0; 0.0; 0.0; -68883000000.0; 64246000000.0; -4637000000.0; -18181000000.0; -22818000000.0; 3932000000.0; -31367000000.0; -27435000000.0; 2165000000.0; -799000000.0; -850000000.0; 35215000000.0; 6131000000.0; -11073000000.0; -106000000.0; -850000000.0
2015-09-30; 4321000000.0; 1558000000.0; 1572000000.0; 3130000000.0; -2967000000.0; 9300000000.0; 0.0; 3521000000.0; 18420000000.0; 25796000000.0; 0.0; 0.0; 0.0; 35398000000.0; -32499000000.0; 2899000000.0; -7667000000.0; -4768000000.0; -5446000000.0; -19171000000.0; -24617000000.0; -800000000.0; -800000000.0; -961000000.0; 12440000000.0; -13938000000.0; 6912000000.0; -10000000.0; -961000000.0
2015-06-30; 5134000000.0; 100000000.0; 2131000000.0; 2231000000.0; 574000000.0; -4506000000.0; 0.0; -4673000000.0; -11576000000.0; -3332000000.0; 0.0; 0.0; 0.0; -20766000000.0; 20983000000.0; 217000000.0; -14690000000.0; -14473000000.0; 7243000000.0; 15899000000.0; 23142000000.0; -775000000.0; -775000000.0; -917000000.0; -3620000000.0; 17830000000.0; 971000000.0; 13000000.0; -917000000.0
2015-03-31; 3097000000.0; 1586000000.0; 914000000.0; 2500000000.0; 388000000.0; 3222000000.0; ; 12000000.0; -3610000000.0; 245000000.0; ; ; ; -28201000000.0; 16065000000.0; -12136000000.0; -1376000000.0; -13512000000.0; -2424000000.0; 4579000000.0; 2155000000.0; ; 2964000000.0; -846000000.0; 34239000000.0; 38512000000.0; 23954000000.0; 14000000.0; -846000000.0
2014-12-31; 3737000000.0; 666000000.0; 600000000.0; 1266000000.0; -1636000000.0; -7143000000.0; 0.0; 10299000000.0; -3572000000.0; 348000000.0; 684000000.0; 0.0; 0.0; 31836000000.0; -9910000000.0; 21926000000.0; 4468000000.0; 27078000000.0; 42447000000.0; -18751000000.0; 23696000000.0; -46917000000.0; -45521000000.0; -837000000.0; 6948000000.0; -15714000000.0; 9930000000.0; 78000000.0; -837000000.0
2014-09-30; -232000000.0; 1022000000.0; 438000000.0; 1460000000.0; 249000000.0; 135000000.0; 0.0; 2531000000.0; 2335000000.0; 2946000000.0; -233000000.0; 0.0; 0.0; 6926000000.0; -14258000000.0; -7332000000.0; 16036000000.0; 8471000000.0; -48541000000.0; -12502000000.0; -61043000000.0; 46917000000.0; 49984000000.0; -765000000.0; -22359000000.0; -34183000000.0; -24240000000.0; 0.0; -765000000.0
2014-06-30; 2291000000.0; 1237000000.0; 1081000000.0; 2318000000.0; 2555000000.0; -662000000.0; 0.0; -3617000000.0; 313000000.0; 4778000000.0; -185000000.0; 0.0; 0.0; -10003000000.0; -7609000000.0; -17612000000.0; 3403000000.0; -14394000000.0; -72000000.0; 9185000000.0; 9113000000.0; -233000000.0; 1261000000.0; -360000000.0; 665000000.0; 10679000000.0; 1254000000.0; 0.0; -360000000.0
2014-03-31; -276000000.0; 1296000000.0; -100000000.0; 1196000000.0; -1998000000.0; 13536000000.0; ; -3319000000.0; 21556000000.0; 22723000000.0; -266000000.0; ; ; -26224000000.0; -13830000000.0; -40054000000.0; 10905000000.0; -29415000000.0; 3990000000.0; 10412000000.0; 14402000000.0; -1442000000.0; -1442000000.0; -344000000.0; 14401000000.0; 27017000000.0; 20323000000.0; ; -344000000.0
2013-12-31; 3439000000.0; 959000000.0; 1047000000.0; 2006000000.0; 5031000000.0; -29000000.0; 0.0; -165000000.0; 5977000000.0; 11994000000.0; 353000000.0; 0.0; 0.0; 24588000000.0; -6333000000.0; 18255000000.0; -860000000.0; 17748000000.0; -4688000000.0; -22197000000.0; -26885000000.0; -1351000000.0; -1351000000.0; -361000000.0; 9146000000.0; -19451000000.0; 10089000000.0; 0.0; -361000000.0
2013-09-30; 2497000000.0; 1283000000.0; 1866000000.0; 3149000000.0; 3245000000.0; -7319000000.0; 0.0; 10038000000.0; 1500000000.0; 8227000000.0; -255000000.0; 0.0; 0.0; 10628000000.0; 17571000000.0; 28199000000.0; -18342000000.0; 9602000000.0; -10997000000.0; -12036000000.0; -23033000000.0; -866000000.0; -1792000000.0; -362000000.0; 29329000000.0; 4142000000.0; 22405000000.0; 0.0; -362000000.0
2013-06-30; 4012000000.0; 991000000.0; 1694000000.0; 2685000000.0; 2537000000.0; 18576000000.0; 0.0; 14253000000.0; 40299000000.0; 46128000000.0; -153000000.0; 0.0; 0.0; -3721000000.0; 12436000000.0; 8715000000.0; -12524000000.0; -3962000000.0; -11897000000.0; -11268000000.0; -23165000000.0; -1003000000.0; -5542000000.0; -472000000.0; -14402000000.0; -43581000000.0; -2152000000.0; 0.0; -472000000.0
2013-03-31; 1483000000.0; 1027000000.0; 1589000000.0; 2616000000.0; 1206000000.0; 22642000000.0; ; 11028000000.0; 20348000000.0; 26468000000.0; 55000000.0; ; ; 5255000000.0; 3781000000.0; 9036000000.0; -7421000000.0; 1670000000.0; 7638000000.0; -33643000000.0; -26005000000.0; ; 12000000.0; -482000000.0; -10077000000.0; -36552000000.0; -9772000000.0; ; -482000000.0
2012-12-31; 732000000.0; 1590000000.0; -1091000000.0; 499000000.0; -1882000000.0; -31414000000.0; 0.0; -4303000000.0; -32921000000.0; -26143000000.0; 151000000.0; 0.0; 0.0; 11366000000.0; -5618000000.0; 5748000000.0; -21243000000.0; -15344000000.0; -9937000000.0; 15352000000.0; 5415000000.0; 0.0; 0.0; -472000000.0; 42052000000.0; 46995000000.0; 4337000000.0; 0.0; -472000000.0
2012-09-30; 340000000.0; 1423000000.0; 3396000000.0; 4819000000.0; -2376000000.0; -4528000000.0; 0.0; 443000000.0; 3087000000.0; 8817000000.0; -220000000.0; 0.0; 0.0; -1518000000.0; -5994000000.0; -7512000000.0; -9747000000.0; -17479000000.0; -21299000000.0; -15742000000.0; -37041000000.0; 0.0; 6000000.0; -471000000.0; 28161000000.0; -9345000000.0; -17302000000.0; 0.0; -471000000.0
2012-06-30; 2463000000.0; 1657000000.0; 1789000000.0; 3446000000.0; 7000000.0; 15504000000.0; 0.0; 3145000000.0; 16341000000.0; 16873000000.0; 9000000.0; 0.0; 0.0; -2203000000.0; 3896000000.0; 1693000000.0; 7548000000.0; 9250000000.0; -50458000000.0; 26635000000.0; -23823000000.0; 0.0; -26000000.0; -483000000.0; -6041000000.0; -30373000000.0; -5075000000.0; 0.0; -483000000.0
2012-03-31; 653000000.0; 948000000.0; 4785000000.0; 5733000000.0; -472000000.0; -27168000000.0; ; -10709000000.0; -26199000000.0; -15603000000.0; 65000000.0; ; ; -9076000000.0; -23532000000.0; -32608000000.0; 21137000000.0; -11406000000.0; -20495000000.0; 47133000000.0; 26638000000.0; ; 687000000.0; -483000000.0; 8297000000.0; 35139000000.0; 8690000000.0; ; -483000000.0
2011-12-31; 1991000000.0; 3472000000.0; -547000000.0; 2925000000.0; 23694000000.0; 16893000000.0; 0.0; -1524000000.0; 24163000000.0; 24603000000.0; -565000000.0; 0.0; 0.0; 30817000000.0; 43544000000.0; 74361000000.0; 231000000.0; 74027000000.0; -20902000000.0; -31423000000.0; -52325000000.0; 0.0; 0.0; -475000000.0; -8312000000.0; -61112000000.0; 37237000000.0; 0.0; -475000000.0
2011-09-30; 6232000000.0; 871000000.0; 3108000000.0; 3979000000.0; 0.0; 3872000000.0; 0.0; 3469000000.0; -5439000000.0; -11358000000.0; -253000000.0; 0.0; 0.0; -12856000000.0; 3362000000.0; -9494000000.0; 3553000000.0; -6194000000.0; -17941000000.0; -8168000000.0; -26109000000.0; 0.0; 5000000000.0; -445000000.0; 2951000000.0; -18603000000.0; -36662000000.0; 0.0; -445000000.0
2011-06-30; -8826000000.0; 3480000000.0; -1354000000.0; 2126000000.0; 0.0; -3034000000.0; 0.0; 24439000000.0; 47788000000.0; 51779000000.0; -137000000.0; 0.0; 0.0; 2291000000.0; 4659000000.0; 6950000000.0; -8249000000.0; -1436000000.0; -17634000000.0; -28692000000.0; -46326000000.0; 0.0; 0.0; -403000000.0; 18233000000.0; -28496000000.0; 21985000000.0; 0.0; -403000000.0
2011-03-31; 2049000000.0; 892000000.0; 3560000000.0; 4452000000.0; ; 7750000000.0; ; -5099000000.0; -14176000000.0; -576000000.0; -352000000.0; ; ; -21714000000.0; 5646000000.0; -16068000000.0; 2452000000.0; -13968000000.0; -19336000000.0; 13524000000.0; -5812000000.0; ; ; -415000000.0; 9784000000.0; 3557000000.0; -10885000000.0; ; -415000000.0
2010-12-31; -1244000000.0; 2950000000.0; 1753000000.0; 4703000000.0; 0.0; 2662000000.0; 0.0; -23974000000.0; -13969000000.0; 5158000000.0; -516000000.0; 0.0; 0.0; 54715000000.0; -11787000000.0; 42928000000.0; -15804000000.0; 26608000000.0; -31180000000.0; -56102000000.0; -87282000000.0; 0.0; 0.0; -423000000.0; 33162000000.0; -54543000000.0; -22689000000.0; 0.0; -423000000.0
2010-09-30; -7299000000.0; 11364000000.0; 6343000000.0; 17707000000.0; 0.0; -13995000000.0; 0.0; 25982000000.0; 16195000000.0; 38032000000.0; -322000000.0; 0.0; 0.0; -22379000000.0; -5703000000.0; -28082000000.0; -8478000000.0; -36882000000.0; -22287000000.0; -19145000000.0; -41432000000.0; 0.0; 0.0; -449000000.0; 20625000000.0; -21256000000.0; -19918000000.0; 0.0; -449000000.0
2010-06-30; 3123000000.0; 986000000.0; 8596000000.0; 9582000000.0; 0.0; 25338000000.0; 0.0; -2518000000.0; 19223000000.0; 15475000000.0; 64000000.0; 0.0; 0.0; -51091000000.0; 11200000000.0; -39891000000.0; 13947000000.0; -25880000000.0; -5767000000.0; 24562000000.0; 18795000000.0; 0.0; 0.0; -440000000.0; -1656000000.0; 16699000000.0; 6240000000.0; 0.0; -440000000.0
2010-03-31; 3182000000.0; 1012000000.0; 9807000000.0; 10819000000.0; ; 6770000000.0; ; 5723000000.0; 18608000000.0; 23876000000.0; -213000000.0; ; ; -3082000000.0; -11187000000.0; -14269000000.0; 20289000000.0; 5807000000.0; 530000000.0; 9161000000.0; 9691000000.0; ; ; -450000000.0; -15475000000.0; -6234000000.0; 23455000000.0; ; -450000000.0
2009-12-31; -194000000.0; 1013000000.0; 5881000000.0; 6894000000.0; 0.0; 16995000000.0; 0.0; 6583000000.0; 27922000000.0; 32054000000.0; -708000000.0; 0.0; 0.0; -3382000000.0; -48955000000.0; -52337000000.0; 3145000000.0; -49900000000.0; -15970000000.0; 12853000000.0; -3117000000.0; 0.0; -25756000000.0; -1330000000.0; 16707000000.0; -13496000000.0; -31073000000.0; 0.0; -1330000000.0
2009-09-30; -1001000000.0; 1096000000.0; 13464000000.0; 14560000000.0; 0.0; 1637000000.0; 0.0; -1297000000.0; -1976000000.0; 22906000000.0; -292000000.0; 0.0; 0.0; -358000000.0; 22163000000.0; 21805000000.0; 12398000000.0; 33911000000.0; 100000000.0; -48018000000.0; -47918000000.0; 0.0; 0.0; -1148000000.0; 4138000000.0; -44928000000.0; 12046000000.0; 0.0; -1148000000.0
2009-06-30; 3224000000.0; 1107000000.0; 12504000000.0; 13611000000.0; 0.0; 14141000000.0; 0.0; -5037000000.0; 1345000000.0; 19974000000.0; -709000000.0; 0.0; 0.0; -33218000000.0; 3724000000.0; -29494000000.0; 27506000000.0; -2697000000.0; -7128000000.0; -72675000000.0; -79803000000.0; 13468000000.0; 13468000000.0; -1288000000.0; 17205000000.0; -50418000000.0; -33094000000.0; 0.0; -1288000000.0
2009-03-31; 4247000000.0; 1098000000.0; 12368000000.0; 13466000000.0; ; 27049000000.0; ; 28304000000.0; 44483000000.0; 54797000000.0; -531000000.0; ; 31804000000.0; 87408000000.0; 60884000000.0; 148292000000.0; -2954000000.0; 176611000000.0; -10465000000.0; -81579000000.0; -92044000000.0; ; 30000000000.0; -1097000000.0; -27585000000.0; -90726000000.0; 140603000000.0; ; -1097000000.0
