Date; Net Income/Loss; Total Depreciation And Amortization - Cash Flow; Other Non-Cash Items; Total Non-Cash Items; Change In Accounts Receivable; Change In Inventories; Change In Accounts Payable; Change In Assets/Liabilities; Total Change In Assets/Liabilities; Cash Flow From Operating Activities; Net Change In Property, Plant, And Equipment; Net Change In Intangible Assets; Net Acquisitions/Divestitures; Net Change In Short-term Investments; Net Change In Long-Term Investments; Net Change In Investments - Total; Investing Activities - Other; Cash Flow From Investing Activities; Net Long-Term Debt; Net Current Debt; Debt Issuance/Retirement Net - Total; Net Common Equity Issued/Repurchased; Net Total Equity Issued/Repurchased; Total Common And Preferred Stock Dividends Paid; Financial Activities - Other; Cash Flow From Financial Activities; Net Cash Flow; Stock-Based Compensation; Common Stock Dividends Paid
2022-06-30; 248100000.0; 112000000.0; 46600000.0; 158600000.0; 49300000.0; 0.0; 0.0; -124600000.0; 50700000.0; 457400000.0; -18700000.0; 0.0; 0.0; 0.0; 0.0; 0.0; -10800000.0; -29400000.0; -375000000.0; 0.0; -375000000.0; -10900000.0; -10900000.0; -74800000.0; -13800000.0; -474400000.0; -52600000.0; 13600000.0; -74800000.0
2022-03-31; 176600000.0; 113400000.0; 70600000.0; 184000000.0; -183900000.0; 0.0; 0.0; -162000000.0; -262100000.00000003; 80700000.0; -25200000.0; 0.0; 0.0; 0.0; 0.0; 0.0; -1800000.0; -27100000.0; 10500000.0; 0.0; 10500000.0; 9500000.0; 9500000.0; -74700000.0; -700000.0; -55600000.0; -3900000.0; 18600000.0; -74700000.0
2021-12-31; 47200000.0; 118600000.0; 30800000.0; 149400000.0; -47400000.0; 0.0; 0.0; -195800000.0; -155000000.0; 40800000.0; -13300000.0; 0.0; 0.0; 0.0; 0.0; 0.0; -4300000.0; -17500000.0; -11000000.0; 0.0; -11000000.0; 30100000.0; 30100000.0; -74400000.0; -2600000.0; -57800000.0; -35600000.0; 22600000.0; -74400000.0
2021-09-30; 67200000.0; 120000000.0; 10600000.0; 130600000.0; 96600000.0; ; ; -105900000.0; -334000000.0; -135400000.0; -15900000.0; ; -13300000.0; ; ; ; -7100000.0; -36400000.0; 280000000.0; ; 280000000.0; 8700000.0; 8700000.0; -66800000.0; -4900000.0; 217000000.0; 42200000.0; 13600000.0; -66800000.0
2021-06-30; 260399999.99999997; 107200000.0; -30000000.0; 77200000.0; 95900000.0; 0.0; 0.0; -130400000.0; 108200000.0; 450600000.0; -29500000.0; 0.0; -2603600000.0; 0.0; 0.0; 0.0; 44500000.0; -2588700000.0; 2149900000.0; 0.0; 2149900000.0; -19100000.0; -19100000.0; -66599999.99999999; -11300000.0; 2052900000.0; -81300000.0; 12200000.0; -66599999.99999999
2021-03-31; 165000000.0; 78400000.0; 61100000.0; 139500000.0; -238600000.0; 0.0; 0.0; -65099999.99999999; -161900000.0; 106200000.0; -20400000.0; 0.0; 0.0; 0.0; 0.0; 0.0; -800000.0; -21100000.0; -27800000.0; 0.0; -27800000.0; 6100000.0; 6100000.0; -66599999.99999999; -10100000.0; -98500000.0; -9800000.0; 17700000.0; -66599999.99999999
2020-12-31; 56300000.0; 75100000.0; -2600000.0; 72500000.0; -800000.0; 0.0; 0.0; -97000000.0; -17400000.0; 127500000.0; -26800000.0; 0.0; 0.0; 0.0; 0.0; 0.0; -8300000.000000001; -35200000.0; -7800000.0; 0.0; -7800000.0; 6500000.0; 6500000.0; -66300000.0; -16300000.0; -83900000.0; 9000000.0; 18300000.0; -66300000.0
2020-09-30; 65800000.0; 74000000.0; 46800000.0; 120800000.0; 101100000.0; ; ; -95200000.0; -214700000.0; -44200000.0; -6000000.0; ; ; ; ; ; -2700000.0; -8700000.0; -20000000.0; ; -20000000.0; 20300000.0; 20300000.0; -62200000.0; -10900000.0; -72700000.0; -120000000.0; 10400000.0; -62200000.0
2020-06-30; 229700000.0; 75900000.0; 30800000.0; 106700000.0; 109200000.0; 0.0; 22700000.0; -73400000.0; 117100000.0; 442600000.0; -25200000.0; 0.0; 0.0; 0.0; 0.0; 0.0; 11500000.0; -13800000.0; -285600100.0; 0.0; -285600100.0; -3400000.0; -3400000.0; -61800000.0; 400000.0; -350400000.0; 74500000.0; 13200000.0; -61800000.0
2020-03-31; 166800000.0; 73900000.0; 41000000.0; 114900000.0; -195900000.0; 0.0; 132300000.00000001; -57900000.0; -121500000.0; 144100000.0; -30500000.0; 0.0; -69500000.0; 0.0; 0.0; 0.0; 3400000.0; -96700000.0; 230400100.0; 0.0; 230400100.0; -45700000.0; -45700000.0; -62000000.0; -1500000.0; 121100000.0; 168100000.0; 17300000.0; -62000000.0
2019-12-31; 10100000.0; 78100000.0; 40100000.0; 118200000.0; -10600000.0; 0.0; 35500000.0; -55400000.0; -30500000.0; 97900000.0; -22700000.0; 0.0; -221500000.0; 0.0; 0.0; 0.0; -800000.0; -244900000.0; 86800000.0; 0.0; 86800000.0; 3100000.0; 3100000.0; -61800000.0; -5800000.0; 22400000.0; -124300000.0; 18500000.0; -61800000.0
2019-09-30; 55900000.0; 71400000.0; 8300000.000000001; 79700000.0; 63800000.0; ; -190500000.0; -95300000.0; -222000000.0; -86400000.0; -20300000.0; ; -48100000.0; ; ; ; -17900000.0; -86300000.0; 297500000.0; ; 297500000.0; 18500000.0; 18500000.0; -55400000.0; -2500000.0; 258100000.00000003; 85100000.0; 11800000.0; -55400000.0
2019-06-30; 183300000.0; 65200000.0; -9300000.0; 55900000.0; 139100000.0; 0.0; 0.0; -13000000.0; 170300000.0; 399100000.0; -26200000.0; 0.0; -354700000.0; 0.0; 0.0; 0.0; -3500000.0; -384400000.0; 295700000.0; 0.0; 295700000.0; -270000000.0; -270000000.0; -56100000.0; -3700000.0; -34300000.0; -19000000.0; 11600000.0; -56100000.0
2019-03-31; 172200000.0; 64500000.0; 58200000.0; 122700000.0; -185000000.0; 0.0; 0.0; -50400000.0; -132100000.0; 135800000.0; -16100000.000000002; 0.0; 0.0; 0.0; 0.0; 0.0; -1000000.0; -17100000.0; -20000000.0; 0.0; -20000000.0; 4500000.0; 4500000.0; -56100000.0; -5300000.0; -76900000.0; 42300000.0; 17400000.0; -56100000.0
2018-12-31; 49900000.0; 65599999.99999999; 2100000.0; 67700000.0; 12000000.0; 0.0; 0.0; 7300000.0; 60200000.0; 177600000.0; -14800000.0; 0.0; 0.0; 0.0; 0.0; 0.0; -1000000.0; -15700000.0; 50000000.0; 0.0; 50000000.0; -107700000.0; -107700000.0; -56500000.0; -1900000.0; -116100000.0; 45200000.0; 18700000.0; -56500000.0
2018-09-30; 76700000.0; 64700000.0; 3900000.0; 68600000.0; -1000000.0; ; ; -40600000.0; -240900000.0; -95500000.0; -15500000.0; ; ; ; ; ; -800000.0; -16300000.0; 90000000.0; ; 90000000.0; 6500000.0; 6500000.0; -42500000.0; 100000.0; 54200000.0; -59300000.0; 10700000.0; -42500000.0
2018-06-30; 206800000.0; 56400000.0; 22100000.0; 78500000.0; 102700000.0; 0.0; 0.0; -56000000.0; 133500000.0; 418800000.0; -27200000.0; 0.0; -45300000.0; 0.0; 0.0; 0.0; 900000.0; -71700000.0; -150000000.0; 0.0; -150000000.0; -233400000.0; -233400000.0; -42800000.0; -3500000.0; -429700000.0; -88200000.0; 15900000.0; -42800000.0
2018-03-31; 109100000.0; 53500000.0; -9300000.0; 44200000.0; -139300000.0; 0.0; 0.0; 48500000.0; -20500000.0; 133000000.0; -18200000.0; -40000000.0; -32799999.999999996; 0.0; 0.0; 0.0; -1200000.0; -92200000.0; -20000000.0; 0.0; -20000000.0; 6900000.0; 6900000.0; -42600000.0; 0.0; -55600000.0; -14400000.0; 14500000.0; -42600000.0
2017-12-31; 62100000.0; 52200000.0; 8400000.0; 60600000.0; 50100000.0; 0.0; 165500000.0; 42300000.0; 110400000.0; 235100000.0; -16500000.0; 0.0; -26500000.0; 0.0; 0.0; 0.0; -1300000.0; -44200000.0; -70000000.0; 0.0; -70000000.0; 1900000.0; 1900000.0; -42500000.0; 0.0; -110700000.0; 77700000.0; 16200000.0; -42500000.0
2017-09-30; 49900000.0; 49900000.0; 3400000.0; 53300000.0; -32100000.0; ; -165500000.0; 3200000.0; -194400000.0; -93300000.0; -36000000.0; ; -3700000.0; ; ; ; -1500000.0; -41200000.0; 190000000.0; ; 190000000.0; -500000.0; -500000.0; -37900000.0; -5500000.0; 146100000.0; 17700000.0; 8500000.0; -37900000.0
2017-06-30; 187100000.0; 48600000.0; -300000.0; 48300000.0; 70200000.0; 0.0; -42500000.0; -68600000.0; 118300000.0; 353800000.0; -44200000.0; 0.0; -600000.0; 0.0; 4500000.0; 4500000.0; -6000000.0; -46300000.0; -165000000.0; 0.0; -165000000.0; -114700000.0; -114700000.0; -38600000.0; 11600000.0; -306800000.0; 1500000.0; 11400000.0; -38600000.0
2017-03-31; 75900000.0; 46400000.0; -10200000.0; 36200000.0; -143900000.0; 0.0; 44400000.0; 78600000.0; 55500000.0; 167600000.0; -37500000.0; 0.0; -19700000.0; 0.0; -1500000.0; -1500000.0; -900000.0; -59600000.0; 60000000.0; 0.0; 60000000.0; -100000000.0; -100000000.0; -39600000.0; 4500000.0; -75100000.0; 33800000.0; 11900000.0; -39600000.0
2016-12-31; 30100000.0; 47400000.0; 12600000.0; 60000000.0; -15100000.0; 0.0; 6000000.0; -17400000.0; -8199999.999999999; 81900000.0; -17200000.0; 0.0; -26400000.0; 0.0; -1400000.0; -1400000.0; 0.0; -45000000.0; 80000000.0; 0.0; 80000000.0; -68600000.0; -68600000.0; -38500000.0; 1100000.0; -25900000.0; 8300000.000000001; 14000000.0; -38500000.0
2016-09-30; 33700000.0; 39800000.0; -19900000.0; 19900000.0; 44400000.0; ; -7900000.0; -59000000.0; -141000000.0; -87400000.0; -14800000.0; -90000000.0; -402000000.0; ; -1600000.0; -1600000.0; ; -508400000.0; 110000000.0; ; 110000000.0; 1400000.0; 1400000.0; -35500000.0; 20200000.0; 96100000.0; -500300000.0; 8800000.0; -35500000.0
2016-06-30; 170100000.0; 38300000.0; 13100000.0; 51400000.0; 50700000.0; 0.0; -600000.0; -62300000.0; 71300000.0; 276600000.0; -32400000.0; 13000000.0; -37600000.0; 0.0; 3300000.0; 3300000.0; -4900000.0; -58700000.0; 202900000.0; 0.0; 202900000.0; -19000000.0; -19000000.0; -35200000.0; -1300000.0; 147500000.0; 373300000.0; 8600000.0; -35200000.0
2016-03-31; 63600000.0; 28200000.0; -100000.0; 28100000.0; -92700000.0; 0.0; 20800000.0; 47100000.0; 29400000.0; 118500000.0; -14400000.0; -4800000.0; -2100000.0; 0.0; -1500000.0; -1500000.0; -3400000.0; -26200000.0; 65000000.0; 0.0; 65000000.0; -76400000.0; -76400000.0; -35600000.0; 5600000.0; -41400000.0; 49400000.0; 12300000.0; -35600000.0
2015-12-31; 40300000.0; 27500000.0; 4099999.9999999995; 31600000.0; 0.0; 0.0; -10500000.0; -27400000.0; -10000000.0; 67200000.0; -13800000.0; -5300000.0; -13300000.0; 0.0; -1500000.0; -1500000.0; 0.0; -33900000.0; 20000000.0; 0.0; 20000000.0; 300000.0; 300000.0; -35400000.0; 3900000.0; -11200000.0; 18800000.0; 13200000.0; -35400000.0
2015-09-30; 33500000.0; 27000000.0; -1200000.0; 25800000.0; 36700000.0; ; -3500000.0; -20000000.0; -82800000.0; -24600000.0; -14900000.0; -2900000.0; ; ; -300000.0; -300000.0; ; -18100000.0; 45000000.0; ; 45000000.0; 100000.0; 100000.0; -32000000.0; 600000.0; 13700000.0; -37800000.0; 9000000.0; -32000000.0
2015-06-30; 165900000.0; 26900000.0; 18900000.0; 45800000.0; 53400000.0; 0.0; 400000.0; -65000000.0; 63100000.0; 274800000.0; -43100000.0; 7700000.0; -138000000.0; 0.0; -2000000.0; -2000000.0; 0.0; -175400000.0; 60000000.0; 0.0; 60000000.0; -133900000.0; -133900000.0; -32200000.000000004; 19100000.0; -87000000.0; 14000000.0; 8700000.0; -32200000.000000004
2015-03-31; 54000000.0; 26600000.0; -17800000.0; 8800000.0; -117700000.0; 0.0; 23500000.0; 60500000.0; 19000000.0; 85800000.0; -9000000.0; -5800000.0; -33299999.999999996; 0.0; -2000000.0; -2000000.0; 0.0; -50100000.0; 105000000.0; 0.0; 105000000.0; -110200000.0; -110200000.0; -32500000.0; 10800000.0; -26900000.0; -4000000.0; 10300000.0; -32500000.0
2014-12-31; 34700000.0; 25500000.0; -400000.0; 25100000.0; -5000000.0; 0.0; -14900000.0; -12100000.0; -10100000.0; 53700000.0; -7900000.0; -500000.0; -31600000.0; 0.0; -1700000.0; -1700000.0; 0.0; -41700000.0; 0.0; 0.0; 0.0; 4200000.0; 4200000.0; -32400000.0; 5400000.0; -22800000.0; -17200000.0; 11200000.0; -32400000.0
2014-09-30; 32500000.0; 25300000.0; -2000000.0; 23300000.0; 65099999.99999999; ; -7100000.0; 20800000.0; -39500000.0; 17100000.0; -6000000.0; -1400000.0; ; ; -1800000.0; -1800000.0; ; -9200000.0; ; ; ; 300000.0; 300000.0; -25200000.0; 3300000.0; -21600000.0; -16300000.0; 8400000.0; -25200000.0
2014-06-30; 140200000.0; 25600000.0; -1800000.0; 23800000.0; 300000.0; 0.0; -8500000.0; -55800000.0; 40200000.0; 200300000.0; -7500000.0; -2200000.0; 200000.0; 0.0; 0.0; 0.0; 0.0; -9500000.0; 0.0; 0.0; 0.0; -79400000.0; -79400000.0; -25200000.0; 15100000.0; -89500000.0; 103200000.0; 9600000.0; -25200000.0
2014-03-31; 50800000.0; 25400000.0; -6800000.0; 18600000.0; -90700000.0; 0.0; 28100000.0; 56100000.0; 22000000.0; 96500000.0; -9100000.0; -3800000.0; -59400000.0; 0.0; 0.0; 0.0; 0.0; -72300000.0; 0.0; 0.0; 0.0; 900000.0; 900000.0; -25000000.0; 5000000.0; -19100000.0; 4099999.9999999995; 10300000.0; -25000000.0
2013-12-31; 27600000.0; 23400000.0; 4600000.0; 28000000.0; 34800000.0; 0.0; -14200000.0; -3100000.0; 36900000.0; 96300000.0; -13200000.0; -4300000.0; 0.0; 0.0; 0.0; 0.0; 0.0; -17500000.0; 0.0; 0.0; 0.0; 300000.0; 300000.0; -25000000.0; 1700000.0; -23000000.0; 57200000.0; 9900000.0; -25000000.0
2013-09-30; 44400000.0; 23000000.0; 4200000.0; 27200000.0; 74700000.0; ; -32200000.000000004; -1700000.0; -74700000.0; -5400000.0; -10500000.0; -2800000.0; -37700000.0; ; ; ; ; -51000000.0; -500000.0; ; -500000.0; -2000000.0; -2000000.0; -21500000.0; -3300000.0; -27300000.0; -82900000.0; 4800000.0; -21500000.0
2013-06-30; 134600000.0; 22500000.0; 18900000.0; 41400000.0; -32600000.0; 0.0; 13100000.0; -49500000.0; 17600000.0; 198600000.0; -8500000.0; -6800000.0; 0.0; 0.0; 0.0; 0.0; -1100000.0; -16399999.999999998; 0.0; 0.0; 0.0; -80900000.0; -80900000.0; -21600000.0; 5000000.0; -97500000.0; 83800000.0; 6000000.0; -21600000.0
2013-03-31; 43400000.0; 22600000.0; 14600000.0; 37200000.0; -107400000.0; 0.0; 32700000.000000004; -2200000.0; -83800000.0; -1200000.0; -13200000.0; -3400000.0; 0.0; 0.0; 0.0; 0.0; 0.0; -16600000.000000002; 0.0; 0.0; 0.0; -36200000.0; -36200000.0; -21900000.0; 600000.0; -57500000.0; -76900000.0; 8199999.999999999; -21900000.0
2012-12-31; 15800000.0; 23800000.0; 4400000.0; 28200000.0; 15400000.0; 0.0; 8800000.0; -2400000.0; 45800000.0; 89100000.0; -10100000.0; -800000.0; 0.0; 0.0; 0.0; 0.0; 0.0; -10900000.0; 0.0; 0.0; 0.0; -8800000.0; -8800000.0; -22000000.0; -500000.0; -31300000.0; 47300000.0; 8400000.0; -22000000.0
2012-09-30; 18300000.0; 24500000.0; -1300000.0; 23200000.0; 51400000.0; ; -13300000.0; -12400000.0; -62200000.0; -15600000.0; -6400000.0; -1700000.0; ; ; ; ; ; -8100000.0; ; ; ; -66300000.0; -66300000.0; -20300000.0; -300000.0; -86900000.0; -108700000.0; 4500000.0; -20300000.0
2012-06-30; 83400000.0; 23500000.0; 50000000.0; 73500000.0; 12700000.0; 0.0; -4400000.0; -61900000.0; 23900000.0; 186700000.0; -11000000.0; -3300000.0; 0.0; 0.0; 0.0; 0.0; 6500000.0; -7800000.0; -40000000.0; 0.0; -40000000.0; -9300000.0; -9300000.0; -19900000.0; 1000000.0; -68200000.0; 101700000.0; 6700000.0; -19900000.0
2012-03-31; 16700000.0; 25100000.0; 28000000.0; 53100000.0; -92100000.0; 0.0; 18300000.0; 17100000.0; -52700000.0; 15800000.0; -9200000.0; -1600000.0; -100000.0; 0.0; 2100000.0; 2100000.0; 0.0; -8800000.0; -30000000.0; 0.0; -30000000.0; 2500000.0; 2500000.0; -100000.0; 600000.0; -27000000.0; -19400000.0; 7800000.0; -100000.0
2011-12-31; 6800000.0; 22700000.0; 7500000.0; 30200000.0; 31200000.0; 0.0; -200000.0; -21600000.0; 28300000.0; 64800000.0; -9500000.0; -5500000.0; 400000.0; 0.0; 0.0; 0.0; 0.0; -14600000.0; -20000000.0; 0.0; -20000000.0; 1300000.0; 1300000.0; -39600000.0; -2100000.0; -60400000.0; -14600000.0; 8300000.000000001; -39600000.0
2011-09-30; 16700000.0; 20700000.0; 1000000.0; 21700000.0; 82900000.0; ; -26100000.0; -5600000.0; -14000000.0; 23300000.0; -4099999.9999999995; -2500000.0; -72700000.0; ; ; ; ; -79300000.0; 490000000.0; -400000000.0; 90000000.0; -2500000.0; -2500000.0; -18500000.0; -2100000.0; 66900000.00000001; 11300000.0; 5500000.0; -18500000.0
2011-06-30; 116200000.0; 21000000.0; 24800000.0; 45800000.0; -12000000.0; 0.0; 9100000.0; -45200000.0; -2200000.0; 152000000.0; -8600000.0; -8700000.0; -200000.0; 0.0; 0.0; 0.0; 0.0; -17500000.0; 0.0; -40000000.0; -40000000.0; 2000000.0; 2000000.0; -18400000.0; 2300000.0; -54100000.0; 90200000.0; 6800000.0; -18400000.0
2011-03-31; 29700000.0; 19200000.0; 5100000.0; 24300000.0; -94800000.0; 0.0; 20000000.0; 20300000.0; -42800000.0; 12000000.0; -7000000.0; -6700000.0; -197600000.0; 0.0; 0.0; 0.0; 0.0; -211300000.0; 0.0; 240000000.0; 240000000.0; -63800000.0; -63800000.0; -18700000.0; 900000.0; 158400000.0; -36500000.0; 8300000.000000001; -18700000.0
2010-12-31; 10400000.0; 16500000.0; 7900000.0; 24400000.0; 2500000.0; 0.0; 1100000.0; 2800000.0; 16600000.000000002; 51400000.0; -7300000.0; -1900000.0; -18300000.0; 0.0; 0.0; 0.0; 0.0; -27500000.0; 0.0; 0.0; 0.0; -1200000.0; -1200000.0; -18900000.0; 700000.0; -19400000.0; 7100000.0; 8700000.0; -18900000.0
2010-09-30; 13300000.0; 15600000.0; 5100000.0; 20700000.0; 64500000.0; ; -21700000.0; -19100000.0; -60100000.0; -24500000.0; -6300000.0; -800000.0; -77400000.0; ; ; ; ; -84500000.0; ; ; ; -111300000.0; -111300000.0; -18800000.0; -100000.0; -130199999.99999999; -231900000.0; 6200000.0; -18800000.0
2010-06-30; 105100000.0; 14500000.0; 41000000.0; 55500000.0; 2800000.0; 0.0; -5200000.0; -10000000.0; 22400000.0; 179300000.0; -20200000.0; -3900000.0; -23900000.0; 0.0; 0.0; 0.0; 0.0; -48000000.0; 0.0; 0.0; 0.0; -109200000.0; -109200000.0; -19000000.0; -2700000.0; -130900000.0; 234700000.0; 6300000.0; -19000000.0
2010-03-31; 24900000.0; 14300000.0; 14700000.0; 29000000.0; -40900000.0; 0.0; 20800000.0; 6900000.0; 6100000.0; 62000000.0; -9500000.0; -5300000.0; -5500000.0; 0.0; 0.0; 0.0; 0.0; -20300000.0; 0.0; -600000.0; -600000.0; 1500000.0; 1500000.0; -18800000.0; 2200000.0; -15700000.0; 30800000.0; 7700000.0; -18800000.0
2009-12-31; 33600000.0; 14500000.0; 6800000.0; 21300000.0; -6800000.0; 0.0; -7500000.0; 14700000.0; 31900000.0; 88900000.0; -9400000.0; -1100000.0; -5800000.0; 0.0; 0.0; 0.0; 0.0; -16300000.0; 0.0; 600000.0; 600000.0; -46200000.0; -46200000.0; -19000000.0; 600000.0; -64000000.0; 8199999.999999999; 7500000.0; -19000000.0
2009-09-30; 26400000.0; 13700000.0; 3100000.0; 16800000.0; 72700000.0; ; 1800000.0; -10700000.0; -14000000.0; 29900000.0; -3600000.0; -100000.0; ; ; ; ; ; -3700000.0; ; ; ; -57800000.0; -57800000.0; -9800000.0; 100000.0; -67500000.0; -34500000.0; 5800000.0; -9800000.0
2009-06-30; 116900000.0; 13600000.0; 12900000.0; 26500000.0; -35800000.0; 0.0; -100000.0; -9200000.0; -1200000.0; 146400000.0; -13400000.0; -1100000.0; -45900000.0; 0.0; 0.0; 0.0; 0.0; -60400000.0; 0.0; 0.0; 0.0; -14100000.0; -14100000.0; -9800000.0; 300000.0; -23600000.0; 67600000.0; 7000000.0; -9800000.0
2009-03-31; 106400000.0; 40100000.0; 12000000.0; 52100000.0; 67500000.0; 0.0; -13900000.0; -12200000.0; -22700000.0; 130800000.00000001; -13400000.0; -2000000.0; -14900000.0; 0.0; 0.0; 0.0; 0.0; -30300000.0; -114400000.0; 0.0; -114400000.0; -14400000.0; -14400000.0; -28100000.0; 100000.0; -156800000.0; 51100000.0; 21600000.0; -28100000.0
