Date; Net Income/Loss; Total Depreciation And Amortization - Cash Flow; Other Non-Cash Items; Total Non-Cash Items; Change In Accounts Receivable; Change In Inventories; Change In Accounts Payable; Change In Assets/Liabilities; Total Change In Assets/Liabilities; Cash Flow From Operating Activities; Net Change In Property, Plant, And Equipment; Net Change In Intangible Assets; Net Acquisitions/Divestitures; Net Change In Short-term Investments; Net Change In Long-Term Investments; Net Change In Investments - Total; Investing Activities - Other; Cash Flow From Investing Activities; Net Long-Term Debt; Net Current Debt; Debt Issuance/Retirement Net - Total; Net Common Equity Issued/Repurchased; Net Total Equity Issued/Repurchased; Total Common And Preferred Stock Dividends Paid; Financial Activities - Other; Cash Flow From Financial Activities; Net Cash Flow; Stock-Based Compensation; Common Stock Dividends Paid
2022-09-30; -8891000000.0; -2624000000.0; -2308000000.0; -4932000000.0; -4504000000.0; -9950000000.0; 0.0; -3331000000.0; -17785000000.0; 3269000000.0; 2434000000.0; 0.0; -1940000000.0; 34046000000.0; -4799000000.0; 29247000000.0; 13560000000.0; 43301000000.0; -39052000000.0; -12081000000.0; -51133000000.0; 3200000000.0; 3200000000.0; 2514000000.0; -25026000000.0; -70445000000.0; -21997000000.0; 0.0; 2514000000.0
2022-06-30; 4568000000.0; 1074000000.0; 1461000000.0; 2535000000.0; 1281000000.0; 9493000000.0; 0.0; 15502000000.0; 26276000000.0; 10275000000.0; -1220000000.0; 0.0; 1940000000.0; -34046000000.0; 29250000000.0; -4796000000.0; -4702000000.0; -8778000000.0; 26445000000.0; -3299000000.0; 23146000000.0; -367000000.0; -367000000.0; -1228000000.0; -9460000000.0; 12091000000.0; 11943000000.0; 0.0; -1228000000.0
2022-03-31; 4323000000.0; 1550000000.0; 847000000.0; 2397000000.0; 3223000000.0; 457000000.0; ; -12171000000.0; -8491000000.0; -13544000000.0; -1214000000.0; ; ; ; -24451000000.0; -24451000000.0; -8858000000.0; -34523000000.0; 12607000000.0; 15380000000.0; 27987000000.0; -2833000000.0; -2833000000.0; -1286000000.0; 34486000000.0; 58354000000.0; 10054000000.0; ; -1286000000.0
2021-12-31; 3179000000.0; 985000000.0; 1008000000.0; 1993000000.0; -741000000.0; -6809000000.0; 0.0; 3568000000.0; -3982000000.0; 2064000000.0; -1261000000.0; 0.0; 0.0; 0.0; -5612000000.0; -5612000000.0; -5963000000.0; -12836000000.0; -10021000000.0; -11369000000.0; -21390000000.0; -153000000.0; 847000000.0; -1239000000.0; -28812000000.0; -50594000000.0; -61775000000.0; 0.0; -1239000000.0
2021-09-30; 4668000000.0; 1035000000.0; 369000000.0; 1404000000.0; 146000000.0; 32593000000.0; 0.0; 8904000000.0; 41643000000.0; 35622000000.0; -925000000.0; 0.0; 0.0; 14335000000.0; -57335000000.0; -43000000000.0; 9967000000.0; -33958000000.0; -24420000000.0; 7880000000.0; -16540000000.0; -3067000000.0; -3067000000.0; -1296000000.0; 44155000000.0; 23252000000.0; 24570000000.0; 0.0; -1296000000.0
2021-06-30; 6203000000.0; 982000000.0; -1226000000.0; -244000000.0; -4775000000.0; -14718000000.0; 0.0; -3788000000.0; -23281000000.0; 365000000.0; -923000000.0; 0.0; 0.0; -14335000000.0; -9582000000.0; -23917000000.0; -12337000000.0; -37177000000.0; 28825000000.0; -20268000000.0; 8557000000.0; -2900000000.0; -5185000000.0; -1307000000.0; 9294000000.0; 11359000000.0; -25444000000.0; 0.0; -1307000000.0
2021-03-31; 7975000000.0; 962000000.0; -2468000000.0; -1506000000.0; 1561000000.0; 25495000000.0; ; -2572000000.0; 24484000000.0; 23198000000.0; -820000000.0; ; ; ; -50377000000.0; -50377000000.0; 10263000000.0; -40934000000.0; -6916000000.0; 22216000000.0; 15300000000.0; -1481000000.0; -681000000.0; -1356000000.0; 19992000000.0; 33255000000.0; 15067000000.0; ; -1356000000.0
2020-12-31; 4331000000.0; 1051000000.0; -2646000000.0; -1595000000.0; -86000000.0; -5845000000.0; 0.0; 3604000000.0; -2327000000.0; 1633000000.0; -1121000000.0; 0.0; 0.0; 0.0; -2369000000.0; -2369000000.0; -8622000000.0; -12112000000.0; 28164000000.0; -48813000000.0; -20649000000.0; 0.0; 1495000000.0; -1328000000.0; 18045000000.0; -2437000000.0; -14080000000.0; 0.0; -1328000000.0
2020-09-30; 3170000000.0; 1033000000.0; 2064000000.0; 3097000000.0; 2488000000.0; 11814000000.0; 0.0; -11406000000.0; 2896000000.0; -3046000000.0; -969000000.0; 0.0; 0.0; 0.0; -6211000000.0; -6211000000.0; 15669000000.0; 8489000000.0; -57479000000.0; 38171000000.0; -19308000000.0; 0.0; 0.0; -1345000000.0; 28962000000.0; 8309000000.0; 13922000000.0; 0.0; -1345000000.0
2020-06-30; 1056000000.0; 926000000.0; 7425000000.0; 8351000000.0; 193000000.0; -12059000000.0; 0.0; 8731000000.0; -3135000000.0; 6325000000.0; -848000000.0; 0.0; 0.0; 0.0; -52926000000.0; -52926000000.0; 34942000000.0; -18832000000.0; 59711000000.0; -70780000000.0; -11069000000.0; 0.0; 0.0; -1314000000.0; 48748000000.0; 36365000000.0; 23853000000.0; 0.0; -1314000000.0
2020-03-31; 2530000000.0; 927000000.0; 6581000000.0; 7508000000.0; -1393000000.0; -44774000000.0; ; -4449000000.0; -50616000000.0; -25533000000.0; -458000000.0; ; ; ; -46270000000.0; -46270000000.0; -26129000000.0; -72857000000.0; 15846000000.0; 65887000000.0; 81733000000.0; -2925000000.0; -2925000000.0; -1365000000.0; 113915000000.0; 191358000000.0; 92001000000.0; ; -1365000000.0
2019-12-31; 4995000000.0; 1039000000.0; 1064000000.0; 2103000000.0; -1196000000.0; 14964000000.0; 0.0; 852000000.0; 14620000000.0; 22521000000.0; -799000000.0; 0.0; 0.0; 0.0; 213000000.0; 213000000.0; -10696000000.0; -11282000000.0; -5600000000.0; -7460000000.0; -13060000000.0; -5076000000.0; -6576000000.0; -1399000000.0; -17183000000.0; -38218000000.0; -26524000000.0; 0.0; -1399000000.0
2019-09-30; 4928000000.0; 983000000.0; 1725000000.0; 2708000000.0; -742000000.0; -712000000.0; 0.0; -6479000000.0; -7933000000.0; 2398000000.0; -997000000.0; 0.0; 0.0; -10915000000.0; -2265000000.0; -13180000000.0; -3213000000.0; -17390000000.0; -11145000000.0; 6702000000.0; -4443000000.0; -4977000000.0; -3481000000.0; -1398000000.0; 42161000000.0; 32839000000.0; 17200000000.0; 0.0; -1398000000.0
2019-06-30; 4809000000.0; 952000000.0; 1608000000.0; 2560000000.0; -410000000.0; -20447000000.0; 0.0; 3052000000.0; -17805000000.0; -140000000.0; -2801000000.0; 0.0; 0.0; 10915000000.0; -12168000000.0; -1253000000.0; -6691000000.0; -10745000000.0; 4437000000.0; -6119000000.0; -1682000000.0; -3463000000.0; -3463000000.0; -1330000000.0; 15250000000.0; 8775000000.0; -2650000000.0; 0.0; -1330000000.0
2019-03-31; 4735000000.0; 931000000.0; 1799000000.0; 2730000000.0; 1439000000.0; -38340000000.0; ; -11341000000.0; -48242000000.0; -37616000000.0; -480000000.0; ; ; ; 15315000000.0; 15315000000.0; 1208000000.0; 16043000000.0; 8984000000.0; 19580000000.0; 28564000000.0; -4055000000.0; -4535000000.0; -1320000000.0; 16828000000.0; 39537000000.0; 17788000000.0; ; -1320000000.0
2018-12-31; 4297000000.0; 954000000.0; 1875000000.0; 2829000000.0; -610000000.0; -1985000000.0; 0.0; -777000000.0; -3372000000.0; 6886000000.0; -1054000000.0; 0.0; 0.0; 0.0; -3192000000.0; -3192000000.0; -12309000000.0; -16555000000.0; 18188000000.0; -21063000000.0; -2875000000.0; -4585000000.0; -5160000000.0; -1404000000.0; 7991000000.0; -1448000000.0; -11181000000.0; 0.0; -1404000000.0
2018-09-30; 4625000000.0; 945000000.0; 1665000000.0; 2610000000.0; 1527000000.0; 12311000000.0; 0.0; 912000000.0; 14750000000.0; 21747000000.0; -961000000.0; 0.0; 0.0; 0.0; -14141000000.0; -14141000000.0; -4832000000.0; -19934000000.0; 156000000.0; -5375000000.0; -5219000000.0; -5162000000.0; -5162000000.0; -1384000000.0; 8442000000.0; -3323000000.0; -1616000000.0; 0.0; -1384000000.0
2018-06-30; 4516000000.0; 929000000.0; 1667000000.0; 2596000000.0; -1774000000.0; 2603000000.0; 0.0; 1040000000.0; 1869000000.0; 1363000000.0; -679000000.0; 0.0; 0.0; 0.0; -4023000000.0; -4023000000.0; 197000000.0; -4505000000.0; -12699000000.0; 22690000000.0; 9991000000.0; -2308000000.0; -2429000000.0; -1137000000.0; -4489000000.0; 1936000000.0; -1802000000.0; 0.0; -1137000000.0
2018-03-31; 4642000000.0; 926000000.0; 1646000000.0; 2572000000.0; 1627000000.0; 2737000000.0; ; -1787000000.0; 2577000000.0; 6956000000.0; -868000000.0; ; ; ; -24242000000.0; -24242000000.0; -7014000000.0; -32124000000.0; 18369000000.0; -8358000000.0; 10011000000.0; -2378000000.0; -2475000000.0; -1095000000.0; 40922000000.0; 47363000000.0; 22188000000.0; ; -1095000000.0
2017-12-31; -18874000000.0; 942000000.0; 26847000000.0; 27789000000.0; -1722000000.0; -7015000000.0; 0.0; -4797000000.0; -13534000000.0; -5313000000.0; -774000000.0; 0.0; 0.0; 0.0; 20599000000.0; 20599000000.0; -15116000000.0; 4709000000.0; -539000000.0; 6303000000.0; 5764000000.0; -5470000000.0; -5470000000.0; -1158000000.0; -4219000000.0; -5083000000.0; -5593000000.0; 0.0; -1158000000.0
2017-09-30; 4132000000.0; 920000000.0; 1371000000.0; 2291000000.0; 2484000000.0; 2190000000.0; 0.0; 6342000000.0; 11016000000.0; 18152000000.0; -778000000.0; 0.0; 0.0; 0.0; -20603000000.0; -20603000000.0; -10121000000.0; -31502000000.0; 25607000000.0; -11329000000.0; 14278000000.0; -5436000000.0; -5436000000.0; -1135000000.0; 5294000000.0; 13001000000.0; 27000000.0; 0.0; -1135000000.0
2017-06-30; 3904000000.0; 901000000.0; 1412000000.0; 2313000000.0; -2464000000.0; -22075000000.0; 0.0; -719000000.0; -25258000000.0; -18561000000.0; -779000000.0; 0.0; 0.0; 0.0; 4574000000.0; 4574000000.0; -18878000000.0; -15083000000.0; 10235000000.0; 23351000000.0; 33586000000.0; -1777000000.0; -1777000000.0; -760000000.0; 8749000000.0; 39798000000.0; 6037000000.0; 0.0; -760000000.0
2017-03-31; 4100000000.0; 896000000.0; 1512000000.0; 2408000000.0; 1949000000.0; 4487000000.0; ; -12541000000.0; -6105000000.0; -3052000000.0; -653000000.0; ; ; ; 5762000000.0; 5762000000.0; -1984000000.0; 3125000000.0; 6127000000.0; -4574000000.0; 1553000000.0; -1858000000.0; -1858000000.0; -744000000.0; 20187000000.0; 19138000000.0; 19551000000.0; ; -744000000.0
2016-12-31; 3525000000.0; 1006000000.0; 2985000000.0; 3991000000.0; 2645000000.0; 17576000000.0; 0.0; -3513000000.0; 16708000000.0; 25399000000.0; -464000000.0; 0.0; 0.0; 20374000000.0; -10437000000.0; 9937000000.0; 8008000000.0; 17481000000.0; -5960000000.0; 1174000000.0; -4786000000.0; -4123000000.0; -4123000000.0; -770000000.0; -7974000000.0; -17653000000.0; 24878000000.0; 0.0; -770000000.0
2016-09-30; 3857000000.0; 938000000.0; 1505000000.0; 2443000000.0; 2172000000.0; 3754000000.0; 0.0; -2835000000.0; 3091000000.0; 7267000000.0; -638000000.0; 0.0; 0.0; -4578000000.0; -2549000000.0; -7127000000.0; -6338000000.0; -14103000000.0; 9344000000.0; -386000000.0; 8958000000.0; -2533000000.0; -2533000000.0; -689000000.0; 2399000000.0; 8135000000.0; 1279000000.0; 0.0; -689000000.0
2016-06-30; 4024000000.0; 868000000.0; 1305000000.0; 2173000000.0; -2110000000.0; 2144000000.0; 0.0; 8543000000.0; 8577000000.0; 21605000000.0; -515000000.0; 0.0; 0.0; 8056000000.0; -8525000000.0; -469000000.0; -19339000000.0; -20323000000.0; -13048000000.0; 9020000000.0; -4028000000.0; -1322000000.0; 172000000.0; -469000000.0; 3257000000.0; -1068000000.0; -100000000.0; 0.0; -469000000.0
2016-03-31; 3506000000.0; 908000000.0; 1740000000.0; 2648000000.0; 3896000000.0; -5157000000.0; ; -6549000000.0; -7810000000.0; -538000000.0; -472000000.0; ; ; -23852000000.0; -9321000000.0; -33173000000.0; -3545000000.0; -37190000000.0; 13335000000.0; -186000000.0; 13149000000.0; -1312000000.0; -308000000.0; -359000000.0; 26396000000.0; 38878000000.0; 1340000000.0; ; -359000000.0
2015-12-31; 3360000000.0; 874000000.0; 1906000000.0; 2780000000.0; -6393000000.0; 8521000000.0; 0.0; 154000000.0; 2282000000.0; -1627000000.0; -620000000.0; 0.0; 0.0; 25738000000.0; 9793000000.0; 35531000000.0; -3003000000.0; 31908000000.0; -32373000000.0; -1500000000.0; -33873000000.0; -1652000000.0; -156000000.0; -415000000.0; 3641000000.0; -30803000000.0; -826000000.0; 0.0; -415000000.0
2015-09-30; 4296000000.0; 865000000.0; 1531000000.0; 2396000000.0; 1055000000.0; 1937000000.0; 0.0; 11579000000.0; 14571000000.0; 23018000000.0; -858000000.0; 0.0; 0.0; -7339000000.0; -4753000000.0; -12092000000.0; 4537000000.0; -8413000000.0; -3917000000.0; -6902000000.0; -10819000000.0; -1950000000.0; -705000000.0; -324000000.0; -3796000000.0; -15644000000.0; -1687000000.0; 0.0; -324000000.0
2015-06-30; 4864000000.0; 882000000.0; 1351000000.0; 2233000000.0; 1012000000.0; 17643000000.0; 0.0; -9132000000.0; 9523000000.0; 16253000000.0; -538000000.0; 0.0; 0.0; 2896000000.0; -4907000000.0; -2011000000.0; -13658000000.0; -16207000000.0; 2980000000.0; -9924000000.0; -6944000000.0; -1553000000.0; 439000000.0; -355000000.0; 8386000000.0; 1526000000.0; 1533000000.0; 0.0; -355000000.0
2015-03-31; 4812000000.0; 885000000.0; 1504000000.0; 2389000000.0; -2881000000.0; -2795000000.0; ; -1490000000.0; -7166000000.0; 2093000000.0; -605000000.0; ; ; -5807000000.0; 3917000000.0; -1890000000.0; 10090000000.0; 7595000000.0; -1856000000.0; -18930000000.0; -20786000000.0; -297000000.0; 1197000000.0; -159000000.0; -104000000.0; -19852000000.0; -10228000000.0; ; -159000000.0
2014-12-31; 382000000.0; 1488000000.0; 4186000000.0; 5674000000.0; 845000000.0; -4200000000.0; 0.0; 4639000000.0; 1284000000.0; 10315000000.0; -749000000.0; 0.0; 0.0; 14979000000.0; -1424000000.0; 13555000000.0; 3897000000.0; 16703000000.0; -1484000000.0; -6503000000.0; -7987000000.0; -380000000.0; 1113000000.0; -190000000.0; -22721000000.0; -29785000000.0; -3868000000.0; 0.0; -190000000.0
2014-09-30; 2900000000.0; 934000000.0; 1489000000.0; 2423000000.0; -135000000.0; 13856000000.0; 0.0; -7057000000.0; 6664000000.0; 10065000000.0; -38000000.0; 0.0; 0.0; 10749000000.0; -7045000000.0; 3704000000.0; 11701000000.0; 15367000000.0; -5357000000.0; 5304000000.0; -53000000.0; -186000000.0; -186000000.0; -159000000.0; -23071000000.0; -23469000000.0; 708000000.0; 0.0; -159000000.0
2014-06-30; 231000000.0; 896000000.0; 1504000000.0; 2400000000.0; -2299000000.0; -13266000000.0; 0.0; 3874000000.0; -11691000000.0; -3635000000.0; -1210000000.0; 0.0; 0.0; 17203000000.0; 2770000000.0; 19973000000.0; -10855000000.0; 7908000000.0; -3360000000.0; 141000000.0; -3219000000.0; -302000000.0; 1437000000.0; -130000000.0; -544000000.0; -2456000000.0; 1888000000.0; 0.0; -130000000.0
2014-03-31; 3989000000.0; 843000000.0; 1784000000.0; 2627000000.0; 445000000.0; 23026000000.0; ; 555000000.0; 24026000000.0; 29598000000.0; -766000000.0; ; ; -2015000000.0; -8885000000.0; -10900000000.0; 270000000.0; -11396000000.0; -11960000000.0; -41000000.0; -12001000000.0; -364000000.0; 103000000.0; -154000000.0; -2508000000.0; -14560000000.0; 3495000000.0; ; -154000000.0
2013-12-31; 2492000000.0; 388000000.0; 4354000000.0; 4742000000.0; 1700000000.0; -7492000000.0; 0.0; -1899000000.0; -7691000000.0; 3935000000.0; -880000000.0; 0.0; 0.0; 3654000000.0; -4014000000.0; -360000000.0; -11531000000.0; -12771000000.0; -7914000000.0; 40000000.0; -7874000000.0; -218000000.0; 1199000000.0; -100000000.0; 12812000000.0; 6037000000.0; -2925000000.0; 0.0; -100000000.0
2013-09-30; 3278000000.0; 1430000000.0; 1588000000.0; 3018000000.0; 6004000000.0; 13874000000.0; 0.0; -8728000000.0; 11150000000.0; 14244000000.0; -714000000.0; 0.0; 0.0; -14631000000.0; 861000000.0; -13770000000.0; -8889000000.0; -23373000000.0; 253000000.0; -6621000000.0; -6368000000.0; -437000000.0; 513000000.0; -140000000.0; 17030000000.0; 11035000000.0; 1665000000.0; 0.0; -140000000.0
2013-06-30; 4218000000.0; 818000000.0; 1588000000.0; 2406000000.0; -684000000.0; 4547000000.0; 0.0; 1900000000.0; 5763000000.0; 20044000000.0; -586000000.0; 0.0; 0.0; -14801000000.0; -7330000000.0; -22131000000.0; -4211000000.0; -26928000000.0; -8727000000.0; 10614000000.0; 1887000000.0; -182000000.0; 974000000.0; -40000000.0; 4661000000.0; 7482000000.0; -5000000.0; 0.0; -40000000.0
2013-03-31; 3898000000.0; 807000000.0; 2063000000.0; 2870000000.0; -2699000000.0; 17285000000.0; ; 7385000000.0; 21971000000.0; 25021000000.0; -594000000.0; ; ; -41093000000.0; 9865000000.0; -31228000000.0; 3556000000.0; -28266000000.0; -925000000.0; -3834000000.0; -4759000000.0; ; 575000000.0; -34000000.0; 2758000000.0; -1460000000.0; -5303000000.0; ; -34000000.0
2012-12-31; 1224000000.0; 531000000.0; -1798000000.0; -1267000000.0; -3298000000.0; -20169000000.0; 0.0; -13962000000.0; -37429000000.0; -17926000000.0; -1516000000.0; 0.0; 0.0; 67894000000.0; -2357000000.0; 65537000000.0; -15623000000.0; 48398000000.0; -18942000000.0; 2863000000.0; -16079000000.0; -1000000.0; 2249000000.0; -39000000.0; -14084000000.0; -27953000000.0; 2651000000.0; 0.0; -39000000.0
2012-09-30; 493000000.0; 752000000.0; 5292000000.0; 6044000000.0; 222000000.0; -3783000000.0; 0.0; 2625000000.0; -936000000.0; 3431000000.0; 460000000.0; 0.0; 0.0; -14974000000.0; 11495000000.0; -3479000000.0; -1052000000.0; -4071000000.0; -20428000000.0; -9784000000.0; -30212000000.0; 0.0; 0.0; -33000000.0; 30333000000.0; 88000000.0; -125000000.0; 0.0; -33000000.0
2012-06-30; 2986000000.0; 774000000.0; 2383000000.0; 3157000000.0; -1891000000.0; -10334000000.0; 0.0; 9389000000.0; -2836000000.0; -5320000000.0; -778000000.0; 0.0; 0.0; 28895000000.0; -2876000000.0; 26019000000.0; -859000000.0; 24382000000.0; -22056000000.0; 2837000000.0; -19219000000.0; 0.0; 0.0; -37000000.0; 8292000000.0; -10964000000.0; 7422000000.0; 0.0; -37000000.0
2012-03-31; 3057000000.0; 738000000.0; 2049000000.0; 2787000000.0; 3861000000.0; -5442000000.0; ; 906000000.0; -675000000.0; 9453000000.0; -681000000.0; ; ; -28165000000.0; -2758000000.0; -30923000000.0; -6770000000.0; -38374000000.0; -15443000000.0; 1920000000.0; -13523000000.0; -4000000.0; -4000000.0; -34000000.0; 39889000000.0; 26328000000.0; -2196000000.0; ; -34000000.0
2011-12-31; 998000000.0; 778000000.0; 2729000000.0; 3507000000.0; 1427000000.0; 18834000000.0; 0.0; 14810000000.0; 35071000000.0; 33975000000.0; -741000000.0; 0.0; 0.0; 5077000000.0; -8877000000.0; -3800000000.0; -24127000000.0; -28668000000.0; -9058000000.0; -11195000000.0; -20253000000.0; 0.0; 0.0; -38000000.0; 17530000000.0; -2761000000.0; -249000000.0; 0.0; -38000000.0
2011-09-30; 3743000000.0; 807000000.0; 2500000000.0; 3307000000.0; 2149000000.0; -1744000000.0; 0.0; 12387000000.0; 12792000000.0; 25975000000.0; -599000000.0; 0.0; 0.0; -4680000000.0; 17515000000.0; 12835000000.0; -595000000.0; 11641000000.0; -16743000000.0; -7071000000.0; -23814000000.0; 1874000000.0; 1874000000.0; -27000000.0; -15034000000.0; -37001000000.0; 1184000000.0; 0.0; -27000000.0
2011-06-30; 3403000000.0; 775000000.0; 2623000000.0; 3398000000.0; -1926000000.0; -3278000000.0; 0.0; 1228000000.0; -3976000000.0; 3806000000.0; -519000000.0; 0.0; 0.0; 7422000000.0; 22645000000.0; 30067000000.0; -4301000000.0; 25247000000.0; -27049000000.0; -5733000000.0; -32782000000.0; 0.0; 0.0; -38000000.0; 444000000.0; -32376000000.0; -76000000.0; 0.0; -38000000.0
2011-03-31; 3071000000.0; 708000000.0; 3939000000.0; 4647000000.0; -629000000.0; 21454000000.0; ; -29224000000.0; -8399000000.0; 1039000000.0; -266000000.0; ; ; -1166000000.0; -23008000000.0; -24174000000.0; 7448000000.0; -16992000000.0; -5999000000.0; -1068000000.0; -7067000000.0; 1875000000.0; 1875000000.0; -4000000.0; 20688000000.0; 15492000000.0; -130000000.0; ; -4000000.0
2010-12-31; 1471000000.0; -665000000.0; 4401000000.0; 3736000000.0; 5814000000.0; 6875000000.0; 0.0; -10841000000.0; 1848000000.0; 11405000000.0; -595000000.0; 0.0; 0.0; -12366000000.0; 18684000000.0; 6318000000.0; 6963000000.0; 12686000000.0; -7466000000.0; -10068000000.0; -17534000000.0; -1000000.0; -1000000.0; -9000000.0; -5147000000.0; -22691000000.0; 1630000000.0; 0.0; -9000000.0
2010-09-30; 2227000000.0; 156000000.0; 5045000000.0; 5201000000.0; -1637000000.0; -16682000000.0; 0.0; -16843000000.0; -35162000000.0; -17320000000.0; 215000000.0; 0.0; 0.0; 10709000000.0; -25170000000.0; -14461000000.0; 4619000000.0; -9627000000.0; -6155000000.0; -3894000000.0; -10049000000.0; 1875000000.0; 1875000000.0; 0.0; 36082000000.0; 27908000000.0; 1633000000.0; 0.0; 0.0
2010-06-30; 2725000000.0; 658000000.0; 5904000000.0; 6562000000.0; -250000000.0; 24824000000.0; 0.0; -11373000000.0; 13201000000.0; 6183000000.0; 277000000.0; 0.0; 0.0; 2745000000.0; -9420000000.0; -6675000000.0; 32278000000.0; 25880000000.0; -19261000000.0; 658000000.0; -18603000000.0; -4000000.0; -4000000.0; 0.0; -14561000000.0; -33168000000.0; -969000000.0; 0.0; 0.0
2010-03-31; 4460000000.0; 2719000000.0; 7550000000.0; 10269000000.0; -1444000000.0; -7874000000.0; ; 35132000000.0; 25814000000.0; 35418000000.0; 359000000.0; ; ; 3889000000.0; -16638000000.0; -12749000000.0; 26788000000.0; 14398000000.0; -9351000000.0; -33885000000.0; -43236000000.0; 1874000000.0; 1874000000.0; ; -8115000000.0; -49477000000.0; 206000000.0; ; 0.0
2009-12-31; -7484000000.0; 1592000000.0; -423000000.0; 1169000000.0; -106000000.0; 4564000000.0; 0.0; -44119000000.0; -39661000000.0; -41088000000.0; -692000000.0; 0.0; 0.0; 50316000000.0; -52099000000.0; -1783000000.0; 34935000000.0; 32460000000.0; -20269000000.0; 4148000000.0; -16121000000.0; 20298000000.0; 20298000000.0; -2000000.0; 3296000000.0; 7471000000.0; -1010000000.0; 0.0; -2000000.0
2009-09-30; 151000000.0; 400000000.0; 8712000000.0; 9112000000.0; -785000000.0; -4618000000.0; 0.0; -7186000000.0; -12589000000.0; 6905000000.0; 501000000.0; 0.0; 0.0; -35108000000.0; 5377000000.0; -29731000000.0; 17481000000.0; -11749000000.0; 13061000000.0; -35646000000.0; -22585000000.0; -1000000.0; -1000000.0; -696000000.0; 27858000000.0; 4576000000.0; -433000000.0; 0.0; -696000000.0
2009-06-30; 4245000000.0; 810000000.0; 12009000000.0; 12819000000.0; 69000000.0; -5225000000.0; 0.0; -11266000000.0; -16422000000.0; -12046000000.0; 3480000000.0; 0.0; 0.0; -23517000000.0; -17950000000.0; -41467000000.0; 11970000000.0; -26017000000.0; 2210000000.0; -10195000000.0; -7985000000.0; -1000000.0; -1000000.0; -1465000000.0; 42021000000.0; 32570000000.0; -4148000000.0; 0.0; -1465000000.0
2009-03-31; 1577000000.0; 24000000.0; 9351000000.0; 9375000000.0; -889000000.0; 5761000000.0; ; -26977000000.0; -22105000000.0; -8381000000.0; 750000000.0; ; ; 10828000000.0; 2566000000.0; 13394000000.0; 28330000000.0; 42474000000.0; -8657000000.0; -10302000000.0; -18959000000.0; -1000000.0; -1000000.0; -1074000000.0; -11577000000.0; -31611000000.0; 1810000000.0; ; -1074000000.0
