Date; Revenue; Cost Of Goods Sold; Gross Profit; Research And Development Expenses; SG&A Expenses; Other Operating Income Or Expenses; Operating Expenses; Operating Income; Total Non-Operating Income/Expense; Pre-Tax Income; Income Taxes; Income After Taxes; Other Income; Income From Continuous Operations; Income From Discontinued Operations; Net Income; EBITDA; EBIT; Basic Shares Outstanding; Shares Outstanding; Basic EPS; EPS - Earnings Per Share
2022-09-30; 61174.15; 59188.59; 1985.56; 0.0; 1177.42; 0.0; 1531.06; 454.5; -72.18; 382.34; 83.66; 298.68; 0.0; 298.68; 0.0; 294.74; 633.72; 454.5; 208.47; 211.21; 1.43; 1.4
2022-06-30; 60064.6; 58049.23; 2015.37; 0.0; 1280.02; 0.0; 1528.07; 487.3; -10.97; 476.32; 113.12; 363.2; 0.0; 363.2; 0.0; 406.96; 738.76; 487.3; 208.88; 211.74; 1.95; 1.92
2022-03-31; 57719.45; 55484.37; 2235.08; 0.0; 1279.63; 0.0; 1454.92; 780.16; -51.97; 728.19; 172.94; 555.25; 0.0; 555.25; 0.0; 548.01; 959.79; 780.16; 209.24; 211.99; 2.62; 2.59
2021-12-31; 59628.81; 57568.45; 2060.36; 0.0; 1235.08; -4.95; 1415.95; 644.41; -48.2; 596.21; 146.79; 449.42; 0.0; 449.42; 0.0; 449.11; 824.81; 644.41; 208.56; 211.17; 2.15; 2.13
2021-09-30; 58912.43; 56843.01; 2069.42; 0.0; 1112.81; 0.0; 1507.51; 561.91; -7.96; 553.94; 117.49; 436.45; 0.0; 436.45; 0.0; 437.7; 767.91; 561.9; 205.92; 208.47; 2.11; 2.08
2021-06-30; 53405.7; 51517.49; 1888.21; 0.0; 1140.38; 0.0; 1267.48; 620.73; -47.2; 573.53; 278.08; 295.45; 0.0; 295.45; 0.0; 292.12; 751.85; 620.73; 206.16; 208.91; 1.42; 1.4
2021-03-31; 49154.17; 47620.79; 1533.38; 0.0; 808.24; 0.0; 909.03; 624.35; -57.84; 566.51; 132.51; 434.0; 0.0; 434.0; 0.0; 435.27; 729.43; 624.35; 204.92; 207.31; 2.12; 2.1
2020-12-31; 52516.55; 51064.32; 1452.23; 0.0; 805.45; 0.0; 905.01; 547.23; -19.35; 527.88; 149.18; 378.71; 0.0; 378.71; 0.0; 374.85; 651.51; 547.23; 204.68; 206.8; 1.83; 1.81
2020-09-30; 49244.76; 47897.93; 1346.83; 0.0; 7277.69; 0.0; 7459.98; -6113.16; -30.32; -6143.46; -1298.95; -4844.51; 0.0; -4844.51; 0.0; -4846.07; -5652.44; -6113.16; 204.78; 204.78; -23.66; -23.6
2020-06-30; 45366.78; 44141.06; 1225.71; 0.0; 725.47; 0.0; 820.89; 404.83; -61.0; 343.83; 56.57; 287.27; 0.0; 287.27; 0.0; 289.44; 503.62; 404.83; 203.65; 205.54; 1.42; 1.41
2020-03-31; 47417.64; 46029.53; 1388.11; 0.0; 761.14; -223.65; 1078.6; 309.52; -33.31; 276.2; -694.91; 971.11; 0.0; 971.11; 0.0; 960.28; 410.34; 309.52; 205.37; 207.06; 4.68; 4.64
2019-12-31; 47864.74; 46633.53; 1231.21; 0.0; 725.26; -138.0; 967.77; 263.44; -33.85; 229.59; 43.02; 186.57; 0.0; 186.57; 0.0; 187.64; 372.78; 263.44; 206.01; 207.52; 0.91; 0.9
2019-09-30; 45637.8; 44453.07; 1184.74; 0.0; 896.35; 0.0; 1004.89; 179.85; -35.19; 144.65; 12.34; 132.31; 0.0; 132.31; 0.0; 132.62; 293.23; 179.84; 210.16; 211.84; 0.64; 0.64
2019-06-30; 45239.27; 44008.03; 1231.24; 0.0; 716.95; 0.0; 824.54; 406.69; -35.58; 371.12; 69.11; 302.0; 0.0; 302.0; 0.0; 301.96; 518.99; 406.69; 209.71; 211.16; 1.44; 1.43
2019-03-31; 43319.6; 41894.85; 1424.75; 0.0; 683.42; -570.0; 1377.19; 47.56; -28.78; 18.78; -9.29; 28.07; 0.0; 28.07; 0.0; 27.14; 184.16; 47.56; 210.93; 212.56; 0.13; 0.13
2018-12-31; 45392.45; 44094.87; 1297.58; 0.0; 697.26; 0.0; 819.76; 477.82; -45.27; 432.56; 40.8; 391.75; 0.0; 391.75; 0.0; 393.65; 613.06; 477.82; 212.05; 213.97; 1.86; 1.84
2018-09-30; 43297.14; 42264.49; 1032.64; 0.0; 698.3; 0.0; 878.55; 154.1; -42.23; 111.87; -82.13; 194.0; 0.0; 194.0; 0.0; 233.29; 341.24; 154.1; 217.87; 220.34; 1.09; 1.09
2018-06-30; 43142.31; 41930.97; 1211.34; 0.0; 702.1; 0.0; 822.15; 389.19; -43.99; 345.2; 67.33; 277.88; 0.0; 277.88; 0.0; 275.81; 534.61; 389.19; 218.57; 220.76; 1.26; 1.25
2018-03-31; 41033.86; 39778.18; 1255.68; 0.0; 654.88; 0.0; 774.26; 481.42; -120.09; 361.33; 79.17; 282.16; 0.0; 282.16; 0.0; 287.45; 606.93; 481.42; 219.2; 222.3; 1.31; 1.29
2017-12-31; 40466.33; 39353.68; 1112.65; 0.0; 588.54; 0.0; 693.68; 418.97; -59.95; 359.02; -502.83; 861.85; 0.0; 861.85; 0.0; 861.85; 530.7; 418.97; 218.32; 220.82; 3.95; 3.9
2017-09-30; 39120.02; 37948.0; 1172.02; 0.0; 1202.69; 0.0; 1307.04; -135.02; -36.54; -171.54; 173.05; -344.59; 0.0; -344.59; 0.0; -344.59; -22.95; -135.02; 218.38; 221.6; -1.58; -1.56
2017-06-30; 38707.14; 37627.27; 1079.88; 0.0; 809.98; 0.0; 909.5; 170.38; -37.0; 133.38; 83.02; 50.35; 0.0; 50.35; 0.0; 50.35; 278.26; 170.38; 218.68; 221.87; 0.23; 0.23
2017-03-31; 37147.4; 35890.98; 1256.43; 0.0; 533.78; 0.0; 631.44; 624.98; -32.07; 592.91; 181.44; 411.47; 0.0; 411.47; 0.0; 411.47; 731.11; 624.98; 217.65; 221.22; 1.89; 1.86
2016-12-31; 38169.27; 37131.59; 1037.68; 0.0; 541.61; 0.0; 637.69; 399.99; -36.85; 363.14; 115.89; 247.25; 0.0; 247.25; 0.0; 247.25; 506.24; 399.99; 218.66; 221.98; 1.13; 1.11
2016-09-30; 37560.61; 36436.07; 1124.54; 0.0; 544.45; -260.62; 899.73; 224.81; -33.23; 191.57; 45.89; 145.69; 0.0; 145.69; 0.0; 145.68; 328.26; 224.81; 212.21; 225.96; 0.61; 0.64
2016-06-30; 36881.68; 35773.82; 1107.86; 0.0; 568.67; 83.7; 579.23; 528.62; -32.99; 495.63; 146.48; 349.15; 0.0; 349.15; 0.0; 349.15; 629.11; 528.62; 215.69; 224.8; 1.62; 1.55
2016-03-31; 35698.36; 34623.03; 1075.33; 0.0; 537.08; 503.95; 124.85; 950.48; -35.21; 915.27; 311.82; 603.45; 0.0; 603.45; 0.0; 603.45; 1049.54; 950.48; 207.86; 225.45; 2.9; 2.68
2015-12-31; 36709.05; 35744.17; 964.88; 0.0; 543.95; -467.38; 1143.01; -178.13; -33.43; -211.57; -541.21; 329.64; 0.0; 329.64; 0.0; 329.64; -88.96; -178.13; 206.18; 226.72; 1.6; 1.45
2015-09-30; 35470.38; 34496.8; 973.58; 0.0; 553.06; 196.49; 431.27; 542.3; -71.99; 470.31; 109.3; 361.01; 0.0; 361.01; 0.0; 361.01; 620.48; 542.3; 217.79; 217.79; 1.63; 1.72
2015-06-30; 34233.55; 33342.09; 891.46; 0.0; 505.37; 14.9; 558.9; 332.56; -28.26; 304.31; 90.14; 214.16; 0.0; 214.16; 0.0; 214.16; 402.55; 332.56; 219.36; 240.24; 0.98; 0.89
2015-03-31; 32669.27; 31757.29; 911.98; 0.0; 467.31; -752.71; 1276.23; -364.25; -34.35; -398.6; 114.79; -513.39; 0.0; -513.39; 0.0; -513.39; -307.59; -364.25; 220.24; 220.24; -2.33; -2.33
2014-12-31; 33588.6; 32836.3; 752.3; 0.0; 419.99; -371.4; 840.7; -88.4; -18.66; -107.05; 92.89; -199.95; 0.0; -199.95; 0.0; -199.95; -37.23; -88.4; 219.46; 219.46; -0.91; -0.91
2014-09-30; 31588.71; 30716.16; 872.54; 0.0; 453.43; -155.74; 662.12; 210.43; -25.76; 184.71; 119.17; 65.55; 0.0; 65.55; 0.0; 65.55; 265.82; 210.43; 227.37; 235.41; 0.31; 0.29
2014-06-30; 30348.15; 29656.15; 692.0; 0.0; 388.75; -145.04; 581.13; 110.88; -52.55; 58.33; 71.11; -12.78; 0.0; -12.78; 0.0; -12.78; 160.14; 110.88; 225.73; 225.73; -0.06; -0.06
2014-03-31; 28455.9; 27726.31; 729.59; 0.0; 378.31; -5.66; 428.47; 301.13; -15.69; 285.44; 105.36; 180.08; 0.0; 180.08; 0.0; 180.08; 347.37; 301.13; 229.41; 236.27; 0.78; 0.76
2013-12-31; 29176.36; 28488.14; 688.22; 0.0; 368.36; -116.3; 528.6; 159.62; -18.23; 141.38; 92.45; 48.93; 0.0; 48.93; -7.55; 41.38; 205.33; 159.62; 230.28; 237.01; 0.18; 0.17
2013-09-30; 24469.04; 23901.49; 567.54; 0.0; 360.39; -50.48; 453.37; 114.18; -17.46; 96.72; 46.16; 50.56; 0.0; 50.56; 0.46; 51.02; 158.33; 114.18; 231.07; 235.34; 0.22; 0.23
2013-06-30; 21906.65; 21344.2; 562.45; 0.0; 350.85; -35.81; 427.8; 134.65; -18.71; 115.93; 51.82; 64.11; 0.0; 64.11; 104.33; 168.44; 177.64; 134.65; 231.0; 235.67; 0.73; 0.71
2013-03-31; 20523.67; 19806.68; 716.99; 0.0; 323.24; -3.76; 366.86; 350.12; -19.26; 330.86; 126.72; 204.14; 0.0; 204.14; -158.51; 45.63; 392.21; 350.12; 230.42; 234.59; 0.2; 0.19
2012-12-31; 21059.81; 20398.98; 660.83; 0.0; 322.7; 0.0; 361.39; 299.44; -18.5; 280.94; 106.32; 174.62; 0.0; 174.62; -6.01; 168.61; 341.0; 299.44; 232.36; 235.99; 0.73; 0.71
2012-09-30; 18733.71; 18030.54; 703.17; 0.0; 344.85; 0.0; 382.41; 320.76; -21.94; 298.81; 106.73; 192.08; 0.0; 192.08; -28.59; 163.49; 360.67; 320.75; 252.91; 256.9; 0.67; 0.66
2012-06-30; 19326.81; 18658.94; 667.87; 0.0; 307.95; 0.0; 343.48; 324.38; -18.99; 305.4; 115.22; 190.18; 0.0; 190.18; -8.91; 181.27; 361.38; 324.38; 252.12; 255.72; 0.72; 0.71
2012-03-31; 19708.37; 19028.63; 679.74; 0.0; 271.45; 0.0; 302.68; 377.06; -23.24; 353.82; 134.67; 219.14; 0.0; 219.14; -7.04; 212.1; 408.78; 377.06; 258.16; 262.36; 0.82; 0.81
2011-12-31; 20311.92; 19728.01; 583.92; 0.0; 272.45; 0.0; 302.49; 281.42; -22.57; 258.84; 98.89; 159.96; 0.0; 159.96; 2.16; 162.12; 313.3; 281.42; 258.46; 263.08; 0.63; 0.62
2011-09-30; 18885.77; 18347.94; 537.83; 0.0; 278.62; 0.0; 307.47; 230.35; -16.47; 213.87; 75.68; 138.19; 0.0; 138.19; 0.0; 147.32; 245.06; 230.35; 272.47; 277.72; 0.56; 0.54
2011-06-30; 20161.02; 19507.44; 653.58; 0.0; 308.81; 0.0; 336.42; 317.16; -18.67; 298.49; 114.07; 184.42; 0.0; 184.42; 0.0; 184.42; 349.17; 317.16; 273.49; 279.01; 0.67; 0.66
2011-03-31; 19760.26; 19072.92; 687.34; 0.0; 296.13; 0.0; 322.09; 365.25; -18.91; 346.33; 131.95; 214.38; 0.0; 214.38; 0.0; 214.38; 395.64; 365.25; 274.32; 279.77; 0.78; 0.77
2010-12-31; 19888.61; 19308.38; 580.23; 0.0; 278.03; 0.0; 303.46; 276.77; -17.48; 259.29; 98.79; 160.5; 0.0; 160.5; 0.0; 160.5; 306.62; 276.77; 275.61; 280.69; 0.58; 0.57
2010-09-30; 19537.86; 18976.61; 561.25; 0.0; 297.33; -7.68; 324.78; 236.47; -20.29; 216.18; 81.9; 134.28; 0.0; 134.28; 0.0; 141.23; 249.58; 236.46; 282.26; 287.25; 0.51; 0.5
2010-06-30; 19602.12; 19013.75; 588.37; 0.0; 289.29; 4.4; 306.52; 281.85; -18.39; 263.46; 100.26; 163.21; 0.0; 163.21; 0.0; 163.21; 307.86; 281.85; 281.19; 286.69; 0.58; 0.57
2010-03-31; 19300.63; 18688.56; 612.07; 0.0; 279.49; 0.04; 300.84; 311.23; -19.55; 291.68; 110.67; 181.01; 0.0; 181.01; 0.0; 181.01; 336.42; 311.23; 281.93; 287.16; 0.64; 0.63
2009-12-31; 19335.86; 18772.49; 563.37; 0.0; 280.24; 0.05; 300.98; 262.38; -17.54; 244.84; 93.53; 151.31; 0.0; 151.31; 0.0; 151.31; 287.59; 262.38; 286.95; 291.29; 0.53; 0.52
2009-09-30; 18716.07; 18177.53; 538.54; 0.0; 296.98; -6.27; 313.92; 224.62; -15.2; 209.41; 79.27; 130.15; 0.0; 130.15; 0.0; 130.15; 249.54; 224.61; 300.57; 302.75; 0.44; 0.43
2009-06-30; 18393.9; 17874.68; 519.22; 0.0; 277.43; -0.21; 306.23; 212.99; -14.84; 198.15; 73.02; 125.13; 0.0; 125.13; -6.33; 118.81; 236.54; 212.99; 298.48; 300.59; 0.4; 0.4
2009-03-31; 17311.65; 16759.18; 552.47; 0.0; 279.21; -4.26; 304.2; 248.27; -15.03; 233.24; 89.2; 144.04; 0.0; 144.04; -0.66; 143.39; 271.45; 248.27; 302.45; 304.58; 0.47; 0.47
