Date; Revenue; Cost Of Goods Sold; Gross Profit; Research And Development Expenses; SG&A Expenses; Other Operating Income Or Expenses; Operating Expenses; Operating Income; Total Non-Operating Income/Expense; Pre-Tax Income; Income Taxes; Income After Taxes; Other Income; Income From Continuous Operations; Income From Discontinued Operations; Net Income; EBITDA; EBIT; Basic Shares Outstanding; Shares Outstanding; Basic EPS; EPS - Earnings Per Share
2022-09-30; 2306.0; 738.0; 1568.0; 0.0; 619.0; 0.0; 969.0; 599.0; -68.0; 531.0; 78.0; 453.0; 0.0; 453.0; 0.0; 452.0; 973.0; 599.0; 258.4; 259.5; 1.75; 1.74
2022-06-30; 1726.0; 481.0; 1245.0; 0.0; 620.0; 0.0; 936.0; 309.0; -64.0; 245.0; 36.0; 209.0; 0.0; 209.0; 0.0; 207.0; 664.0; 309.0; 258.2; 259.4; 0.8; 0.8
2022-03-31; 1879.0; 646.0; 1233.0; 0.0; 603.0; 0.0; 902.0; 331.0; -44.0; 287.0; 34.0; 253.0; 0.0; 253.0; 0.0; 252.0; 681.0; 331.0; 257.9; 259.0; 0.98; 0.97
2021-12-31; 1545.0; 453.0; 1092.0; 0.0; 605.0; 0.0; 895.0; 197.0; -42.0; 155.0; 29.0; 126.0; 0.0; 126.0; 0.0; 125.0; 540.0; 197.0; 256.3; 257.6; 0.47; 0.48
2021-09-30; 1811.0; 388.0; 1423.0; 0.0; 599.0; 0.0; 889.0; 534.0; -38.0; 496.0; 70.0; 426.0; 0.0; 426.0; 0.0; 425.0; 864.0; 534.0; 257.3; 258.6; 1.66; 1.65
2021-06-30; 1472.0; 367.0; 1105.0; 0.0; 534.0; 0.0; 819.0; 286.0; -47.0; 239.0; 31.0; 208.0; 0.0; 208.0; 0.0; 207.0; 613.0; 286.0; 256.1; 257.2; 0.81; 0.8
2021-03-31; 1566.0; 421.0; 1145.0; 0.0; 548.0; 0.0; 829.0; 316.0; -54.0; 262.0; 27.0; 235.0; 0.0; 235.0; 0.0; 233.0; 616.0; 316.0; 254.4; 255.9; 0.92; 0.91
2020-12-31; 1328.0; 309.0; 1019.0; 0.0; 532.0; 0.0; 808.0; 211.0; -74.0; 137.0; 21.0; 116.0; 0.0; 116.0; 0.0; 115.0; 500.0; 211.0; 247.0; 248.7; 0.47; 0.46
2020-09-30; 1628.0; 315.0; 1313.0; 0.0; 546.0; 0.0; 819.0; 494.0; -62.0; 432.0; 63.0; 369.0; 0.0; 369.0; 0.0; 367.0; 792.0; 494.0; 247.1; 249.2; 1.48; 1.47
2020-06-30; 1398.0; 270.0; 1128.0; 0.0; 503.0; 0.0; 774.0; 354.0; -60.0; 294.0; 50.0; 244.0; 0.0; 244.0; 0.0; 243.0; 651.0; 354.0; 246.9; 247.9; 0.99; 0.98
2020-03-31; 1440.0; 381.0; 1059.0; 0.0; 563.0; 0.0; 818.0; 241.0; -72.0; 169.0; 21.0; 148.0; 0.0; 148.0; 0.0; 146.0; 532.0; 241.0; 246.4; 248.1; 0.59; 0.59
2019-12-31; 1316.0; 337.0; 979.0; 0.0; 550.0; 0.0; 800.0; 179.0; -60.0; 119.0; 24.0; 95.0; 0.0; 95.0; 0.0; 94.0; 464.0; 179.0; 245.6; 247.1; 0.38; 0.38
2019-09-30; 1659.0; 326.0; 1333.0; 0.0; 565.0; 0.0; 813.0; 520.0; -62.0; 458.0; 92.0; 366.0; 0.0; 366.0; 0.0; 364.0; 799.0; 520.0; 245.9; 247.5; 1.48; 1.47
2019-06-30; 1379.0; 282.0; 1097.0; 0.0; 568.0; 0.0; 817.0; 280.0; -61.0; 219.0; 39.0; 180.0; 0.0; 180.0; 0.0; 179.0; 543.0; 280.0; 245.6; 247.2; 0.73; 0.72
2019-03-31; 1556.0; 477.0; 1079.0; 0.0; 543.0; 0.0; 791.0; 288.0; -68.0; 220.0; 27.0; 193.0; 0.0; 193.0; 0.0; 191.0; 561.0; 288.0; 244.9; 246.4; 0.78; 0.78
2018-12-31; 1419.0; 429.0; 990.0; 0.0; 582.0; 0.0; 824.0; 166.0; -81.0; 85.0; 16.0; 69.0; 0.0; 69.0; 0.0; 68.0; 433.0; 166.0; 243.8; 245.8; 0.28; 0.28
2018-09-30; 1724.0; 394.0; 1330.0; 0.0; 556.0; 0.0; 797.0; 533.0; -69.0; 464.0; 105.0; 359.0; 0.0; 359.0; 0.0; 357.0; 797.0; 533.0; 244.1; 246.3; 1.46; 1.45
2018-06-30; 1563.0; 379.0; 1184.0; 0.0; 561.0; 0.0; 799.0; 385.0; -71.0; 314.0; 74.0; 240.0; 0.0; 240.0; 0.0; 239.0; 648.0; 385.0; 243.7; 245.8; 0.98; 0.97
2018-03-31; 1585.0; 522.0; 1063.0; 0.0; 556.0; 0.0; 790.0; 273.0; -78.0; 195.0; 42.0; 153.0; 0.0; 153.0; 0.0; 151.0; 532.0; 273.0; 242.9; 244.4; 0.62; 0.62
2017-12-31; 1399.0; 403.0; 996.0; 0.0; 556.0; 0.0; 784.0; 212.0; -71.0; 141.0; 200.0; -59.0; 0.0; -59.0; 0.0; -60.0; 446.0; 212.0; 242.6; 244.2; -0.24; -0.25
2017-09-30; 1723.0; 387.0; 1336.0; 0.0; 542.0; 0.0; 767.0; 569.0; -74.0; 495.0; 205.0; 290.0; 0.0; 290.0; 0.0; 288.0; 817.0; 569.0; 242.6; 244.7; 1.19; 1.18
2017-06-30; 1537.0; 380.0; 1157.0; 0.0; 548.0; 0.0; 770.0; 387.0; -79.0; 308.0; 114.0; 194.0; 0.0; 194.0; 0.0; 193.0; 632.0; 387.0; 242.6; 243.5; 0.79; 0.79
2017-03-31; 1515.0; 516.0; 999.0; 0.0; 536.0; 0.0; 757.0; 242.0; -81.0; 161.0; 57.0; 104.0; 0.0; 104.0; 0.0; 102.0; 489.0; 242.0; 242.6; 242.6; 0.42; 0.42
2016-12-31; 1356.0; 457.0; 899.0; 0.0; 596.0; 0.0; 813.0; 86.0; -27.0; 59.0; 26.0; 33.0; 0.0; 33.0; 0.0; 32.0; 326.0; 86.0; 242.6; 243.4; 0.13; 0.12
2016-09-30; 1859.0; 417.0; 1442.0; 0.0; 540.0; 0.0; 751.0; 691.0; -87.0; 604.0; 233.0; 371.0; 0.0; 371.0; 0.0; 369.0; 928.0; 691.0; 242.6; 242.9; 1.52; 1.52
2016-06-30; 1427.0; 342.0; 1085.0; 0.0; 550.0; 0.0; 760.0; 325.0; -85.0; 240.0; 92.0; 148.0; 0.0; 148.0; 0.0; 147.0; 553.0; 325.0; 242.6; 242.6; 0.61; 0.61
2016-03-31; 1434.0; 493.0; 941.0; 0.0; 514.0; 0.0; 721.0; 220.0; -82.0; 138.0; 31.0; 107.0; 0.0; 107.0; 0.0; 105.0; 460.0; 220.0; 242.6; 242.6; 0.43; 0.43
2015-12-31; 1308.0; 424.0; 884.0; 0.0; 542.0; 0.0; 744.0; 140.0; -79.0; 61.0; 30.0; 31.0; 0.0; 31.0; -1.0; 29.0; 367.0; 140.0; 242.6; 243.6; 0.12; 0.12
2015-09-30; 1833.0; 450.0; 1383.0; 0.0; 556.0; 0.0; 757.0; 626.0; -73.0; 553.0; 208.0; 345.0; 0.0; 345.0; 0.0; 343.0; 850.0; 626.0; 242.6; 243.9; 1.42; 1.41
2015-06-30; 1401.0; 352.0; 1049.0; 0.0; 543.0; -69.0; 812.0; 237.0; -79.0; 158.0; 59.0; 99.0; 0.0; 99.0; 52.0; 150.0; 459.0; 237.0; 242.6; 242.6; 0.61; 0.61
2015-03-31; 1556.0; 581.0; 975.0; 0.0; 526.0; 0.0; 719.0; 256.0; -80.0; 176.0; 66.0; 110.0; 0.0; 110.0; 0.0; 108.0; 479.0; 256.0; 242.6; 242.6; 0.45; 0.45
2014-12-31; 1370.0; 492.0; 878.0; 0.0; 559.0; 0.0; 753.0; 125.0; -58.0; 67.0; 20.0; 47.0; 0.0; 47.0; 2.0; 48.0; 326.0; 125.0; 242.6; 244.4; 0.2; 0.19
2014-09-30; 1670.0; 399.0; 1271.0; 0.0; 523.0; 0.0; 710.0; 561.0; -71.0; 490.0; 194.0; 296.0; 0.0; 296.0; -1.0; 293.0; 766.0; 561.0; 242.6; 244.3; 1.21; 1.2
2014-06-30; 1419.0; 389.0; 1030.0; 0.0; 525.0; 0.0; 708.0; 322.0; -72.0; 250.0; 99.0; 151.0; 0.0; 151.0; -1.0; 149.0; 524.0; 322.0; 242.6; 242.6; 0.61; 0.61
2014-03-31; 1594.0; 622.0; 972.0; 0.0; 545.0; 0.0; 726.0; 246.0; -83.0; 163.0; 64.0; 99.0; 0.0; 99.0; -1.0; 96.0; 451.0; 246.0; 242.6; 242.6; 0.4; 0.4
2013-12-31; 1322.0; 487.0; 835.0; 0.0; 486.0; 0.0; 664.0; 171.0; -99.0; 72.0; 23.0; 49.0; 0.0; 49.0; -11.0; 37.0; 368.0; 171.0; 242.6; 244.5; 0.15; 0.15
2013-09-30; 1638.0; 392.0; 1246.0; 0.0; 504.0; 0.0; 679.0; 567.0; -73.0; 494.0; 187.0; 307.0; 0.0; 307.0; -3.0; 302.0; 756.0; 567.0; 242.6; 245.1; 1.25; 1.24
2013-06-30; 1403.0; 406.0; 997.0; 0.0; 558.0; 0.0; 736.0; 261.0; -89.0; 172.0; 66.0; 106.0; 0.0; 106.0; -10.0; 95.0; 444.0; 261.0; 242.6; 242.6; 0.39; 0.39
2013-03-31; 1475.0; 594.0; 881.0; 0.0; 521.0; 0.0; 696.0; 185.0; -94.0; 91.0; 35.0; 56.0; 0.0; 56.0; -199.0; -145.0; 377.0; 185.0; 242.6; 242.6; -0.6; -0.6
2012-12-31; 1258.0; 482.0; 776.0; 0.0; 491.0; 0.0; 668.0; 108.0; -89.0; 19.0; 9.0; 10.0; 0.0; 10.0; -1165.0; -1156.0; 302.0; 108.0; 242.6; 243.0; -4.76; -4.76
2012-09-30; 1709.0; 494.0; 1215.0; 0.0; 476.0; 0.0; 637.0; 578.0; -88.0; 490.0; 179.0; 311.0; 0.0; 311.0; 63.0; 374.0; 757.0; 578.0; 242.6; 242.9; 1.54; 1.54
2012-06-30; 1402.0; 385.0; 1017.0; 0.0; 505.0; 0.0; 673.0; 344.0; -86.0; 258.0; 96.0; 162.0; 0.0; 162.0; 48.0; 211.0; 526.0; 344.0; 242.6; 242.6; 0.87; 0.87
2012-03-31; 1412.0; 605.0; 807.0; 0.0; 482.0; 0.0; 649.0; 158.0; -96.0; 62.0; 23.0; 39.0; 0.0; 39.0; -442.0; -403.0; 339.0; 158.0; 242.6; 242.6; -1.66; -1.66
2011-12-31; 195.0; -38.0; 233.0; 0.0; 272.0; 37.0; 293.0; -60.0; -42.0; -102.0; -39.0; -63.0; 0.0; -63.0; 0.0; 25.0; -7.0; -60.0; 241.5; 242.1; 0.11; 0.11
2011-09-30; 2268.0; 845.0; 1423.0; 0.0; 553.0; -124.0; 873.0; 550.0; -100.0; 450.0; 163.0; 287.0; 0.0; 287.0; 0.0; 285.0; 757.0; 550.0; 241.7; 241.7; 1.18; 1.18
2011-06-30; 1781.0; 687.0; 1094.0; 0.0; 582.0; -2.0; 778.0; 316.0; -92.0; 224.0; 85.0; 139.0; 0.0; 139.0; 0.0; 138.0; 526.0; 316.0; 241.2; 241.2; 0.57; 0.57
2011-03-31; 1904.0; 894.0; 1010.0; 0.0; 588.0; 0.0; 783.0; 227.0; -108.0; 119.0; 45.0; 74.0; 0.0; 74.0; 0.0; 71.0; 436.0; 227.0; 240.6; 240.6; 0.29; 0.29
2010-12-31; 1706.0; 743.0; 963.0; 0.0; 571.0; 0.0; 765.0; 198.0; -114.0; 84.0; 30.0; 54.0; 0.0; 54.0; 0.0; 52.0; 378.0; 198.0; 238.8; 238.8; 0.21; 0.21
2010-09-30; 2267.0; 821.0; 1446.0; 0.0; 574.0; 0.0; 1357.0; 89.0; -116.0; -27.0; 137.0; -164.0; 0.0; -164.0; 0.0; -167.0; 314.0; 89.0; 239.3; 239.3; -0.7; -0.7
2010-06-30; 1725.0; 637.0; 1088.0; 0.0; 567.0; 0.0; 757.0; 331.0; -93.0; 238.0; 83.0; 155.0; 0.0; 155.0; 0.0; 152.0; 537.0; 331.0; 238.4; 238.4; 0.64; 0.64
2010-03-31; 1940.0; 897.0; 1043.0; 0.0; 558.0; 0.0; 745.0; 298.0; -117.0; 181.0; 75.0; 106.0; 0.0; 106.0; 0.0; 102.0; 510.0; 298.0; 237.6; 237.6; 0.43; 0.43
2009-12-31; 1720.0; 701.0; 1019.0; 0.0; 583.0; 0.0; 774.0; 245.0; -119.0; 126.0; 44.0; 82.0; 0.0; 82.0; 0.0; 79.0; 418.0; 245.0; 220.4; 220.4; 0.31; 0.31
2009-09-30; 1815.0; 619.0; 1196.0; 0.0; 526.0; 0.0; 711.0; 485.0; -121.0; 364.0; 135.0; 229.0; 0.0; 229.0; 0.0; 227.0; 702.0; 485.0; 218.2; 218.2; 1.04; 1.04
2009-06-30; 1684.0; 589.0; 1095.0; 0.0; 548.0; 0.0; 730.0; 365.0; -114.0; 251.0; 83.0; 168.0; 0.0; 168.0; 0.0; 165.0; 569.0; 365.0; 213.6; 213.6; 0.77; 0.77
2009-03-31; 1916.0; 890.0; 1026.0; 0.0; 531.0; 0.0; 705.0; 321.0; -106.0; 215.0; 70.0; 145.0; 0.0; 145.0; 0.0; 141.0; 513.0; 321.0; 212.7; 212.7; 0.66; 0.66
