Date; Revenue; Cost Of Goods Sold; Gross Profit; Research And Development Expenses; SG&A Expenses; Other Operating Income Or Expenses; Operating Expenses; Operating Income; Total Non-Operating Income/Expense; Pre-Tax Income; Income Taxes; Income After Taxes; Other Income; Income From Continuous Operations; Income From Discontinued Operations; Net Income; EBITDA; EBIT; Basic Shares Outstanding; Shares Outstanding; Basic EPS; EPS - Earnings Per Share
2022-11-30; 3839.0; 3667.0; 172.0; 0.0; 741.0; 0.0; 1309.0; -1137.0; -466.0; -1601.0; -3.0; -1598.0; 0.0; -1598.0; 0.0; -1598.0; 0.0; -1137.0; 1259.0; 1259.0; -1.27; -1.27
2022-08-31; 4305.0; 3379.0; 926.0; 0.0; 625.0; 0.0; 1206.0; -280.0; -479.0; -759.0; 11.0; -770.0; 0.0; -770.0; 0.0; -770.0; 345.0; -280.0; 1185.0; 1185.0; -0.65; -0.65
2022-05-31; 2401.0; 2682.0; -281.0; 0.0; 619.0; 0.0; 1191.0; -1472.0; -358.0; -1831.0; 3.0; -1834.0; 0.0; -1834.0; 0.0; -1834.0; -859.0; -1472.0; 1140.0; 1140.0; -1.61; -1.61
2022-02-28; 1623.0; 2032.0; -409.0; 0.0; 530.0; 0.0; 1084.0; -1493.0; -397.0; -1888.0; 3.0; -1891.0; 0.0; -1891.0; 0.0; -1891.0; -893.0; -1493.0; 1137.0; 1137.0; -1.66; -1.66
2021-11-30; 1286.0; 1231.0; 55.0; 0.0; 581.0; 0.0; 1950.0; -1895.0; -731.0; -2624.0; -4.0; -2620.0; 0.0; -2620.0; 0.0; -2620.0; -1302.0; -1895.0; 1123.0; 1123.0; -2.33; -2.33
2021-08-31; 546.0; 1616.0; -1070.0; 0.0; 425.0; 0.0; 987.0; -2057.0; -802.0; -2859.0; -23.0; -2836.0; 0.0; -2836.0; 0.0; -2836.0; -1447.0; -2057.0; 1133.0; 1133.0; -2.5; -2.5
2021-05-31; 50.0; 681.0; -631.0; 0.0; 417.0; 0.0; 984.0; -1615.0; -444.0; -2060.0; 12.0; -2072.0; 0.0; -2072.0; 0.0; -2072.0; -1007.0; -1615.0; 1132.0; 1132.0; -1.83; -1.83
2021-02-28; 26.0; 535.0; -509.0; 0.0; 462.0; 0.0; 1014.0; -1523.0; -455.0; -1979.0; -6.0; -1973.0; 0.0; -1973.0; 0.0; -1973.0; -929.0; -1523.0; 1095.0; 1095.0; -1.8; -1.8
2020-11-30; 35.0; 893.0; -858.0; 0.0; 443.0; 203.0; 784.0; -1642.0; -595.0; -2237.0; -15.0; -2222.0; 0.0; -2222.0; 0.0; -2223.0; -1058.0; -1642.0; 775.0; 775.0; -2.3; -2.3
2020-08-31; 31.0; 639.0; -608.0; 0.0; 265.0; -910.0; 1726.0; -2334.0; -528.0; -2861.0; -2.0; -2859.0; 0.0; -2859.0; 0.0; -2858.0; -1738.0; -2334.0; 775.0; 775.0; -3.69; -3.69
2020-05-31; 740.0; 1896.0; -1156.0; 0.0; 492.0; -589.0; 3022.0; -4178.0; -208.0; -4385.0; -11.0; -4374.0; 0.0; -4374.0; 0.0; -4374.0; -3574.0; -4178.0; 721.0; 721.0; -6.07; -6.07
2020-02-29; 4789.0; 2850.0; 1939.0; 0.0; 678.0; -671.0; 2650.0; -711.0; -57.0; -770.0; 11.0; -781.0; 0.0; -781.0; 0.0; -781.0; -135.0; -711.0; 684.0; 684.0; -1.14; -1.14
2019-11-30; 4781.0; 3073.0; 1708.0; 0.0; 667.0; -3.0; 1224.0; 484.0; -47.0; 436.0; 14.0; 422.0; 0.0; 422.0; 0.0; 423.0; 1059.0; 484.0; 690.0; 692.0; 0.63; 0.61
2019-08-31; 6533.0; 3509.0; 3024.0; 0.0; 563.0; -23.0; 1134.0; 1890.0; -63.0; 1827.0; 47.0; 1780.0; 0.0; 1780.0; 0.0; 1780.0; 2438.0; 1890.0; 689.0; 691.0; 2.58; 2.58
2019-05-31; 4838.0; 3159.0; 1679.0; 0.0; 621.0; 0.0; 1163.0; 516.0; -56.0; 459.0; 8.0; 451.0; 0.0; 451.0; 0.0; 451.0; 1059.0; 516.0; 691.0; 693.0; 0.65; 0.65
2019-02-28; 4673.0; 3141.0; 1532.0; 0.0; 629.0; 0.0; 1145.0; 387.0; -49.0; 338.0; 2.0; 336.0; 0.0; 336.0; 0.0; 336.0; 903.0; 387.0; 693.0; 695.0; 0.48; 0.48
2018-11-30; 4456.0; 2726.0; 1730.0; 0.0; 656.0; 0.0; 1178.0; 552.0; -46.0; 509.0; 14.0; 495.0; 0.0; 495.0; 0.0; 493.0; 1059.0; 552.0; 709.0; 710.0; 0.7; 0.71
2018-08-31; 5836.0; 2958.0; 2878.0; 0.0; 573.0; 0.0; 1084.0; 1794.0; -49.0; 1744.0; 37.0; 1707.0; 0.0; 1707.0; 0.0; 1707.0; 2304.0; 1794.0; 706.0; 707.0; 2.42; 2.41
2018-05-31; 4357.0; 2681.0; 1676.0; 0.0; 605.0; 0.0; 1117.0; 559.0; 5.0; 564.0; 3.0; 561.0; 0.0; 561.0; 0.0; 561.0; 1071.0; 559.0; 714.0; 715.0; 0.79; 0.78
2018-02-28; 4232.0; 2709.0; 1523.0; 0.0; 616.0; 0.0; 1104.0; 419.0; -28.0; 390.0; 0.0; 390.0; 0.0; 390.0; 0.0; 391.0; 907.0; 419.0; 717.0; 719.0; 0.54; 0.54
2017-11-30; 4259.0; 2617.0; 1642.0; 0.0; 616.0; 0.0; 1094.0; 548.0; 12.0; 560.0; 14.0; 546.0; 0.0; 546.0; 0.0; 546.0; 1026.0; 548.0; 722.0; 725.0; 0.77; 0.76
2017-08-31; 5515.0; 3013.0; 2502.0; 0.0; 547.0; 0.0; 1109.0; 1393.0; -25.0; 1368.0; 39.0; 1329.0; 0.0; 1329.0; 0.0; 1329.0; 1865.0; 1393.0; 723.0; 726.0; 1.84; 1.83
2017-05-31; 3945.0; 2436.0; 1509.0; 0.0; 553.0; 0.0; 1009.0; 500.0; -116.0; 384.0; 5.0; 379.0; 0.0; 379.0; 0.0; 379.0; 957.0; 500.0; 724.0; 727.0; 0.52; 0.52
2017-02-28; 3791.0; 2435.0; 1356.0; 0.0; 549.0; 0.0; 988.0; 368.0; -14.0; 354.0; 2.0; 352.0; 0.0; 352.0; 0.0; 352.0; 807.0; 368.0; 725.0; 728.0; 0.48; 0.48
2016-11-30; 3936.0; 2319.0; 1617.0; 0.0; 585.0; 0.0; 1020.0; 597.0; 16.0; 613.0; 5.0; 608.0; 0.0; 608.0; 0.0; 608.0; 1032.0; 597.0; 745.0; 747.0; 0.81; 0.81
2016-08-31; 5097.0; 2563.0; 2534.0; 0.0; 529.0; 0.0; 972.0; 1562.0; -97.0; 1465.0; 41.0; 1424.0; 0.0; 1424.0; 0.0; 1424.0; 2004.0; 1562.0; 737.0; 739.0; 1.93; 1.93
2016-05-31; 3705.0; 2258.0; 1447.0; 0.0; 532.0; 0.0; 969.0; 478.0; 129.0; 607.0; 2.0; 605.0; 0.0; 605.0; 0.0; 605.0; 916.0; 478.0; 751.0; 753.0; 0.81; 0.8
2016-02-29; 3651.0; 2243.0; 1408.0; 0.0; 551.0; 0.0; 974.0; 434.0; -291.0; 143.0; 1.0; 142.0; 0.0; 142.0; 0.0; 142.0; 857.0; 434.0; 766.0; 769.0; 0.18; 0.18
2015-11-30; 3710.0; 2218.0; 1492.0; 0.0; 563.0; 0.0; 983.0; 509.0; -238.0; 271.0; 1.0; 270.0; 0.0; 270.0; 0.0; 270.0; 929.0; 509.0; 777.0; 779.0; 0.35; 0.35
2015-08-31; 4883.0; 2490.0; 2393.0; 0.0; 484.0; 0.0; 883.0; 1510.0; -260.0; 1250.0; 34.0; 1216.0; 0.0; 1216.0; 0.0; 1216.0; 1909.0; 1510.0; 778.0; 781.0; 1.56; 1.56
2015-05-31; 3590.0; 2404.0; 1186.0; 0.0; 491.0; 0.0; 897.0; 289.0; -63.0; 226.0; 4.0; 222.0; 0.0; 222.0; 0.0; 222.0; 695.0; 289.0; 778.0; 780.0; 0.29; 0.29
2015-02-28; 3531.0; 2335.0; 1196.0; 0.0; 529.0; 0.0; 930.0; 266.0; -214.0; 52.0; 3.0; 49.0; 0.0; 49.0; 0.0; 49.0; 667.0; 266.0; 777.0; 779.0; 0.06; 0.06
2014-11-30; 3719.0; 2497.0; 1222.0; 0.0; 548.0; 0.0; 956.0; 266.0; -362.0; -96.0; 7.0; -103.0; 0.0; -103.0; 0.0; -103.0; 674.0; 266.0; 776.0; 778.0; -0.13; -0.14
2014-08-31; 4947.0; 2760.0; 2187.0; 0.0; 481.0; 0.0; 895.0; 1292.0; -51.0; 1241.0; 0.0; 1241.0; 0.0; 1241.0; 0.0; 1241.0; 1706.0; 1292.0; 776.0; 778.0; 1.6; 1.6
2014-05-31; 3633.0; 2572.0; 1061.0; 0.0; 504.0; 0.0; 914.0; 147.0; -48.0; 99.0; 1.0; 98.0; 0.0; 98.0; 0.0; 98.0; 557.0; 147.0; 776.0; 778.0; 0.13; 0.13
2014-02-28; 3585.0; 2592.0; 993.0; 0.0; 521.0; 0.0; 926.0; 67.0; -86.0; -19.0; 1.0; -20.0; 0.0; -20.0; 0.0; -20.0; 472.0; 67.0; 776.0; 776.0; -0.03; -0.03
2013-11-30; 3658.0; 2642.0; 1016.0; 0.0; 531.0; 0.0; 935.0; 81.0; -47.0; 34.0; -9.0; 43.0; 0.0; 43.0; 0.0; 43.0; 485.0; 81.0; 775.0; 777.0; 0.06; 0.06
2013-08-31; 4726.0; 2917.0; 1809.0; 0.0; 439.0; 0.0; 858.0; 951.0; -16.0; 935.0; 1.0; 934.0; 0.0; 934.0; 0.0; 934.0; 1357.0; 951.0; 775.0; 777.0; 1.2; 1.2
2013-05-31; 3479.0; 2487.0; 992.0; 0.0; 449.0; 0.0; 840.0; 152.0; -111.0; 41.0; 0.0; 41.0; 0.0; 41.0; 0.0; 41.0; 543.0; 152.0; 775.0; 777.0; 0.05; 0.05
2013-02-28; 3593.0; 2599.0; 994.0; 0.0; 460.0; 0.0; 849.0; 145.0; -106.0; 39.0; 2.0; 37.0; 0.0; 37.0; 0.0; 37.0; 534.0; 145.0; 776.0; 778.0; 0.05; 0.05
2012-11-30; 3578.0; 2551.0; 1027.0; 0.0; 459.0; 0.0; 851.0; 176.0; -83.0; 93.0; 0.0; 93.0; 0.0; 93.0; 0.0; 93.0; 568.0; 176.0; 778.0; 779.0; 0.12; 0.12
2012-08-31; 4684.0; 2597.0; 2087.0; 0.0; 409.0; 0.0; 792.0; 1295.0; 41.0; 1336.0; 6.0; 1330.0; 0.0; 1330.0; 0.0; 1330.0; 1678.0; 1295.0; 778.0; 779.0; 1.71; 1.71
2012-05-31; 3538.0; 2478.0; 1060.0; 0.0; 431.0; 0.0; 807.0; 253.0; -239.0; 14.0; 0.0; 14.0; 0.0; 14.0; 0.0; 14.0; 629.0; 253.0; 779.0; 779.0; 0.02; 0.02
2012-02-29; 3582.0; 2694.0; 888.0; 0.0; 421.0; 0.0; 970.0; -82.0; -59.0; -141.0; -2.0; -139.0; 0.0; -139.0; 0.0; -139.0; 294.0; -82.0; 778.0; 778.0; -0.18; -0.18
2011-11-30; 3696.0; 2569.0; 1127.0; 0.0; 434.0; 0.0; 819.0; 308.0; -99.0; 209.0; -8.0; 217.0; 0.0; 217.0; 0.0; 217.0; 693.0; 308.0; 787.0; 789.0; 0.29; 0.28
2011-08-31; 5058.0; 2814.0; 2244.0; 0.0; 421.0; 0.0; 811.0; 1433.0; -91.0; 1342.0; 5.0; 1337.0; 0.0; 1337.0; 0.0; 1337.0; 1823.0; 1433.0; 790.0; 792.0; 1.69; 1.69
2011-05-31; 3620.0; 2521.0; 1099.0; 0.0; 440.0; 0.0; 820.0; 279.0; -75.0; 204.0; -2.0; 206.0; 0.0; 206.0; 0.0; 206.0; 659.0; 279.0; 791.0; 793.0; 0.26; 0.26
2011-02-28; 3419.0; 2395.0; 1024.0; 0.0; 422.0; 0.0; 789.0; 235.0; -78.0; 157.0; 5.0; 152.0; 0.0; 152.0; 0.0; 152.0; 602.0; 235.0; 790.0; 794.0; 0.19; 0.19
2010-11-30; 3497.0; 2356.0; 1141.0; 0.0; 433.0; 0.0; 800.0; 341.0; -86.0; 255.0; 7.0; 248.0; 0.0; 248.0; 0.0; 248.0; 708.0; 341.0; 788.0; 805.0; 0.32; 0.31
2010-08-31; 4527.0; 2389.0; 2138.0; 0.0; 381.0; 0.0; 736.0; 1402.0; -89.0; 1313.0; 10.0; 1303.0; 0.0; 1303.0; 0.0; 1303.0; 1757.0; 1402.0; 789.0; 806.0; 1.65; 1.62
2010-05-31; 3267.0; 2165.0; 1102.0; 0.0; 404.0; 0.0; 753.0; 349.0; -98.0; 251.0; -1.0; 252.0; 0.0; 252.0; 0.0; 252.0; 698.0; 349.0; 788.0; 806.0; 0.32; 0.32
2010-02-28; 3178.0; 2182.0; 996.0; 0.0; 396.0; 0.0; 741.0; 255.0; -95.0; 160.0; -15.0; 175.0; 0.0; 175.0; 0.0; 175.0; 600.0; 255.0; 787.0; 805.0; 0.22; 0.22
2009-11-30; 3509.0; 2446.0; 1063.0; 0.0; 424.0; 0.0; 769.0; 294.0; -93.0; 201.0; 8.0; 193.0; 0.0; 193.0; 0.0; 193.0; 639.0; 294.0; 787.0; 804.0; 0.24; 0.25
2009-08-31; 4139.0; 2226.0; 1913.0; 0.0; 381.0; 0.0; 717.0; 1196.0; -99.0; 1097.0; 24.0; 1073.0; 0.0; 1073.0; 0.0; 1073.0; 1532.0; 1196.0; 787.0; 809.0; 1.36; 1.33
2009-05-31; 2948.0; 1885.0; 1063.0; 0.0; 393.0; 0.0; 710.0; 353.0; -83.0; 270.0; 6.0; 264.0; 0.0; 264.0; 0.0; 264.0; 670.0; 353.0; 787.0; 804.0; 0.34; 0.33
2009-02-28; 2864.0; 1850.0; 1014.0; 0.0; 392.0; 0.0; 703.0; 311.0; -73.0; 238.0; -22.0; 260.0; 0.0; 260.0; 0.0; 260.0; 622.0; 311.0; 787.0; 803.0; 0.33; 0.33
