Date; Revenue; Cost Of Goods Sold; Gross Profit; Research And Development Expenses; SG&A Expenses; Other Operating Income Or Expenses; Operating Expenses; Operating Income; Total Non-Operating Income/Expense; Pre-Tax Income; Income Taxes; Income After Taxes; Other Income; Income From Continuous Operations; Income From Discontinued Operations; Net Income; EBITDA; EBIT; Basic Shares Outstanding; Shares Outstanding; Basic EPS; EPS - Earnings Per Share
2022-09-30; 35865.0; 31893.0; 3972.0; 0.0; 2846.0; -289.0; 3496.0; 476.0; 533.0; 1009.0; 269.0; 740.0; 0.0; 740.0; 0.0; 738.0; 867.0; 476.0; 573.96; 580.61; 1.29; 1.27
2022-06-30; 35936.0; 31452.0; 4484.0; 0.0; 2800.0; -1450.0; 4613.0; -129.0; -107.0; -236.0; -65.0; -171.0; 0.0; -171.0; 0.0; -172.0; 268.0; -129.0; 583.64; 583.64; -0.29; -0.29
2022-03-31; 37185.0; 32832.0; 4353.0; 0.0; 2745.0; 0.0; 3100.0; 1253.0; -105.0; 1148.0; 296.0; 852.0; 0.0; 852.0; 0.0; 849.0; 1643.0; 1253.0; 583.23; 590.66; 1.46; 1.44
2021-12-31; 32568.0; 28934.0; 3634.0; 0.0; 3256.0; 0.0; 3031.0; 603.0; 91.0; 694.0; 101.0; 593.0; 0.0; 593.0; 0.0; 599.0; 981.0; 603.0; 582.83; 590.52; 1.03; 1.02
2021-09-30; 32406.0; 28750.0; 3656.0; 0.0; 2537.0; -229.0; 3111.0; 545.0; 175.0; 720.0; 139.0; 581.0; 0.0; 581.0; 0.0; 584.0; 926.0; 545.0; 583.24; 590.7; 1.0; 0.99
2021-06-30; 31025.0; 27732.0; 3293.0; 0.0; 2139.0; -1250.0; 3711.0; -418.0; -124.0; -542.0; -7.0; -535.0; 0.0; -535.0; 0.0; -535.0; -62.0; -418.0; 582.8; 582.8; -0.92; -0.92
2021-03-31; 29983.0; 26367.0; 3616.0; 0.0; 2234.0; 0.0; 2562.0; 1054.0; -113.0; 941.0; 244.0; 697.0; 0.0; 697.0; 0.0; 699.0; 1415.0; 1054.0; 581.87; 589.34; 1.2; 1.19
2020-12-31; 28288.0; 24984.0; 3304.0; 0.0; 2721.0; -376.0; 3289.0; 15.0; -89.0; -74.0; -55.0; -19.0; 0.0; -19.0; 0.0; -12.0; 358.0; 15.0; 570.72; 579.13; 0.03; 0.02
2020-09-30; 29090.0; 25182.0; 3908.0; 0.0; 2507.0; -376.0; 3047.0; 861.0; -89.0; 772.0; 207.0; 565.0; 0.0; 565.0; 0.0; 568.0; 1159.0; 861.0; 579.51; 587.97; 0.98; 0.97
2020-06-30; 27712.0; 22863.0; 4849.0; 0.0; 2255.0; -379.0; 2831.0; 2018.0; -74.0; 1944.0; 742.0; 1202.0; 0.0; 1202.0; 0.0; 1206.0; 2348.0; 2018.0; 579.19; 587.5; 2.08; 2.05
2020-03-31; 26025.0; 22870.0; 3155.0; 0.0; 2384.0; -417.0; 2967.0; 188.0; -57.0; 131.0; 85.0; 46.0; 0.0; 46.0; 0.0; 46.0; 476.0; 188.0; 544.44; 552.06; 0.08; 0.08
2019-12-31; 18863.0; 16789.0; 2074.0; 0.0; 1733.0; 0.0; 1797.0; 277.0; -17.0; 260.0; 58.0; 202.0; 0.0; 202.0; 0.0; 209.0; 445.0; 277.0; 413.49; 420.41; 0.5; 0.49
2019-09-30; 18976.0; 16847.0; 2129.0; 0.0; 1617.0; -271.0; 1953.0; 176.0; -1.0; 175.0; 79.0; 96.0; 0.0; 96.0; 0.0; 95.0; 338.0; 176.0; 413.62; 419.96; 0.23; 0.23
2019-06-30; 18356.0; 16075.0; 2281.0; 0.0; 1574.0; 0.0; 1638.0; 643.0; 19.0; 662.0; 170.0; 492.0; 0.0; 492.0; 0.0; 495.0; 801.0; 643.0; 413.37; 419.67; 1.2; 1.18
2019-03-31; 18444.0; 16085.0; 2359.0; 0.0; 1609.0; 0.0; 1674.0; 685.0; 0.0; 685.0; 166.0; 519.0; 0.0; 519.0; 0.0; 522.0; 840.0; 685.0; 412.92; 419.75; 1.26; 1.24
2018-12-31; 16559.0; 14376.0; 2183.0; 0.0; 1556.0; -177.0; 1795.0; 388.0; -31.0; 357.0; 116.0; 241.0; 0.0; 241.0; 0.0; 241.0; 529.0; 388.0; 390.25; 398.51; 0.51; 0.5
2018-09-30; 16182.0; 13964.0; 2218.0; 0.0; 1934.0; -178.0; 2177.0; 41.0; -17.0; 24.0; 8.0; 16.0; 0.0; 16.0; 0.0; 19.0; 180.0; 41.0; 410.59; 419.04; 0.05; 0.05
2018-06-30; 14181.0; 12227.0; 1954.0; 0.0; 1237.0; -183.0; 1465.0; 489.0; -15.0; 474.0; 175.0; 299.0; 0.0; 299.0; 0.0; 300.0; 600.0; 489.0; 391.04; 398.9; 0.77; 0.75
2018-03-31; 13194.0; 11128.0; 2066.0; 0.0; 1316.0; -171.0; 1526.0; 540.0; -27.0; 513.0; 175.0; 338.0; 0.0; 338.0; 0.0; 340.0; 644.0; 540.0; 347.84; 355.38; 0.98; 0.96
2017-12-31; 12806.0; 11326.0; 1480.0; 0.0; 1260.0; 0.0; 1299.0; 181.0; -13.0; 168.0; -55.0; 223.0; 0.0; 223.0; 0.0; 230.0; 278.0; 181.0; 344.85; 353.4; 0.67; 0.65
2017-09-30; 11898.0; 10490.0; 1408.0; 0.0; 1030.0; 0.0; 1068.0; 340.0; -14.0; 326.0; 125.0; 201.0; 0.0; 201.0; 0.0; 205.0; 431.0; 340.0; 345.02; 353.83; 0.59; 0.58
2017-06-30; 11954.0; 10412.0; 1542.0; 0.0; 1065.0; 0.0; 1104.0; 438.0; -17.0; 421.0; 169.0; 252.0; 0.0; 252.0; 0.0; 254.0; 525.0; 438.0; 344.71; 352.84; 0.73; 0.72
2017-03-31; 11724.0; 10353.0; 1371.0; 0.0; 1091.0; 0.0; 1131.0; 240.0; -21.0; 219.0; 87.0; 132.0; 0.0; 132.0; 0.0; 139.0; 326.0; 240.0; 344.15; 351.67; 0.41; 0.4
2016-12-31; 11911.0; 10145.0; 1766.0; 0.0; 1062.0; -128.0; 1242.0; 524.0; -41.0; 483.0; 227.0; 256.0; 0.0; 256.0; 0.0; 261.0; 613.0; 524.0; 319.13; 327.95; 0.9; 0.87
2016-09-30; 10846.0; 9392.0; 1454.0; 0.0; 940.0; -129.0; 1112.0; 342.0; -24.0; 318.0; 169.0; 149.0; 0.0; 149.0; -1.0; 147.0; 420.0; 342.0; 341.55; 350.99; 0.43; 0.42
2016-06-30; 10897.0; 9398.0; 1499.0; 0.0; 949.0; -130.0; 1122.0; 377.0; -20.0; 357.0; 187.0; 170.0; 0.0; 170.0; -1.0; 170.0; 453.0; 377.0; 341.12; 349.7; 0.5; 0.48
2016-03-31; 6953.0; 6128.0; 825.0; 0.0; 722.0; -74.0; 805.0; 20.0; -18.0; 2.0; 16.0; -14.0; 0.0; -14.0; -1.0; -16.0; 55.0; 20.0; 251.09; 251.09; -0.07; -0.07
2015-12-31; 6302.0; 5511.0; 791.0; 0.0; 511.0; -54.0; 571.0; 220.0; -3.0; 217.0; 105.0; 112.0; 0.0; 112.0; -1.0; 111.0; 259.0; 220.0; 238.2; 246.13; 0.47; 0.45
2015-09-30; 5821.0; 5120.0; 701.0; 0.0; 458.0; -54.0; 518.0; 183.0; -3.0; 180.0; 87.0; 93.0; 0.0; 93.0; 1.0; 93.0; 240.0; 183.0; 238.24; 246.26; 0.39; 0.38
2015-06-30; 5506.0; 4839.0; 667.0; 0.0; 437.0; -52.0; 494.0; 173.0; -1.0; 172.0; 84.0; 88.0; 0.0; 88.0; 0.0; 88.0; 199.0; 173.0; 238.01; 245.93; 0.37; 0.36
2015-03-31; 5131.0; 4544.0; 587.0; 0.0; 396.0; -55.0; 458.0; 129.0; -1.0; 128.0; 63.0; 65.0; 0.0; 65.0; -1.0; 63.0; 156.0; 129.0; 237.57; 245.14; 0.27; 0.26
2014-12-31; 4724.0; 4136.0; 588.0; 0.0; 347.0; -32.0; 395.0; 193.0; 0.0; 193.0; 89.0; 104.0; 0.0; 104.0; 1.0; 107.0; 217.0; 193.0; 232.69; 240.72; 0.46; 0.44
2014-09-30; 4352.0; 3878.0; 474.0; 0.0; 334.0; -32.0; 366.0; 108.0; -3.0; 105.0; 27.0; 78.0; 0.0; 78.0; 1.0; 82.0; 131.0; 108.0; 234.45; 242.73; 0.35; 0.34
2014-06-30; 4024.0; 3579.0; 445.0; 0.0; 321.0; -31.0; 352.0; 93.0; -2.0; 91.0; 45.0; 46.0; 0.0; 46.0; 2.0; 49.0; 115.0; 93.0; 231.03; 238.87; 0.21; 0.2
2014-03-31; 3460.0; 3063.0; 397.0; 0.0; 296.0; -31.0; 327.0; 70.0; -2.0; 68.0; 35.0; 33.0; 0.0; 33.0; -1.0; 33.0; 90.0; 70.0; 229.94; 237.45; 0.14; 0.14
2013-12-31; 2931.41; 2591.52; 339.89; 0.0; 255.22; 0.0; 255.22; 84.67; -0.84; 83.83; 34.06; 49.77; 0.0; 49.77; 5.39; 53.14; 101.45; 84.67; 216.51; 224.99; 0.24; 0.24
2013-09-30; 2795.57; 2462.55; 333.02; 0.0; 249.03; 0.0; 249.03; 83.99; -1.85; 82.15; 32.28; 49.87; 0.0; 49.87; -0.95; 49.37; 101.28; 83.99; 218.72; 227.73; 0.23; 0.22
2013-06-30; 2610.54; 2318.34; 292.2; 0.0; 223.46; 0.0; 223.46; 68.74; -2.96; 65.78; 25.97; 39.82; 0.0; 39.82; -0.81; 39.48; 85.97; 68.74; 218.12; 226.41; 0.18; 0.17
2013-03-31; 2525.48; 2282.59; 242.9; 0.0; 203.3; 0.0; 203.3; 39.6; -2.36; 37.24; 14.69; 22.55; 0.0; 22.55; 0.36; 23.0; 55.29; 39.6; 209.43; 217.07; 0.11; 0.1
2012-12-31; 1838.98; 1526.15; 312.83; 0.0; 164.68; 0.03; 164.65; 148.19; -3.19; 145.0; 53.07; 91.93; 0.0; 91.93; 0.0; 9.2; 164.3; 148.19; 206.04; 214.86; 0.04; 0.05
2012-09-30; 2448.12; 2294.69; 153.43; 0.0; 181.07; 0.0; 181.07; -27.64; 18.39; -9.25; -9.55; 0.29; 0.0; 0.29; 0.0; 3.82; -11.01; -27.64; 206.34; 215.22; 0.02; 0.02
2012-06-30; 2110.75; 1961.4; 149.35; 0.0; 168.06; -28.03; 196.09; -46.75; -0.69; -47.44; -8.61; -38.83; 0.0; -38.83; 0.0; -35.0; -30.09; -46.75; 206.06; 206.06; -0.17; -0.17
2012-03-31; 1712.15; 1514.76; 197.38; 0.0; 163.19; 0.0; 163.19; 34.2; 0.49; 34.69; 12.09; 22.6; 0.0; 22.6; 0.0; 23.98; 50.81; 34.2; 204.5; 214.04; 0.12; 0.11
2011-12-31; 1378.07; 1166.38; 211.69; 0.0; 150.83; 0.0; 150.83; 60.86; -0.82; 60.03; 21.47; 38.56; 0.0; 38.56; 0.0; 30.11; 76.13; 60.86; 200.8; 209.9; 0.15; 0.14
2011-09-30; 1302.04; 1110.55; 191.48; 0.0; 142.93; 0.0; 142.93; 48.55; -1.88; 46.67; 18.46; 28.21; 0.0; 28.21; 0.0; 28.99; 63.04; 48.55; 201.38; 210.48; 0.14; 0.14
2011-06-30; 1315.01; 1116.67; 198.35; 0.0; 143.04; 0.0; 143.04; 55.3; -10.81; 44.49; 16.43; 28.06; 0.0; 28.06; 0.0; 28.37; 69.55; 55.3; 200.67; 209.96; 0.14; 0.14
2011-03-31; 1216.36; 1036.17; 180.19; 0.0; 141.09; 0.0; 141.09; 39.1; -1.95; 37.15; 14.33; 22.82; 0.0; 22.82; 0.0; 23.75; 53.42; 39.1; 199.0; 207.25; 0.12; 0.12
2010-12-31; 1180.97; 1058.78; 122.19; 0.0; 76.69; 0.0; 76.69; 45.5; -2.16; 43.34; 16.96; 26.38; 0.0; 26.38; -0.07; 25.4; 58.88; 45.5; 195.02; 201.79; 0.13; 0.12
2010-09-30; 1121.86; 949.52; 172.34; 0.0; 132.09; 0.0; 132.09; 40.25; -4.14; 36.1; 13.16; 22.94; 0.0; 22.94; 0.26; 22.66; 53.95; 40.25; 196.95; 203.75; 0.12; 0.11
2010-06-30; 1076.77; 901.59; 175.18; 0.0; 133.47; 0.0; 133.47; 41.71; 0.27; 41.98; 17.25; 24.73; 0.0; 24.73; -0.23; 22.77; 54.1; 41.71; 196.54; 203.46; 0.12; 0.11
2010-03-31; 1068.72; 903.6; 165.12; 0.0; 135.51; 0.0; 135.51; 29.61; 3.24; 32.85; 12.53; 20.33; 0.0; 20.33; 3.92; 24.0; 42.14; 29.61; 189.04; 195.05; 0.13; 0.12
2009-12-31; 1092.73; 988.55; 104.17; 0.0; 66.4; 0.0; 66.4; 37.78; -0.2; 37.58; 13.78; 23.8; 0.0; 23.8; -0.03; 23.71; 50.98; 37.78; 172.14; 177.26; 0.14; 0.13
2009-09-30; 1038.23; 870.2; 168.03; 0.0; 130.02; 0.0; 130.02; 38.01; -0.31; 37.7; 12.43; 25.27; 0.0; 25.27; -1.46; 21.27; 47.92; 38.01; 172.01; 177.17; 0.12; 0.12
2009-06-30; 1039.47; 878.81; 160.66; 0.0; 129.22; 0.0; 129.22; 31.43; 0.26; 31.69; 11.79; 19.9; 0.0; 19.9; -0.48; 20.23; 42.09; 31.43; 172.0; 176.97; 0.12; 0.12
2009-03-31; 932.43; 779.24; 153.19; 0.0; 122.28; 0.0; 122.28; 30.91; -0.37; 30.54; 10.85; 19.69; 0.0; 19.69; -0.45; 18.46; 41.15; 30.91; 172.27; 176.96; 0.11; 0.1
