Date; Revenue; Cost Of Goods Sold; Gross Profit; Research And Development Expenses; SG&A Expenses; Other Operating Income Or Expenses; Operating Expenses; Operating Income; Total Non-Operating Income/Expense; Pre-Tax Income; Income Taxes; Income After Taxes; Other Income; Income From Continuous Operations; Income From Discontinued Operations; Net Income; EBITDA; EBIT; Basic Shares Outstanding; Shares Outstanding; Basic EPS; EPS - Earnings Per Share
2022-09-30; 2486.0; 1618.0; 868.0; 0.0; 464.0; 15.0; 476.0; 392.0; -41.0; 351.0; 81.0; 270.0; 0.0; 276.0; 0.0; 256.0; 500.0; 392.0; 116.0; 118.0; 2.2; 2.17
2022-06-30; 2453.0; 1611.0; 842.0; 0.0; 422.0; -5.0; 454.0; 388.0; -65.0; 323.0; 77.0; 246.0; 0.0; 250.0; 0.0; 234.0; 495.0; 388.0; 117.0; 119.0; 2.0; 1.96
2022-03-31; 2611.0; 1646.0; 965.0; 0.0; 425.0; 0.0; 452.0; 513.0; -61.0; 452.0; 110.0; 342.0; 0.0; 373.0; 0.0; 355.0; 619.0; 513.0; 119.0; 121.0; 2.97; 2.92
2021-12-31; 2744.0; 1718.0; 1026.0; 0.0; 464.0; 0.0; 490.0; 536.0; -34.0; 502.0; 114.0; 388.0; 0.0; 413.0; 0.0; 390.0; 642.0; 536.0; 125.0; 128.0; 3.17; 3.11
2021-09-30; 2774.0; 1670.0; 1104.0; 0.0; 427.0; 0.0; 452.0; 652.0; 2.0; 654.0; 153.0; 501.0; 0.0; 527.0; 0.0; 505.0; 753.0; 652.0; 123.0; 125.0; 4.11; 4.02
2021-06-30; 2550.0; 1565.0; 985.0; 0.0; 429.0; 2.0; 452.0; 533.0; 284.0; 817.0; 177.0; 640.0; 0.0; 650.0; 0.0; 631.0; 633.0; 533.0; 125.0; 127.0; 5.05; 4.96
2021-03-31; 2720.0; 1626.0; 1094.0; 0.0; 407.0; 0.0; 434.0; 660.0; -34.0; 626.0; 153.0; 473.0; 0.0; 490.0; 0.0; 469.0; 761.0; 660.0; 133.0; 135.0; 3.52; 3.46
2020-12-31; 3002.0; 1733.0; 1269.0; 0.0; 447.0; -1.0; 474.0; 795.0; -37.0; 758.0; 191.0; 567.0; 0.0; 609.0; 0.0; 579.0; 893.0; 795.0; 134.0; 136.0; 4.3; 4.24
2020-09-30; 2786.0; 1580.0; 1206.0; 0.0; 396.0; -65.0; 488.0; 718.0; 35.0; 753.0; 177.0; 576.0; 0.0; 591.0; 0.0; 568.0; 807.0; 718.0; 135.0; 137.0; 4.2; 4.14
2020-06-30; 1827.0; 1221.0; 606.0; 0.0; 360.0; 62.0; 323.0; 283.0; -28.0; 255.0; 66.0; 189.0; 0.0; 193.0; 0.0; 185.0; 372.0; 283.0; 134.0; 136.0; 1.38; 1.36
2020-03-31; 1822.0; 1270.0; 552.0; 0.0; 347.0; -5.0; 377.0; 175.0; -57.0; 118.0; 26.0; 92.0; 0.0; 106.0; 0.0; 99.0; 260.0; 175.0; 134.0; 135.0; 0.74; 0.73
2019-12-31; 1926.0; 1264.0; 662.0; 0.0; 349.0; 74.0; 299.0; 363.0; -35.0; 328.0; 72.0; 256.0; 0.0; 265.0; 0.0; 253.0; 445.0; 363.0; 134.0; 136.0; 1.88; 1.86
2019-09-30; 1956.0; 1264.0; 692.0; 0.0; 362.0; 6.0; 379.0; 313.0; -43.0; 270.0; 62.0; 208.0; 0.0; 226.0; 0.0; 215.0; 395.0; 313.0; 135.0; 137.0; 1.59; 1.56
2019-06-30; 1953.0; 1265.0; 688.0; 0.0; 362.0; 6.0; 381.0; 307.0; -42.0; 265.0; 63.0; 202.0; 0.0; 219.0; 20.0; 226.0; 388.0; 307.0; 135.0; 136.0; 1.67; 1.66
2019-03-31; 1891.0; 1244.0; 647.0; 0.0; 384.0; 9.0; 399.0; 248.0; -35.0; 213.0; 50.0; 163.0; 0.0; 176.0; 0.0; 164.0; 332.0; 248.0; 134.0; 136.0; 1.22; 1.2
2018-12-31; 1839.0; 1235.0; 604.0; 0.0; 356.0; -4.0; 384.0; 220.0; -53.0; 167.0; 40.0; 127.0; 0.0; 139.0; 0.0; 127.0; 301.0; 220.0; 136.0; 139.0; 0.93; 0.92
2018-09-30; 1889.0; 1222.0; 667.0; 0.0; 354.0; 13.0; 363.0; 304.0; -38.0; 266.0; 48.0; 218.0; 0.0; 227.0; 0.0; 213.0; 381.0; 304.0; 136.0; 139.0; 1.56; 1.53
2018-06-30; 1919.0; 1243.0; 676.0; 0.0; 351.0; 2.0; 371.0; 305.0; -41.0; 264.0; 42.0; 222.0; 0.0; 233.0; 0.0; 219.0; 382.0; 305.0; 136.0; 139.0; 1.6; 1.57
2018-03-31; 1884.0; 1226.0; 658.0; 0.0; 363.0; -1.0; 386.0; 272.0; -43.0; 229.0; 52.0; 177.0; 0.0; 189.0; 0.0; 177.0; 346.0; 272.0; 136.0; 139.0; 1.3; 1.27
2017-12-31; 1865.0; 1194.0; 671.0; 0.0; 382.0; 0.0; 402.0; 269.0; -35.0; 234.0; -23.0; 257.0; 0.0; 267.0; 0.0; 254.0; 342.0; 269.0; 137.0; 140.0; 1.86; 1.82
2017-09-30; 1856.0; 1190.0; 666.0; 0.0; 348.0; -1.0; 368.0; 298.0; -40.0; 258.0; 92.0; 166.0; 0.0; 175.0; 0.0; 161.0; 367.0; 298.0; 137.0; 140.0; 1.18; 1.15
2017-06-30; 1864.0; 1170.0; 694.0; 0.0; 358.0; 1.0; 375.0; 319.0; -27.0; 292.0; 94.0; 198.0; 0.0; 207.0; 0.0; 193.0; 385.0; 319.0; 137.0; 140.0; 1.4; 1.37
2017-03-31; 1817.0; 1165.0; 652.0; 0.0; 355.0; -1.0; 373.0; 279.0; -33.0; 246.0; 78.0; 168.0; 0.0; 175.0; 0.0; 164.0; 341.0; 279.0; 137.0; 141.0; 1.19; 1.16
2016-12-31; 1560.0; 1160.0; 400.0; 0.0; 99.0; -7.0; 124.0; 276.0; -34.0; 242.0; 84.0; 158.0; 0.0; 167.0; 0.0; 152.0; 339.0; 276.0; 140.0; 142.0; 1.11; 1.09
2016-09-30; 1885.0; 1157.0; 728.0; 0.0; 409.0; 21.0; 406.0; 322.0; -33.0; 289.0; 95.0; 194.0; 0.0; 205.0; 0.0; 192.0; 385.0; 322.0; 139.0; 142.0; 1.37; 1.34
2016-06-30; 1906.0; 1155.0; 751.0; 0.0; 430.0; 118.0; 329.0; 422.0; -39.0; 383.0; 183.0; 200.0; 0.0; 209.0; 0.0; 195.0; 483.0; 422.0; 140.0; 142.0; 1.38; 1.37
2016-03-31; 1863.0; 1144.0; 719.0; 0.0; 442.0; -1.0; 462.0; 257.0; -85.0; 172.0; 67.0; 105.0; 0.0; 115.0; 0.0; 103.0; 319.0; 257.0; 143.0; 144.0; 0.72; 0.71
2015-12-31; 1849.0; 1150.0; 699.0; 0.0; 429.0; -11.0; 460.0; 239.0; -33.0; 206.0; 14.0; 192.0; 0.0; 200.0; 0.0; 185.0; 313.0; 239.0; 144.0; 145.0; 1.31; 1.29
2015-09-30; 1880.0; 1162.0; 718.0; 0.0; 402.0; 335.0; 87.0; 631.0; -39.0; 592.0; 239.0; 353.0; 0.0; 354.0; 0.0; 342.0; 708.0; 631.0; 144.0; 145.0; 2.37; 2.35
2015-06-30; 1925.0; 1182.0; 743.0; 0.0; 429.0; 7.0; 442.0; 301.0; -101.0; 200.0; 78.0; 122.0; 0.0; 129.0; 0.0; 118.0; 376.0; 301.0; 144.0; 145.0; 0.82; 0.81
2015-03-31; 1839.0; 1163.0; 676.0; 0.0; 419.0; -8.0; 448.0; 228.0; -123.0; 105.0; 42.0; 63.0; 0.0; 70.0; 0.0; 61.0; 306.0; 228.0; 144.0; 146.0; 0.42; 0.42
2014-12-31; 1883.0; 1184.0; 699.0; 0.0; 427.0; 8.0; 442.0; 257.0; -53.0; 204.0; 28.0; 176.0; 0.0; 195.0; 0.0; 190.0; 336.0; 257.0; 145.0; 145.0; 1.3; 1.3
2014-09-30; 1904.0; 1178.0; 726.0; 0.0; 446.0; 0.0; 470.0; 256.0; -42.0; 214.0; 82.0; 132.0; 0.0; 139.0; 0.0; 129.0; 335.0; 256.0; 145.0; 145.0; 0.89; 0.88
2014-06-30; 1902.0; 1174.0; 728.0; 0.0; 440.0; -1.0; 466.0; 262.0; -33.0; 229.0; 87.0; 142.0; 0.0; 142.0; 0.0; 133.0; 343.0; 262.0; 144.0; 145.0; 0.92; 0.92
2014-03-31; 1746.0; 1101.0; 645.0; 0.0; 415.0; 0.0; 437.0; 208.0; -32.0; 176.0; 65.0; 111.0; 0.0; 111.0; 0.0; 104.0; 283.0; 208.0; 144.0; 145.0; 0.72; 0.71
2013-12-31; 1756.0; 1051.0; 705.0; 0.0; 415.0; 0.0; 435.0; 270.0; -56.0; 214.0; 87.0; 127.0; 0.0; 151.0; 0.0; 143.0; 342.0; 270.0; 152.0; 153.0; 0.95; 0.94
2013-09-30; 1788.0; 1089.0; 699.0; 0.0; 423.0; 433.0; 10.0; 689.0; -32.0; 657.0; 245.0; 412.0; 0.0; 412.0; 2.0; 405.0; 758.0; 689.0; 150.0; 151.0; 2.7; 2.68
2013-06-30; 1815.0; 1094.0; 721.0; 0.0; 418.0; 6.0; 432.0; 289.0; -33.0; 256.0; 95.0; 161.0; 0.0; 161.0; 13.0; 165.0; 361.0; 289.0; 153.0; 154.0; 1.07; 1.07
2013-03-31; 1787.0; 1092.0; 695.0; 0.0; 448.0; -1.0; 468.0; 227.0; -30.0; 197.0; 73.0; 124.0; 0.0; 124.0; 20.0; 136.0; 297.0; 227.0; 158.0; 159.0; 0.86; 0.85
2012-12-31; 1774.2; 1072.89; 701.31; 0.0; 420.81; 3.5; 436.1; 265.21; -33.98; 231.22; 81.73; 149.49; 0.0; 149.49; -84.02; 56.09; 336.91; 265.21; 159.0; 160.0; 0.35; 0.35
2012-09-30; 1821.75; 1081.02; 740.73; 0.0; 416.85; -0.68; 436.11; 304.62; -33.65; 270.98; 103.98; 167.0; 0.0; 167.0; 4.54; 163.08; 375.89; 304.62; 158.78; 160.7; 1.02; 1.01
2012-06-30; 1878.35; 1101.92; 776.43; 0.0; 424.08; -0.18; 443.08; 333.35; -35.63; 297.72; 113.73; 183.99; 0.0; 183.99; 2.48; 177.71; 405.21; 333.35; 158.48; 159.78; 1.12; 1.11
2012-03-31; 1908.7; 1109.16; 799.53; 0.0; 483.25; 0.36; 501.71; 297.82; -29.74; 268.08; 102.56; 165.52; 0.0; 165.52; 3.0; 159.12; 369.99; 297.82; 158.29; 159.71; 1.0; 0.99
2011-12-31; 1760.82; 1045.03; 715.78; 0.0; 385.76; 0.27; 398.65; 317.13; -32.14; 285.0; 98.89; 186.11; 0.0; 186.11; 13.13; 189.87; 388.7; 317.13; 159.0; 160.0; 1.17; 1.16
2011-09-30; 1906.4; 1116.57; 789.83; 0.0; 446.6; -1.78; 467.78; 322.05; -38.78; 283.27; 101.13; 182.14; 0.0; 182.14; -0.25; 171.85; 395.4; 322.05; 157.82; 159.0; 1.08; 1.07
2011-06-30; 1903.2; 1104.39; 798.81; 0.0; 462.79; -0.57; 481.95; 316.85; -39.06; 277.8; 105.76; 172.03; 0.0; 172.03; -0.51; 163.14; 389.57; 316.85; 157.61; 159.35; 1.03; 1.02
2011-03-31; 1821.58; 1097.0; 724.58; 0.0; 447.86; -235.91; 693.62; 30.96; -28.02; 2.94; 49.23; -46.29; 0.0; -46.29; -0.37; -53.86; 94.33; 30.96; 161.49; 161.49; -0.33; -0.33
2010-12-31; 1715.23; 1038.73; 676.51; 0.0; 382.13; -7.54; 394.25; 282.26; -24.67; 257.59; 96.2; 161.39; 0.0; 161.39; 12.84; 165.76; 345.78; 282.26; 175.68; 177.32; 0.96; 0.96
2010-09-30; 1864.65; 1091.46; 773.19; 0.0; 426.56; 0.15; 436.32; 336.87; -25.85; 311.02; 102.9; 208.12; 0.0; 208.12; -0.36; 198.07; 401.0; 336.87; 173.23; 174.31; 1.14; 1.13
2010-06-30; 1874.73; 1078.97; 795.76; 0.0; 419.41; -1.18; 429.86; 365.89; -36.1; 329.79; 125.65; 204.14; 0.0; 204.14; -0.27; 194.62; 428.87; 365.89; 178.92; 180.76; 1.08; 1.07
2010-03-31; 1805.5; 1066.37; 739.13; 0.0; 430.73; -0.48; 440.57; 298.56; -21.98; 276.58; 105.38; 171.21; 0.0; 171.21; -0.05; 162.45; 361.89; 298.56; 180.22; 182.38; 0.9; 0.89
2009-12-31; 1848.27; 1070.24; 778.03; 0.0; 432.99; -5.12; 447.64; 330.39; -38.03; 292.36; 101.61; 190.76; 0.0; 190.76; -0.2; 181.59; 393.42; 330.39; 185.95; 187.8; 0.99; 0.97
2009-09-30; 1897.15; 1097.54; 799.61; 0.0; 441.57; -0.61; 451.33; 348.28; -22.04; 326.24; 125.14; 201.09; 0.0; 201.09; 0.54; 192.22; 411.89; 348.28; 185.12; 187.16; 1.03; 1.02
2009-06-30; 1901.82; 1100.21; 801.61; 0.0; 448.76; 15.9; 442.23; 359.38; -37.56; 321.82; 123.53; 198.28; 0.0; 198.28; 0.09; 188.2; 424.56; 359.38; 185.27; 187.0; 1.01; 1.0
2009-03-31; 1808.01; 1053.49; 754.52; 0.0; 424.3; -0.15; 433.45; 321.06; -33.55; 287.52; 110.19; 177.33; 0.0; 177.33; -1.67; 167.1; 385.92; 321.06; 189.37; 190.7; 0.88; 0.88
