Date; Revenue; Cost Of Goods Sold; Gross Profit; Research And Development Expenses; SG&A Expenses; Other Operating Income Or Expenses; Operating Expenses; Operating Income; Total Non-Operating Income/Expense; Pre-Tax Income; Income Taxes; Income After Taxes; Other Income; Income From Continuous Operations; Income From Discontinued Operations; Net Income; EBITDA; EBIT; Basic Shares Outstanding; Shares Outstanding; Basic EPS; EPS - Earnings Per Share
2022-09-30; 3566.0; 2775.0; 791.0; 0.0; 324.0; 0.0; 704.0; 87.0; -33.0; 54.0; 26.0; 28.0; 0.0; 28.0; 0.0; 27.0; 475.0; 87.0; 229.96; 233.17; 0.12; 0.12
2022-06-30; 3707.0; 2930.0; 777.0; 0.0; 349.0; 0.0; 738.0; 39.0; 83.0; 122.0; 19.0; 103.0; 0.0; 103.0; 0.0; 102.0; 437.0; 39.0; 232.48; 237.38; 0.44; 0.43
2022-03-31; 4008.0; 3161.0; 847.0; 0.0; 315.0; 0.0; 738.0; 109.0; 690.0; 799.0; 260.0; 539.0; 0.0; 539.0; 0.0; 530.0; 542.0; 109.0; 250.02; 255.21; 2.13; 2.1
2021-12-31; 4089.0; 3179.0; 910.0; 0.0; 340.0; -2.0; 766.0; 144.0; 22.0; 166.0; 64.0; 102.0; 0.0; 102.0; 0.0; 98.0; 574.0; 144.0; 250.27; 254.82; 0.39; 0.38
2021-09-30; 4027.0; 3088.0; 939.0; 0.0; 370.0; -281.0; 1099.0; -160.0; -88.0; -248.0; -61.0; -187.0; 0.0; -187.0; 0.0; -188.0; 292.0; -160.0; 252.4; 252.4; -0.74; -0.74
2021-06-30; 4141.0; 3255.0; 886.0; 0.0; 383.0; -28.0; 833.0; 53.0; 371.0; 424.0; 142.0; 282.0; 0.0; 282.0; 0.0; 278.0; 480.0; 53.0; 254.67; 260.32; 1.09; 1.07
2021-03-31; 4385.0; 3561.0; 824.0; 0.0; 471.0; 0.0; 990.0; -166.0; -627.0; -793.0; 11.0; -804.0; 0.0; -804.0; 0.0; -798.0; 319.0; -166.0; 254.14; 254.14; -3.14; -3.11
2020-12-31; 4288.0; 3333.0; 955.0; 0.0; 517.0; 0.0; 992.0; -37.0; 2015.0; 1978.0; 875.0; 1103.0; 0.0; 1103.0; 0.0; 1098.0; 444.0; -37.0; 254.32; 255.75; 4.32; 4.29
2020-09-30; 4554.0; 3563.0; 991.0; 0.0; 539.0; 0.0; 1064.0; -73.0; -233.0; -306.0; -60.0; -246.0; 0.0; -246.0; 0.0; -244.0; 456.0; -73.0; 254.13; 254.13; -0.96; -0.96
2020-06-30; 4502.0; 3629.0; 873.0; 0.0; 539.0; 0.0; 1031.0; -158.0; -67.0; -225.0; -26.0; -199.0; 0.0; -199.0; 0.0; -205.0; 338.0; -158.0; 253.63; 253.63; -0.81; -0.81
2020-03-31; 4815.0; 3773.0; 1042.0; 0.0; 536.0; 0.0; 1062.0; -20.0; -3542.0; -3562.0; -61.0; -3501.0; 0.0; -3501.0; 0.0; -3495.0; 4361.0; -20.0; 258.57; 258.57; -13.5; -13.5
2019-12-31; 5021.0; 3827.0; 1194.0; 0.0; 518.0; 0.0; 997.0; 197.0; -70.0; 127.0; 37.0; 90.0; 0.0; 90.0; 0.0; 82.0; 733.0; 197.0; 255.09; 256.05; 0.32; 0.32
2019-09-30; 4851.0; 3679.0; 1172.0; 0.0; 489.0; 0.0; 956.0; 216.0; -2215.0; -1999.0; 116.0; -2115.0; 0.0; -2115.0; 0.0; -2119.0; 3575.0; 216.0; 258.71; 258.71; -8.19; -8.19
2019-06-30; 4890.0; 3622.0; 1268.0; 0.0; 507.0; 0.0; 977.0; 291.0; -85.0; 206.0; 38.0; 168.0; 0.0; 168.0; 0.0; 163.0; 765.0; 291.0; 267.0; 268.97; 0.61; 0.61
2019-03-31; 5280.0; 3836.0; 1444.0; 0.0; 459.0; 0.0; 964.0; 480.0; -126.0; 354.0; 83.0; 271.0; 0.0; 271.0; 0.0; 274.0; 979.0; 480.0; 277.54; 281.43; 1.01; 0.99
2018-12-31; 5178.0; 3725.0; 1453.0; 0.0; 491.0; 0.0; 999.0; 454.0; 15.0; 469.0; 3.0; 466.0; 0.0; 466.0; 0.0; 462.0; 966.0; 454.0; 275.66; 278.99; 1.68; 1.66
2018-09-30; 5013.0; 3518.0; 1495.0; 0.0; 569.0; 0.0; 1053.0; 442.0; -110.0; 332.0; 73.0; 259.0; 0.0; 259.0; 0.0; 262.0; 935.0; 442.0; 281.37; 285.78; 0.93; 0.92
2018-06-30; 5282.0; 3867.0; 1415.0; 0.0; 440.0; 0.0; 911.0; 504.0; -144.0; 360.0; 129.0; 231.0; 0.0; 231.0; 35.0; 259.0; 1013.0; 504.0; 284.44; 289.3; 0.91; 0.9
2018-03-31; 5584.0; 4087.0; 1497.0; 0.0; 406.0; 0.0; 937.0; 560.0; 28.0; 588.0; 61.0; 527.0; 0.0; 527.0; 38.0; 560.0; 1183.0; 560.0; 284.93; 289.77; 1.97; 1.93
2017-12-31; 5460.0; 4051.0; 1409.0; 0.0; 447.0; 0.0; 887.0; 522.0; -181.0; 341.0; -365.0; 706.0; 0.0; 706.0; 73.0; 776.0; 1005.0; 522.0; 285.38; 289.77; 2.72; 2.68
2017-09-30; 5453.0; 3870.0; 1583.0; 0.0; 644.0; 0.0; 1126.0; 457.0; -173.0; 284.0; 79.0; 205.0; 0.0; 205.0; 60.0; 256.0; 998.0; 457.0; 284.87; 289.29; 0.9; 0.88
2017-06-30; 5236.0; 4309.0; 927.0; 0.0; 393.0; 0.0; 735.0; 192.0; -101.0; 91.0; -17.0; 108.0; 0.0; 108.0; 65.0; 159.0; 555.0; 192.0; 283.83; 289.47; 0.56; 0.55
2017-03-31; 1889.0; 1418.0; 471.0; 0.0; 351.0; 0.0; 504.0; -33.0; -154.0; -187.0; -49.0; -138.0; 0.0; -138.0; 0.0; -148.0; 139.0; -33.0; 140.39; 140.39; -1.06; -1.04
2016-12-31; 1917.0; 1347.0; 570.0; 0.0; 333.0; 0.0; 494.0; 76.0; -26.0; 50.0; 13.0; 37.0; 0.0; 37.0; 0.0; 31.0; 240.0; 76.0; 140.88; 144.81; 0.22; 0.21
2016-09-30; 1871.0; 1363.0; 508.0; 0.0; 293.0; 0.0; 460.0; 48.0; -49.0; -1.0; -22.0; 21.0; 0.0; 21.0; 0.0; 15.0; 218.0; 48.0; 140.53; 143.78; 0.11; 0.1
2016-06-30; 1930.0; 1421.0; 509.0; 0.0; 305.0; 0.0; 471.0; 38.0; -74.0; -36.0; -16.0; -20.0; 0.0; -20.0; 0.0; -21.0; 207.0; 38.0; 138.98; 138.98; -0.15; -0.15
2016-03-31; 1807.0; 1460.0; 347.0; 0.0; 251.0; -95.0; 501.0; -154.0; -33.0; -187.0; -86.0; -101.0; 0.0; -101.0; -25.0; -126.0; 5.0; -154.0; 138.05; 138.05; -0.91; -0.91
2015-12-31; 1750.0; 1216.0; 534.0; 0.0; 259.0; 0.0; 420.0; 114.0; -36.0; 78.0; 56.0; 22.0; 0.0; 22.0; 30.0; 50.0; 312.0; 114.0; 138.86; 141.57; 0.36; 0.35
2015-09-30; 1745.0; 1237.0; 508.0; 0.0; 269.0; 0.0; 437.0; 71.0; -24.0; 47.0; -46.0; 93.0; 0.0; 93.0; 84.0; 171.0; 274.0; 71.0; 138.3; 140.85; 1.24; 1.21
2015-06-30; 1804.0; 1272.0; 532.0; 0.0; 271.0; 0.0; 445.0; 87.0; -15.0; 72.0; 7.0; 65.0; 0.0; 65.0; 102.0; 163.0; 294.0; 87.0; 137.92; 141.39; 1.18; 1.15
2015-03-31; 1910.0; 1618.0; 292.0; 0.0; 268.0; 0.0; 450.0; -158.0; -270.0; -428.0; -297.0; -131.0; 0.0; -131.0; 143.0; 9.0; 57.0; -158.0; 140.76; 140.76; 0.06; 0.06
2014-12-31; 1949.0; 1572.0; 377.0; 0.0; 517.0; 0.0; 722.0; -345.0; -41.0; -386.0; -192.0; -194.0; 0.0; -194.0; -119.0; -314.0; -107.0; -345.0; 140.64; 140.64; -2.23; -2.23
2014-09-30; 3080.0; 2207.0; 873.0; 0.0; 346.0; 0.0; 598.0; 275.0; -30.0; 245.0; 68.0; 177.0; 0.0; 177.0; -21.0; 151.0; 527.0; 275.0; 143.28; 145.6; 1.05; 1.04
2014-06-30; 3237.0; 2364.0; 873.0; 0.0; 344.0; 0.0; 616.0; 257.0; -43.0; 214.0; 55.0; 159.0; 0.0; 159.0; -8.0; 146.0; 529.0; 257.0; 145.34; 148.25; 1.0; 0.98
2014-03-31; 3329.0; 2257.0; 1072.0; 0.0; 300.0; 0.0; 565.0; 507.0; -75.0; 432.0; 156.0; 276.0; 0.0; 276.0; -3.0; 270.0; 772.0; 507.0; 145.95; 149.25; 1.85; 1.81
2013-12-31; 3228.0; 2261.0; 967.0; 0.0; 318.0; 0.0; 569.0; 398.0; -40.0; 358.0; 77.0; 281.0; 0.0; 281.0; -5.0; 271.0; 649.0; 398.0; 146.74; 149.36; 1.85; 1.81
2013-09-30; 3187.0; 2317.0; 870.0; 0.0; 314.0; 0.0; 562.0; 308.0; -69.0; 239.0; 77.0; 162.0; 0.0; 162.0; 80.0; 232.0; 555.0; 308.0; 148.05; 150.97; 1.57; 1.54
2013-06-30; 3254.0; 2437.0; 817.0; 0.0; 288.0; 0.0; 542.0; 275.0; -41.0; 234.0; 73.0; 161.0; 0.0; 161.0; 16.0; 174.0; 530.0; 275.0; 149.85; 152.24; 1.16; 1.14
2013-03-31; 3498.0; 2836.0; 662.0; 0.0; 351.0; 0.0; 620.0; 42.0; -148.0; -106.0; -156.0; 50.0; 0.0; 50.0; 36.0; 80.0; 311.0; 42.0; 154.59; 155.56; 0.53; 0.56
2012-12-31; 3536.0; 2767.0; 769.0; 0.0; 271.0; 0.0; 539.0; 230.0; -86.0; 144.0; 30.0; 114.0; 0.0; 114.0; 399.0; 510.0; 498.0; 230.0; 155.04; 156.08; 3.29; 3.27
2012-09-30; 3528.0; 2713.0; 815.0; 0.0; 294.0; 0.0; 565.0; 250.0; -88.0; 162.0; 46.0; 116.0; 0.0; 116.0; 22.0; 130.0; 521.0; 250.0; 155.36; 155.75; 0.84; 0.83
2012-06-30; 3633.0; 2977.0; 656.0; 0.0; 281.0; 0.0; 543.0; 113.0; -78.0; 35.0; 18.0; 17.0; 0.0; 17.0; 25.0; 40.0; 375.0; 113.0; 155.23; 155.65; 0.26; 0.26
2012-03-31; 2987.0; 1528.0; 1459.0; 0.0; 302.0; 0.0; 572.0; 887.0; 2333.0; 3220.0; -117.0; 3337.0; 0.0; 3337.0; 133.0; 3468.0; -1420.0; 887.0; 155.01; 155.01; 22.37; 22.38
2011-12-31; 3687.0; 4467.0; -780.0; 0.0; 272.0; 0.0; 573.0; -1353.0; -106.0; -1459.0; -38.0; -1421.0; 0.0; -1421.0; 30.0; -1390.0; -971.0; -1353.0; 155.06; 155.06; -8.96; -8.96
2011-09-30; 3966.0; 3510.0; 456.0; 0.0; 307.0; 0.0; 597.0; -141.0; -2713.0; -2854.0; 12.0; -2866.0; 0.0; -2866.0; 0.0; -2877.0; 2863.0; -141.0; 155.04; 155.04; -18.56; -18.56
2011-06-30; 4033.0; 3365.0; 668.0; 0.0; 264.0; 0.0; 542.0; 126.0; -25.0; 101.0; -85.0; 186.0; 0.0; 186.0; -1.0; 183.0; 418.0; 126.0; 154.84; 155.99; 1.18; 1.17
2011-03-31; 3742.0; 3039.0; 703.0; 0.0; 218.0; 0.0; 489.0; 214.0; -22.0; 192.0; 79.0; 113.0; 0.0; 113.0; 62.0; 171.0; 497.0; 214.0; 154.49; 156.6; 1.1; 1.1
2010-12-31; 3995.0; 3221.0; 774.0; 0.0; 242.0; 0.0; 511.0; 263.0; -33.0; 230.0; -14.0; 244.0; 0.0; 244.0; -1.0; 242.0; 549.0; 263.0; 154.53; 156.72; 1.57; 1.54
2010-09-30; 3935.0; 3148.0; 787.0; 0.0; 246.0; 0.0; 518.0; 269.0; -24.0; 245.0; 71.0; 174.0; 0.0; 174.0; 19.0; 184.0; 563.0; 269.0; 154.39; 155.77; 1.19; 1.18
2010-06-30; 3910.0; 3170.0; 740.0; 0.0; 243.0; 0.0; 499.0; 241.0; -30.0; 211.0; 66.0; 145.0; 0.0; 145.0; 3.0; 143.0; 518.0; 241.0; 154.22; 156.53; 0.93; 0.91
2010-03-31; 4029.0; 3142.0; 887.0; 0.0; 249.0; 0.0; 519.0; 368.0; -82.0; 286.0; 26.0; 260.0; 0.0; 260.0; 0.0; 259.0; 646.0; 368.0; 152.46; 154.75; 1.7; 1.67
2009-12-31; 3953.0; 3105.0; 848.0; 0.0; 239.0; 0.0; 519.0; 329.0; -38.0; 291.0; 75.0; 216.0; 0.0; 216.0; 0.0; 211.0; 630.0; 329.0; 152.78; 155.43; 1.38; 1.36
2009-09-30; 4041.0; 3215.0; 826.0; 0.0; 246.0; 0.0; 521.0; 305.0; -45.0; 260.0; 39.0; 221.0; 0.0; 221.0; 0.0; 216.0; 599.0; 305.0; 151.84; 154.13; 1.42; 1.4
2009-06-30; 3898.0; 3156.0; 742.0; 0.0; 247.0; 0.0; 517.0; 225.0; -40.0; 185.0; 52.0; 133.0; 0.0; 133.0; 0.0; 131.0; 508.0; 225.0; 151.54; 152.8; 0.86; 0.85
2009-03-31; 3804.0; 2903.0; 901.0; 0.0; 247.0; 0.0; 515.0; 386.0; -64.0; 322.0; -59.0; 381.0; 0.0; 381.0; 0.0; 381.0; 669.0; 386.0; 151.39; 152.61; 2.53; 2.51
