Date; Revenue; Cost Of Goods Sold; Gross Profit; Research And Development Expenses; SG&A Expenses; Other Operating Income Or Expenses; Operating Expenses; Operating Income; Total Non-Operating Income/Expense; Pre-Tax Income; Income Taxes; Income After Taxes; Other Income; Income From Continuous Operations; Income From Discontinued Operations; Net Income; EBITDA; EBIT; Basic Shares Outstanding; Shares Outstanding; Basic EPS; EPS - Earnings Per Share
2022-12-31; 1962.0; 525.0; 1437.0; 0.0; 949.0; 0.0; 949.0; 488.0; 0.0; 488.0; 102.0; 386.0; 0.0; 386.0; 0.0; 346.0; 0.0; 0.0; 183.0; 184.0; 1.89; 1.88
2022-09-30; 1772.0; 249.0; 1523.0; 0.0; 955.0; 0.0; 955.0; 568.0; 0.0; 568.0; 123.0; 445.0; 0.0; 445.0; 0.0; 405.0; 0.0; 0.0; 182.0; 183.0; 2.23; 2.21
2022-06-30; 1579.0; 70.0; 1509.0; 0.0; 944.0; 0.0; 944.0; 565.0; 0.0; 565.0; 132.0; 433.0; 0.0; 433.0; 0.0; 392.0; 0.0; 0.0; 180.0; 181.0; 2.18; 2.16
2022-03-31; 1440.0; 44.0; 1396.0; 0.0; 876.0; 0.0; 876.0; 520.0; 0.0; 520.0; 119.0; 401.0; 0.0; 401.0; 0.0; 364.0; 0.0; 0.0; 180.0; 182.0; 2.03; 2.0
2021-12-31; 1414.0; 47.0; 1367.0; 0.0; 890.0; 0.0; 890.0; 477.0; 0.0; 477.0; 77.0; 400.0; 0.0; 400.0; 0.0; 368.0; 0.0; 0.0; 177.0; 180.0; 2.05; 2.03
2021-09-30; 1369.0; 66.0; 1303.0; 0.0; 832.0; 0.0; 832.0; 471.0; 0.0; 471.0; 101.0; 370.0; 0.0; 370.0; 0.0; 345.0; 0.0; 0.0; 178.0; 180.0; 1.94; 1.91
2021-06-30; 1304.0; 75.0; 1229.0; 0.0; 778.0; 0.0; 778.0; 451.0; 0.0; 451.0; 78.0; 373.0; 0.0; 373.0; 0.0; 350.0; 0.0; 0.0; 176.0; 179.0; 1.98; 1.95
2021-03-31; 1218.0; 83.0; 1135.0; 0.0; 706.0; 0.0; 706.0; 429.0; 0.0; 429.0; 94.0; 335.0; 0.0; 335.0; 0.0; 316.0; 0.0; 0.0; 175.0; 177.0; 1.81; 1.79
2020-12-31; 1179.88; 99.3; 1080.58; 0.0; 712.57; 0.0; 712.57; 368.01; 0.0; 379.29; 83.88; 295.41; 0.0; 295.41; 0.0; 279.06; 0.0; 0.0; 172.0; 173.0; 1.62; 1.6
2020-09-30; 1132.96; 131.7; 1001.26; 0.0; 636.75; 0.0; 636.75; 364.51; 0.0; 364.51; 71.38; 293.14; 0.0; 293.14; 0.0; 278.32; 0.0; 0.0; 172.14; 172.93; 1.62; 1.61
2020-06-30; 1074.99; 156.01; 918.98; 0.0; 589.3; 0.0; 600.58; 318.41; 0.0; 318.41; 61.64; 256.77; 0.0; 256.77; 0.0; 241.95; 0.0; 0.0; 171.63; 172.66; 1.41; 1.4
2020-03-31; 1120.16; 203.99; 916.18; 0.0; 644.39; 0.0; 644.39; 271.79; 0.0; 271.79; 53.1; 218.69; 0.0; 218.69; 0.0; 205.67; 0.0; 0.0; 170.84; 172.04; 1.2; 1.2
2019-12-31; 1093.6; 216.52; 877.08; 0.0; 568.27; 0.0; 568.27; 308.8; 0.0; 308.8; 62.8; 246.0; 0.0; 246.0; 0.0; 235.36; 0.0; 0.0; 168.0; 170.0; 1.4; 1.39
2019-09-30; 1051.98; 214.79; 837.19; 0.0; 550.66; 0.0; 550.66; 286.53; 0.0; 286.53; 51.69; 234.84; 0.0; 234.84; 0.0; 222.06; 0.0; 0.0; 168.27; 169.35; 1.32; 1.31
2019-06-30; 1031.08; 211.71; 819.38; 0.0; 550.05; 0.0; 550.05; 269.32; 0.0; 269.32; 46.76; 222.56; 0.0; 222.56; 0.0; 209.78; 0.0; 0.0; 167.69; 169.57; 1.25; 1.24
2019-03-31; 979.34; 171.98; 807.36; 0.0; 539.01; 0.0; 539.01; 268.34; 0.0; 268.34; 41.75; 226.59; 0.0; 226.59; 0.0; 213.8; 0.0; 0.0; 167.11; 169.41; 1.28; 1.26
2018-12-31; 972.2; 161.45; 810.75; 0.0; 523.67; 0.0; 523.67; 287.08; 0.0; 287.08; 55.66; 231.42; 0.0; 231.42; 0.0; 215.19; 0.0; 0.0; 162.95; 165.61; 1.31; 1.29
2018-09-30; 914.41; 145.58; 768.83; 0.0; 502.63; 0.0; 502.63; 266.2; 0.0; 266.2; 52.65; 213.55; 0.0; 213.55; 0.0; 196.43; 0.0; 0.0; 163.05; 165.5; 1.2; 1.19
2018-06-30; 866.86; 122.75; 744.11; 0.0; 491.93; 0.0; 491.93; 252.19; 0.0; 252.19; 42.41; 209.78; 0.0; 209.78; 0.0; 197.62; 0.0; 0.0; 162.15; 165.01; 1.22; 1.2
2018-03-31; 821.58; 100.72; 720.86; 0.0; 474.58; 0.0; 474.58; 246.28; 0.0; 246.28; 47.2; 199.08; 0.0; 199.08; 0.0; 186.86; 0.0; 0.0; 161.75; 164.84; 1.16; 1.13
2017-12-31; 793.1; 93.94; 699.16; 0.0; 462.58; 0.0; 462.58; 236.57; 0.0; 236.57; 42.3; 194.28; 0.0; 194.28; 0.0; 180.0; 0.0; 0.0; 157.62; 162.34; 1.12; 1.1
2017-09-30; 756.5; 86.21; 670.29; 0.0; 428.47; 0.0; 428.47; 241.81; 0.0; 241.81; 41.8; 200.01; 0.0; 200.01; 0.0; 185.74; 0.0; 0.0; 157.75; 162.38; 1.18; 1.14
2017-06-30; 708.53; 67.19; 641.34; 0.0; 421.04; 0.0; 421.04; 220.3; 0.0; 220.3; 33.7; 186.6; 0.0; 186.6; 0.0; 172.26; 0.0; 0.0; 157.3; 162.34; 1.1; 1.06
2017-03-31; 653.95; 52.81; 601.14; 0.0; 387.63; 0.0; 387.63; 213.52; 0.0; 213.52; 36.74; 176.77; 0.0; 176.77; 0.0; 161.62; 0.0; 0.0; 155.01; 160.43; 1.04; 1.01
2016-12-31; 646.43; 46.97; 599.46; 0.0; 389.84; 0.0; 389.84; 209.62; 0.0; 228.78; 49.67; 179.12; 0.0; 179.12; 0.0; 161.74; 0.0; 0.0; 148.75; 154.09; 1.07; 1.03
2016-09-30; 601.59; 43.71; 557.88; 0.0; 349.62; 0.0; 355.74; 202.14; 0.0; 202.14; 30.32; 171.82; 0.0; 171.82; 0.0; 154.44; 0.0; 0.0; 149.8; 154.82; 1.03; 1.0
2016-06-30; 572.87; 37.79; 535.08; 0.0; 327.9; 0.0; 334.28; 200.79; 0.0; 200.79; 35.8; 165.0; 0.0; 165.0; 0.0; 147.62; 0.0; 0.0; 147.21; 152.6; 1.0; 0.97
2016-03-31; 554.8; 35.24; 519.57; 0.0; 317.02; 0.0; 323.69; 195.88; 0.0; 195.88; 38.38; 157.5; 0.0; 157.5; 0.0; 141.03; 0.0; 0.0; 145.96; 151.7; 0.97; 0.93
2015-12-31; 531.36; 36.51; 494.85; 0.0; 306.04; 0.0; 312.97; 181.88; 0.0; 181.88; 41.84; 140.05; 0.0; 140.05; 0.0; 124.73; 0.0; 0.0; 141.69; 145.51; 0.88; 0.85
2015-09-30; 505.77; 37.15; 468.63; 0.0; 285.67; 0.0; 290.4; 178.23; 0.0; 178.23; 43.39; 134.84; 0.0; 134.84; 0.0; 119.53; 0.0; 0.0; 142.15; 145.89; 0.84; 0.82
2015-06-30; 492.19; 36.89; 455.3; 0.0; 275.18; 0.0; 280.12; 175.18; 0.0; 175.18; 43.84; 131.34; 0.0; 131.34; 0.0; 116.93; 0.0; 0.0; 141.93; 145.71; 0.82; 0.8
2015-03-31; 459.82; 36.88; 422.94; 0.0; 262.4; 0.0; 267.56; 155.38; 0.0; 155.38; 39.47; 115.91; 0.0; 115.91; 0.0; 102.02; 0.0; 0.0; 138.84; 142.79; 0.73; 0.71
2014-12-31; 454.83; 38.14; 416.69; 0.0; 252.86; 0.0; 258.23; 158.46; 0.0; 158.46; 43.0; 115.46; 0.0; 115.46; 0.0; 101.57; 0.0; 0.0; 136.42; 140.5; 0.73; 0.72
2014-09-30; 481.07; 40.41; 440.66; 0.0; 246.31; 0.0; 251.89; 188.77; 0.0; 188.77; 52.76; 136.01; 0.0; 136.01; 0.0; 122.12; 0.0; 0.0; 137.66; 141.55; 0.89; 0.86
2014-06-30; 447.14; 37.09; 410.05; 0.0; 238.74; 0.0; 244.53; 165.52; 0.0; 165.52; 44.69; 120.83; 0.0; 120.83; 0.0; 106.94; 0.0; 0.0; 137.28; 141.47; 0.78; 0.76
2014-03-31; 418.32; 36.61; 381.71; 0.0; 218.58; 0.0; 224.59; 157.13; 0.0; 157.13; 42.42; 114.7; 0.0; 114.7; 0.0; 100.81; 0.0; 0.0; 132.88; 137.29; 0.76; 0.73
2013-12-31; 409.68; 38.65; 371.02; 0.0; 202.53; 0.0; 208.74; 162.28; 0.0; 162.28; 46.98; 115.3; 0.0; 115.3; 0.0; 102.5; 0.0; 0.0; 131.33; 135.95; 0.78; 0.75
2013-09-30; 399.68; 37.84; 361.84; 0.0; 195.27; 0.0; 201.7; 160.14; 0.0; 160.14; 48.4; 111.75; 0.0; 111.75; 0.0; 101.36; 0.0; 0.0; 131.44; 136.13; 0.77; 0.74
2013-06-30; 394.99; 29.65; 365.34; 0.0; 194.87; 0.0; 201.51; 163.83; 0.0; 163.83; 51.36; 112.47; 0.0; 112.47; 0.0; 102.76; 0.0; 0.0; 131.1; 135.59; 0.78; 0.76
2013-03-31; 396.01; 25.7; 370.32; 0.0; 186.16; 0.0; 193.01; 177.31; 0.0; 177.31; 54.75; 122.55; 0.0; 122.55; 0.0; 114.78; 0.0; 0.0; 130.85; 135.25; 0.88; 0.85
2012-12-31; 384.2; 26.25; 357.95; 0.0; 174.55; 0.0; 179.47; 178.47; 0.0; 178.47; 69.67; 108.8; 0.0; 108.8; 0.0; 102.27; 0.0; 0.0; 130.05; 134.19; 0.78; 0.76
2012-09-30; 371.18; 28.52; 342.66; 0.0; 189.81; 0.0; 194.9; 147.76; 0.0; 147.76; 45.07; 102.7; 0.0; 102.7; 0.0; 97.03; 0.0; 0.0; 130.19; 134.37; 0.75; 0.72
2012-06-30; 358.77; 31.53; 327.24; 0.0; 181.26; 0.0; 186.43; 140.81; 0.0; 140.81; 42.27; 98.53; 0.0; 98.53; 0.0; 80.62; 0.0; 0.0; 129.89; 134.0; 0.62; 0.6
2012-03-31; 341.8; 27.89; 313.91; 0.0; 174.32; 0.0; 179.61; 134.31; 0.0; 134.31; 41.63; 92.67; 0.0; 92.67; 0.0; 89.31; 0.0; 0.0; 129.5; 133.62; 0.69; 0.67
2011-12-31; 344.16; 29.22; 314.94; 0.0; 158.8; 0.0; 164.24; 150.7; 0.0; 150.7; 56.64; 94.06; 0.0; 94.06; 0.0; 92.99; 0.0; 0.0; 129.06; 132.72; 0.72; 0.7
2011-09-30; 330.61; 31.43; 299.17; 0.0; 154.72; 0.0; 160.32; 138.85; 0.0; 138.85; 49.99; 88.86; 0.0; 88.86; 0.0; 87.79; 0.0; 0.0; 129.21; 132.44; 0.68; 0.66
2011-06-30; 313.13; 29.13; 284.0; 0.0; 146.09; 0.0; 151.85; 132.14; 0.0; 132.14; 46.14; 86.0; 0.0; 86.0; 0.0; 84.83; 0.0; 0.0; 128.86; 133.09; 0.66; 0.64
2011-03-31; 312.99; 27.43; 285.56; 0.0; 136.69; 0.0; 142.6; 142.96; 0.0; 142.96; 52.9; 90.06; 0.0; 90.06; 0.0; 88.77; 0.0; 0.0; 128.86; 132.51; 0.69; 0.67
2010-12-31; 310.39; 26.37; 284.02; 0.0; 189.4; 0.0; 195.47; 88.55; 0.0; 126.7; 49.54; 77.16; 0.0; 75.97; 0.0; 75.97; 0.0; 0.0; 125.11; 127.55; 0.61; 0.6
2010-09-30; 282.86; 27.59; 255.27; 0.0; 134.47; 0.0; 140.7; 114.56; 0.0; 114.56; 46.97; 67.59; 0.0; 67.59; 0.0; 66.39; 0.0; 0.0; 124.13; 125.86; 0.53; 0.53
2010-06-30; 269.01; 45.72; 223.29; 0.0; 115.29; 0.0; 115.29; 108.0; 0.0; 108.0; 46.26; 61.74; 0.0; 61.74; 0.0; 60.55; 0.0; 0.0; 0.0; 0.0; 0.0; 0.0
2010-03-31; 289.28; 49.88; 239.4; 0.0; 119.02; 0.0; 119.02; 120.38; 0.0; 120.38; 50.88; 69.5; 0.0; 69.5; 0.0; 68.3; 0.0; 0.0; 0.0; 0.0; 0.0; 0.0
2009-12-31; 0.0; 0.0; 0.0; 0.0; 0.0; 0.0; 0.0; 0.0; 0.0; 0.0; 0.0; 0.0; 0.0; 0.0; 0.0; 0.0; 0.0; 0.0; 0.0; 0.0; 0.0; 0.0
