Date; Revenue; Cost Of Goods Sold; Gross Profit; Research And Development Expenses; SG&A Expenses; Other Operating Income Or Expenses; Operating Expenses; Operating Income; Total Non-Operating Income/Expense; Pre-Tax Income; Income Taxes; Income After Taxes; Other Income; Income From Continuous Operations; Income From Discontinued Operations; Net Income; EBITDA; EBIT; Basic Shares Outstanding; Shares Outstanding; Basic EPS; EPS - Earnings Per Share
2022-09-30; 5675.27; 3695.61; 1979.67; 0.0; 1458.42; -6.15; 1551.13; 428.54; -10.6; 417.94; 105.58; 312.36; 0.0; 312.36; 0.0; 312.36; 515.1; 428.54; 141.34; 142.11; 2.21; 2.2
2022-06-30; 5602.41; 3641.61; 1960.8; 0.0; 1364.02; -2.9; 1452.8; 508.0; -16.43; 491.57; 119.04; 372.53; 0.0; 372.53; 0.0; 372.53; 593.89; 508.0; 141.58; 142.3; 2.63; 2.62
2022-03-31; 5294.64; 3468.69; 1825.95; 0.0; 1403.98; -4.49; 1495.84; 330.1; -4.39; 325.72; 79.88; 245.84; 0.0; 245.84; 0.0; 245.84; 417.47; 330.1; 141.92; 142.84; 1.73; 1.72
2021-12-31; 4803.21; 3109.76; 1693.45; 0.0; 1279.27; -3.51; 1355.37; 338.08; 7.83; 345.91; 89.91; 256.0; 0.0; 256.0; 0.0; 256.0; 410.68; 338.08; 143.44; 144.22; 1.8; 1.78
2021-09-30; 4818.85; 3108.08; 1710.77; 0.0; 1338.77; -4.28; 1415.17; 295.59; 3.38; 298.97; 70.39; 228.59; 0.0; 228.59; 0.0; 228.59; 367.71; 295.59; 142.87; 143.59; 1.6; 1.59
2021-06-30; 4783.74; 3094.63; 1689.11; 0.0; 1349.31; -5.04; 1428.31; 260.8; 8.81; 269.61; 73.11; 196.5; 0.0; 196.5; 0.0; 196.5; 334.76; 260.8; 144.21; 144.98; 1.36; 1.36
2021-03-31; 4464.71; 2923.9; 1540.82; 0.0; 1195.16; -4.91; 1272.37; 268.45; 17.41; 285.86; 68.15; 217.71; 0.0; 217.71; 0.0; 217.71; 340.74; 268.45; 144.41; 145.3; 1.51; 1.5
2020-12-31; 4251.6; 2803.48; 1448.11; 0.0; 1132.3; -0.12; 1213.19; 234.92; -9.37; 225.55; 53.91; 171.63; 0.0; 171.63; -0.43; 171.2; 304.68; 234.92; 144.47; 145.12; 1.19; 1.2
2020-09-30; 4370.09; 2842.02; 1528.07; 0.0; 1140.16; -5.63; 1225.85; 302.21; -4.55; 297.67; 64.75; 232.92; 0.0; 232.92; -5.39; 227.53; 371.31; 302.21; 144.27; 145.03; 1.58; 1.57
2020-06-30; 3823.23; 2532.74; 1290.49; 0.0; 971.59; -11.3; 1581.4; -290.91; -13.52; -304.44; 59.06; -363.5; 0.0; -363.5; -200.87; -564.37; 282.54; -290.91; 144.26; 144.26; -3.91; -3.91
2020-03-31; 4092.53; 2704.35; 1388.18; 0.0; 1142.7; -6.52; 1219.45; 168.73; -8.13; 160.59; 38.25; 122.35; 0.0; 122.35; 14.19; 136.53; 235.98; 168.73; 145.05; 145.62; 0.94; 0.94
2019-12-31; 3802.19; 2438.61; 1363.58; 0.0; 1070.71; -3.2; 1240.87; 122.71; -41.02; 81.69; 17.24; 64.45; 0.0; 64.45; -55.53; 8.92; 193.0; 122.71; 145.74; 146.42; 0.06; 0.06
2019-09-30; 4525.28; 3020.05; 1505.23; 0.0; 1175.7; -1.19; 1242.56; 262.68; 21.2; 283.88; 71.62; 212.26; 0.0; 212.26; 15.23; 227.49; 328.34; 262.68; 145.57; 146.19; 1.56; 1.56
2019-06-30; 4457.93; 2975.23; 1482.7; 0.0; 1127.3; -5.51; 1195.49; 287.21; -5.01; 282.2; 72.68; 209.52; 0.0; 209.52; 14.91; 224.43; 346.53; 287.21; 146.07; 146.74; 1.54; 1.53
2019-03-31; 4736.83; 3228.66; 1508.17; 0.0; 1203.9; -3.97; 1269.85; 238.32; -26.8; 211.51; 51.26; 160.25; 0.0; 160.25; 0.0; 160.25; 300.29; 238.32; 145.98; 146.69; 1.1; 1.09
2018-12-31; 2700.32; 1622.2; 1078.13; 0.0; 839.95; -4.62; 894.26; 183.87; -10.55; 173.31; 47.55; 125.76; 0.0; 125.76; 0.0; 186.7; 233.56; 183.87; 146.66; 147.24; 1.28; 1.27
2018-09-30; 4722.92; 3238.69; 1484.23; 0.0; 1119.27; -4.94; 1185.29; 298.95; -7.21; 291.74; 71.51; 220.23; 0.0; 220.23; 0.0; 220.23; 360.03; 298.95; 146.76; 147.45; 1.5; 1.49
2018-06-30; 4822.06; 3300.48; 1521.59; 0.0; 1148.22; -3.67; 1210.33; 311.25; -10.98; 300.27; 73.3; 226.97; 0.0; 226.97; 0.0; 226.97; 369.7; 311.25; 146.75; 147.26; 1.55; 1.54
2018-03-31; 4586.29; 3150.49; 1435.81; 0.0; 1133.77; -2.7; 1194.84; 240.97; -11.65; 229.32; 52.74; 176.58; 0.0; 176.58; 0.0; 176.58; 299.33; 240.97; 146.73; 147.32; 1.2; 1.2
2017-12-31; 4207.07; 2923.0; 1284.07; 0.0; 1010.43; -4.75; 1065.24; 218.84; 3.16; 222.0; 113.82; 108.18; 0.0; 108.18; 0.0; 108.18; 268.89; 218.84; 147.14; 147.7; 0.74; 0.73
2017-09-30; 4095.91; 2869.02; 1226.89; 0.0; 931.5; -3.51; 975.28; 251.61; -5.25; 246.35; 87.91; 158.44; 0.0; 158.44; 0.0; 158.44; 291.88; 251.61; 146.72; 147.22; 1.08; 1.08
2017-06-30; 4100.18; 2860.47; 1239.71; 0.0; 906.94; -2.55; 948.72; 290.99; 6.15; 297.14; 107.17; 189.97; 0.0; 189.97; 0.0; 189.97; 330.22; 290.99; 147.08; 147.65; 1.29; 1.29
2017-03-31; 3905.64; 2749.92; 1155.72; 0.0; 877.36; -3.13; 918.62; 237.11; 6.67; 243.78; 83.61; 160.16; 0.0; 160.16; 0.0; 160.16; 275.24; 237.11; 148.15; 148.79; 1.08; 1.08
2016-12-31; 3780.07; 2648.98; 1131.08; 0.0; 869.75; 0.0; 920.5; 210.58; 0.0; 236.29; 83.77; 152.52; 0.0; 152.52; 0.0; 152.52; 249.82; 210.58; 149.05; 149.8; 1.03; 1.02
2016-09-30; 3941.74; 2743.14; 1198.6; 0.0; 869.56; 0.0; 907.24; 291.36; 0.0; 291.36; 106.03; 185.33; 0.0; 185.33; 0.0; 185.33; 329.04; 291.36; 148.9; 149.73; 1.24; 1.24
2016-06-30; 3899.64; 2734.19; 1165.45; 0.0; 829.49; 0.0; 865.4; 300.05; 0.0; 300.05; 108.68; 191.37; 0.0; 191.37; 0.0; 191.37; 335.96; 300.05; 149.24; 150.03; 1.28; 1.28
2016-03-31; 3718.27; 2613.8; 1104.47; 0.0; 823.17; 0.0; 857.83; 246.65; 0.0; 246.65; 88.62; 158.03; 0.0; 158.03; 0.0; 158.03; 281.3; 246.65; 149.59; 150.34; 1.06; 1.05
2015-12-31; 3681.79; 2586.31; 1095.48; 0.0; 784.85; 0.0; 833.14; 262.34; 0.0; 261.61; 100.33; 161.27; 0.0; 161.27; 0.0; 161.27; 298.25; 262.34; 151.67; 152.5; 1.08; 1.06
2015-09-30; 3921.8; 2752.58; 1169.22; 0.0; 834.37; 0.0; 868.65; 300.57; 0.0; 300.57; 112.56; 188.02; 0.0; 188.02; 0.0; 188.02; 334.85; 300.57; 151.35; 152.14; 1.24; 1.24
2015-06-30; 3940.4; 2762.07; 1178.33; 0.0; 832.61; 0.0; 868.21; 310.12; 0.0; 310.12; 114.74; 195.37; 0.0; 195.37; 0.0; 195.37; 345.72; 310.12; 152.13; 152.99; 1.28; 1.28
2015-03-31; 3736.05; 2623.23; 1112.82; 0.0; 825.55; 0.0; 861.44; 251.38; 0.0; 251.38; 90.37; 161.01; 0.0; 161.01; 0.0; 161.01; 287.27; 251.38; 152.66; 153.57; 1.05; 1.05
2014-12-31; 3822.45; 2675.91; 1146.54; 0.0; 827.87; 0.0; 874.75; 271.79; 0.0; 265.3; 99.75; 165.56; 0.0; 165.56; 0.0; 165.56; 311.48; 271.79; 153.3; 154.38; 1.08; 1.07
2014-09-30; 3985.91; 2802.49; 1183.42; 0.0; 850.16; 0.0; 885.14; 298.28; 0.0; 298.28; 107.77; 190.52; 0.0; 190.52; 0.0; 190.52; 333.27; 298.28; 153.02; 154.1; 1.25; 1.24
2014-06-30; 3908.39; 2729.22; 1179.17; 0.0; 832.21; 0.0; 868.99; 310.18; 0.0; 310.18; 112.45; 197.73; 0.0; 197.73; 0.0; 197.73; 346.96; 310.18; 153.46; 154.53; 1.29; 1.28
2014-03-31; 3624.9; 2540.27; 1084.63; 0.0; 803.8; 0.0; 840.66; 243.97; 0.0; 243.97; 86.49; 157.48; 0.0; 157.48; 0.0; 157.48; 280.83; 243.97; 153.73; 154.8; 1.02; 1.02
2013-12-31; 3517.8; 2425.66; 1092.14; 0.0; 806.93; 0.0; 851.51; 240.63; 0.0; 235.69; 85.23; 150.47; 0.0; 150.47; 0.0; 150.47; 276.52; 240.63; 154.64; 155.71; 0.98; 0.96
2013-09-30; 3685.24; 2584.32; 1100.92; 0.0; 793.96; 0.0; 829.18; 271.75; 0.0; 271.75; 98.0; 173.75; 0.0; 173.75; 0.0; 173.75; 306.97; 271.75; 154.57; 155.66; 1.12; 1.12
2013-06-30; 3676.0; 2570.89; 1105.11; 0.0; 753.53; 0.0; 790.38; 314.73; 0.0; 314.73; 98.37; 216.36; 0.0; 216.36; 0.0; 216.36; 351.58; 314.73; 155.05; 156.14; 1.4; 1.39
2013-03-31; 3198.8; 2277.05; 921.75; 0.0; 673.61; 0.0; 699.61; 222.14; 0.0; 222.14; 77.75; 144.39; 0.0; 144.39; 0.0; 144.39; 248.14; 222.14; 154.89; 155.93; 0.93; 0.93
2012-12-31; 3118.97; 2208.31; 910.66; 0.0; 629.43; 0.0; 662.53; 248.12; 0.0; 251.93; 91.7; 160.22; 0.0; 160.22; 0.0; 160.22; 273.18; 248.12; 155.41; 156.42; 1.04; 1.02
2012-09-30; 3375.78; 2399.74; 976.04; 0.0; 678.89; 0.0; 704.5; 271.53; 0.0; 271.53; 98.59; 172.94; 0.0; 172.94; 0.0; 172.94; 297.14; 271.53; 155.15; 156.13; 1.11; 1.11
2012-06-30; 3337.84; 2365.55; 972.29; 0.0; 680.25; 0.0; 704.98; 267.3; 0.0; 267.31; 98.69; 168.62; 0.0; 168.62; 0.0; 168.62; 292.04; 267.3; 155.75; 156.77; 1.08; 1.08
2012-03-31; 3181.29; 2262.18; 919.11; 0.0; 667.96; 0.0; 690.94; 228.17; 0.0; 228.17; 81.91; 146.25; 0.0; 146.25; 0.0; 146.25; 251.15; 228.17; 155.81; 156.95; 0.94; 0.93
2011-12-31; 3014.14; 2121.53; 892.6; 0.0; 628.5; 0.0; 663.75; 228.85; 0.0; 210.18; 75.22; 134.96; 0.0; 134.96; 0.0; 134.96; 250.85; 228.85; 156.66; 157.66; 0.87; 0.85
2011-09-30; 3285.56; 2337.03; 948.53; 0.0; 679.97; 0.0; 701.43; 247.1; 0.0; 247.1; 95.27; 151.83; 0.0; 151.83; 0.0; 151.83; 268.56; 247.1; 156.21; 157.15; 0.97; 0.97
2011-06-30; 3184.98; 2268.87; 916.11; 0.0; 651.63; 0.0; 674.56; 241.55; 0.0; 241.55; 89.74; 151.81; 0.0; 151.81; 0.0; 151.81; 264.48; 241.55; 157.25; 158.24; 0.97; 0.96
2011-03-31; 2974.2; 2125.4; 848.79; 0.0; 634.27; 0.0; 656.81; 191.98; 0.0; 191.98; 65.47; 126.52; 0.0; 126.52; 0.0; 126.52; 214.53; 191.98; 157.63; 158.66; 0.8; 0.8
2010-12-31; 2807.73; 1990.6; 817.13; 0.0; 573.67; 0.0; 606.18; 210.95; 0.0; 186.39; 67.74; 118.65; 0.0; 118.65; 0.0; 118.65; 232.86; 210.95; 158.03; 158.46; 0.75; 0.76
2010-09-30; 2950.56; 2097.53; 853.03; 0.0; 618.45; 0.0; 640.54; 212.49; 0.0; 212.49; 80.7; 131.78; 0.0; 131.78; 0.0; 131.78; 234.58; 212.49; 157.57; 157.98; 0.84; 0.83
2010-06-30; 2847.19; 2024.88; 822.31; 0.0; 598.33; 0.0; 621.52; 200.79; 0.0; 200.79; 76.33; 124.47; 0.0; 124.47; 0.0; 124.47; 223.98; 200.79; 158.26; 158.66; 0.79; 0.78
2010-03-31; 2602.11; 1841.64; 760.48; 0.0; 576.22; 0.0; 598.36; 162.12; 0.0; 162.12; 61.51; 100.61; 0.0; 100.61; 0.0; 100.61; 184.26; 162.12; 158.77; 159.18; 0.63; 0.63
2009-12-31; 2471.21; 1703.75; 767.46; 0.0; 526.55; 0.0; 577.93; 189.53; 0.0; 162.74; 63.57; 99.17; 0.0; 99.17; 0.0; 99.17; 212.45; 189.53; 159.41; 159.71; 0.63; 0.62
2009-09-30; 2606.76; 1841.51; 765.25; 0.0; 571.98; 0.0; 594.54; 170.71; 0.0; 170.71; 63.07; 107.64; 0.0; 107.64; 0.0; 107.64; 193.27; 170.71; 159.54; 159.88; 0.67; 0.67
2009-06-30; 2535.05; 1790.19; 744.86; 0.0; 556.39; 0.0; 578.8; 166.05; 0.0; 166.05; 62.44; 103.61; 0.0; 103.61; 0.0; 103.61; 188.46; 166.05; 159.51; 159.77; 0.65; 0.65
2009-03-31; 2444.5; 1712.3; 732.2; 0.0; 565.01; 0.0; 587.53; 144.67; 0.0; 144.67; 55.51; 89.16; 0.0; 89.16; 0.0; 89.16; 167.19; 144.67; 159.44; 159.66; 0.56; 0.56
