Date; Revenue; Cost Of Goods Sold; Gross Profit; Research And Development Expenses; SG&A Expenses; Other Operating Income Or Expenses; Operating Expenses; Operating Income; Total Non-Operating Income/Expense; Pre-Tax Income; Income Taxes; Income After Taxes; Other Income; Income From Continuous Operations; Income From Discontinued Operations; Net Income; EBITDA; EBIT; Basic Shares Outstanding; Shares Outstanding; Basic EPS; EPS - Earnings Per Share
2022-09-30; 3063.0; 2062.0; 1001.0; 145.0; 413.0; 0.0; 2986.0; -1985.0; -50.0; -2035.0; 160.0; -2195.0; 0.0; -2195.0; 0.0; -2197.0; -1692.0; -1985.0; 255.0; 255.0; -8.6; -8.6
2022-06-30; 3307.0; 2171.0; 1136.0; 158.0; 456.0; -118.0; 923.0; 213.0; -83.0; 130.0; 21.0; 109.0; 0.0; 109.0; 0.0; 107.0; 514.0; 213.0; 255.0; 255.0; 0.43; 0.43
2022-03-31; 3226.0; 2081.0; 1145.0; 157.0; 459.0; 0.0; 804.0; 341.0; -56.0; 285.0; 39.0; 246.0; 0.0; 246.0; 0.0; 244.0; 644.0; 341.0; 255.0; 255.0; 0.96; 0.96
2021-12-31; 3031.0; 2050.0; 981.0; 166.0; 450.0; 0.0; 808.0; 173.0; -59.0; 114.0; 22.0; 92.0; 0.0; 92.0; 0.0; 90.0; 468.0; 173.0; 243.0; 243.0; 0.45; 0.44
2021-09-30; 3071.0; 1981.0; 1090.0; 156.0; 436.0; 1.0; 792.0; 298.0; -48.0; 250.0; 53.0; 197.0; 0.0; 197.0; 0.0; 194.0; 595.0; 298.0; 254.0; 255.0; 0.76; 0.76
2021-06-30; 3089.0; 2179.0; 910.0; 164.0; 412.0; 0.0; 800.0; 110.0; -66.0; 44.0; 14.0; 30.0; 0.0; 30.0; 0.0; 28.0; 432.0; 110.0; 254.0; 255.0; 0.11; 0.11
2021-03-31; 2465.0; 1711.0; 754.0; 143.0; 451.0; 0.0; 750.0; 4.0; -58.0; -54.0; -14.0; -40.0; 0.0; -40.0; 0.0; -42.0; 246.0; 4.0; 206.0; 206.0; -0.21; -0.21
2020-12-31; 1270.0; 756.0; 514.0; 101.0; 254.0; -2.0; 414.0; 100.0; -21.0; 79.0; 13.0; 66.0; 0.0; 66.0; 0.0; 67.0; 181.0; 100.0; 112.0; 114.0; 0.58; 0.57
2020-09-30; 1268.0; 744.0; 524.0; 89.0; 235.0; -1.0; 374.0; 150.0; -45.0; 105.0; 19.0; 86.0; 0.0; 86.0; 0.0; 85.0; 233.0; 150.0; 112.0; 114.0; 0.76; 0.75
2020-06-30; 1199.0; 717.0; 482.0; 81.0; 230.0; 0.0; 362.0; 120.0; -16.0; 104.0; 16.0; 88.0; 0.0; 88.0; 0.0; 87.0; 200.0; 120.0; 112.0; 114.0; 0.75; 0.74
2020-03-31; 1347.0; 781.0; 566.0; 86.0; 230.0; -1.0; 370.0; 196.0; -43.0; 153.0; 26.0; 127.0; 0.0; 127.0; 0.0; 124.0; 277.0; 196.0; 112.0; 113.0; 1.16; 1.15
2019-12-31; 1283.68; 781.27; 502.41; 85.51; 241.89; -1.86; 385.89; 116.53; -20.45; 96.08; 15.97; 80.11; 0.0; 80.11; 0.0; 83.67; 204.1; 116.53; 112.0; 113.0; 0.72; 0.71
2019-09-30; 1267.35; 734.26; 533.09; 85.08; 210.83; -0.37; 348.42; 184.66; -27.8; 156.87; 27.06; 129.81; 0.0; 129.81; 0.0; 127.12; 265.28; 184.66; 112.0; 113.49; 1.15; 1.13
2019-06-30; 1291.57; 745.33; 546.24; 84.82; 210.1; -0.95; 346.3; 199.94; -30.46; 169.48; 30.61; 138.87; 0.0; 138.87; 0.0; 136.38; 272.98; 199.94; 112.0; 112.87; 1.21; 1.2
2019-03-31; 1297.4; 766.14; 531.26; 90.6; 213.18; 0.19; 367.39; 163.87; -29.29; 134.58; 23.36; 111.21; 0.0; 111.21; 0.0; 108.83; 245.65; 163.87; 111.86; 113.39; 0.97; 0.96
2018-12-31; 1219.05; 741.53; 477.51; 83.04; 249.61; 0.74; 382.27; 95.25; -28.95; 66.3; 50.8; 15.5; 0.0; 15.5; 0.0; 13.02; 173.05; 95.25; 87.55; 88.12; -0.25; -0.26
2018-09-30; 907.55; 506.88; 400.67; 75.3; 157.8; 1.63; 241.4; 159.27; -58.57; 100.7; 4.99; 95.72; 0.0; 95.72; 0.0; 95.72; 190.29; 159.27; 81.26; 81.65; 1.18; 1.17
2018-06-30; 920.02; 521.3; 398.72; 74.77; 157.41; -1.26; 244.21; 154.51; -32.59; 121.92; 22.77; 99.15; 0.0; 99.15; 0.0; 99.15; 186.09; 154.51; 79.06; 79.3; 1.25; 1.25
2018-03-31; 930.93; 525.12; 405.81; 78.48; 142.64; 0.07; 230.95; 174.86; -16.02; 158.84; 29.42; 129.42; 0.0; 129.42; 0.0; 129.42; 208.24; 174.86; 79.02; 79.39; 1.63; 1.63
2017-12-31; 854.62; 498.63; 356.0; 76.82; 141.47; 0.06; 234.12; 121.88; -6.69; 115.19; 155.35; -40.16; 0.0; -40.16; 0.0; -40.16; 154.4; 121.88; 79.07; 79.37; -0.51; -0.5
2017-09-30; 872.94; 492.54; 380.4; 73.76; 145.65; 0.03; 231.4; 149.0; -7.67; 141.33; 31.07; 110.26; 0.0; 110.26; 0.0; 110.26; 178.64; 149.0; 79.06; 79.36; 1.39; 1.39
2017-06-30; 842.86; 469.88; 372.98; 72.76; 139.32; 0.07; 221.3; 151.69; -9.65; 142.04; 32.24; 109.8; 0.0; 109.8; 0.0; 109.8; 180.69; 151.69; 79.07; 79.31; 1.39; 1.38
2017-03-31; 828.29; 465.21; 363.08; 72.13; 143.7; 0.02; 233.02; 130.07; 8.42; 138.49; 22.72; 115.76; 0.0; 115.76; 0.0; 115.76; 156.87; 130.07; 79.1; 79.41; 1.46; 1.45
2016-12-31; 762.56; 439.11; 323.45; 67.81; 164.15; 7.84; 229.52; 93.92; 9.46; 103.38; 23.46; 79.92; 0.0; 79.92; 0.0; 79.92; 121.28; 93.92; 79.65; 79.98; 1.0; 1.0
2016-09-30; 777.0; 430.73; 346.27; 64.42; 152.05; 0.09; 221.84; 124.43; -11.04; 113.39; 23.61; 89.78; 0.0; 89.78; 0.0; 89.78; 149.79; 124.43; 79.58; 79.94; 1.13; 1.12
2016-06-30; 793.48; 427.84; 365.64; 63.25; 132.78; 0.2; 200.97; 164.67; -12.62; 152.05; 35.32; 116.73; 0.0; 116.73; 0.0; 116.73; 187.72; 164.67; 79.76; 80.04; 1.46; 1.46
2016-03-31; 783.31; 423.1; 360.21; 63.38; 123.54; 2.71; 190.28; 169.93; -15.04; 154.9; 36.29; 118.6; 0.0; 118.6; 0.0; 118.6; 196.63; 169.93; 79.67; 80.06; 1.48; 1.47
2015-12-31; 715.65; 402.49; 313.16; 57.38; 122.25; 0.0; 192.14; 121.02; -18.2; 102.82; 23.65; 79.17; 0.0; 79.17; 0.0; 79.17; 145.52; 121.02; 80.45; 80.89; 0.99; 0.99
2015-09-30; 765.09; 417.97; 347.13; 62.75; 122.25; 0.0; 190.41; 156.71; -13.81; 142.9; 36.45; 106.45; 0.0; 106.45; 0.0; 106.45; 180.77; 156.71; 80.33; 80.74; 1.32; 1.31
2015-06-30; 767.54; 422.5; 345.04; 62.51; 131.02; 0.0; 196.22; 148.82; -11.84; 136.98; 31.6; 105.37; 0.0; 105.37; 0.0; 105.37; 169.88; 148.82; 80.79; 81.19; 1.3; 1.29
2015-03-31; 774.91; 428.63; 346.28; 63.46; 119.0; 0.0; 184.48; 161.79; -5.38; 156.41; 28.15; 128.26; 0.0; 128.26; 0.0; 128.26; 181.78; 161.79; 80.65; 81.19; 1.58; 1.57
2014-12-31; 756.08; 428.1; 327.98; 62.0; 127.7; 0.0; 197.42; 130.56; -12.97; 117.59; 27.45; 90.14; 0.0; 90.14; 0.0; 90.14; 151.24; 130.56; 80.94; 81.49; 1.11; 1.1
2014-09-30; 773.81; 433.7; 340.11; 63.7; 123.21; 0.0; 187.52; 152.59; -10.4; 142.19; 34.77; 107.42; 0.0; 107.42; 0.0; 107.42; 172.14; 152.59; 80.94; 81.51; 1.32; 1.31
2014-06-30; 788.41; 435.77; 352.65; 66.43; 132.92; 0.0; 199.53; 153.12; -6.76; 146.35; 36.07; 110.28; 0.0; 110.28; 0.0; 110.28; 179.42; 153.12; 80.95; 81.43; 1.35; 1.35
2014-03-31; 770.22; 428.81; 341.41; 61.5; 123.73; 0.0; 185.36; 156.05; -13.12; 142.93; 36.23; 106.71; 0.0; 106.71; 0.0; 106.71; 178.88; 156.05; 81.05; 81.73; 1.31; 1.3
2013-12-31; 725.17; 411.71; 313.45; 70.41; 148.19; 0.0; 218.65; 94.81; -11.85; 82.96; 21.48; 61.48; 0.0; 61.48; 0.0; 61.48; 116.95; 94.81; 81.32; 81.93; 0.75; 0.75
2013-09-30; 742.26; 416.85; 325.4; 65.65; 118.22; 0.0; 183.88; 141.53; -7.54; 133.98; 34.94; 99.05; 0.0; 99.05; 0.0; 99.05; 162.81; 141.53; 81.44; 82.04; 1.21; 1.2
2013-06-30; 757.63; 423.65; 333.99; 64.67; 124.81; 0.0; 191.59; 142.4; -1.65; 140.75; 38.42; 102.32; 0.0; 102.32; 0.0; 102.32; 162.8; 142.4; 81.31; 82.04; 1.25; 1.24
2013-03-31; 727.84; 416.48; 311.36; 59.1; 114.65; 0.0; 173.75; 137.61; -10.08; 127.52; 36.83; 90.7; 0.0; 90.7; 0.0; 90.7; 157.01; 137.61; 81.29; 82.02; 1.11; 1.1
2012-12-31; 680.56; 393.49; 287.07; 62.25; 125.59; 0.0; 187.84; 99.23; -10.54; 88.69; 20.57; 68.12; 0.0; 68.12; 0.0; 68.12; 119.56; 99.23; 81.11; 81.83; 0.82; 0.82
2012-09-30; 708.96; 407.43; 301.52; 57.66; 109.69; 0.0; 167.35; 134.18; -12.33; 121.84; 105.48; 16.36; 0.0; 16.36; 0.0; 16.36; 153.41; 134.18; 81.25; 81.9; 0.2; 0.2
2012-06-30; 721.32; 419.77; 301.54; 56.4; 112.83; 0.0; 169.24; 132.31; -9.77; 122.54; 33.94; 88.6; 0.0; 88.6; 0.0; 88.6; 150.36; 132.31; 81.09; 81.78; 1.09; 1.08
2012-03-31; 710.62; 425.22; 285.4; 57.41; 105.42; 0.0; 164.49; 120.91; -10.56; 110.34; 29.29; 81.06; 0.0; 81.06; 0.0; 81.06; 139.95; 120.91; 80.78; 81.67; 1.0; 0.99
2011-12-31; 644.38; 399.99; 244.4; 52.46; 134.35; 0.0; 196.61; 47.79; -7.26; 40.53; 16.14; 24.39; 0.0; 24.39; 0.0; 24.39; 66.87; 47.79; 80.46; 81.47; 0.31; 0.3
2011-09-30; 713.77; 435.4; 278.38; 53.64; 96.78; 0.0; 149.78; 128.6; -16.13; 112.47; 30.23; 82.24; 0.0; 82.24; 0.0; 82.24; 147.49; 128.6; 80.64; 81.63; 1.01; 1.0
2011-06-30; 715.59; 431.17; 284.42; 56.23; 106.22; 0.0; 166.44; 117.98; -13.06; 104.92; 28.73; 76.19; 0.0; 76.19; 0.0; 76.19; 137.38; 117.98; 80.45; 81.49; 0.94; 0.93
2011-03-31; 714.27; 416.81; 297.46; 57.46; 106.62; 0.0; 164.1; 133.36; -17.74; 115.62; 31.58; 84.04; 0.0; 84.04; 0.0; 84.04; 151.32; 133.36; 80.05; 81.15; 1.04; 1.03
2010-12-31; 629.87; 377.52; 252.35; 57.08; 110.91; 0.0; 168.88; 83.47; -12.77; 70.7; 15.12; 55.58; 0.0; 55.58; 0.0; 55.58; 102.57; 83.47; 79.5; 80.44; 0.69; 0.68
2010-09-30; 673.28; 388.24; 285.05; 53.21; 108.95; 0.0; 164.52; 120.52; -14.34; 106.18; 29.14; 77.04; 0.0; 77.04; 0.0; 77.04; 140.44; 120.52; 79.36; 80.27; 0.96; 0.95
2010-06-30; 665.8; 380.8; 285.0; 55.84; 119.52; 0.0; 177.21; 107.79; -14.16; 93.63; 26.48; 67.15; 0.0; 67.15; 0.0; 67.15; 127.98; 107.79; 79.19; 80.11; 0.84; 0.83
2010-03-31; 653.91; 383.7; 270.21; 52.63; 108.01; 0.0; 165.63; 104.58; -15.5; 89.08; 25.29; 63.79; 0.0; 63.79; 0.0; 63.79; 124.61; 104.58; 78.77; 79.69; 0.8; 0.8
2009-12-31; 585.63; 350.22; 235.41; 43.8; 102.31; 0.0; 148.27; 87.15; -16.02; 71.12; 23.68; 47.45; 0.0; 47.45; 0.0; 47.45; 107.6; 87.15; 78.4; 79.09; 0.6; 0.6
2009-09-30; 612.63; 363.78; 248.85; 49.39; 101.2; 0.0; 161.09; 87.76; -13.48; 74.28; 21.48; 52.8; 0.0; 52.8; 0.0; 52.8; 107.57; 87.76; 78.49; 79.16; 0.67; 0.66
2009-06-30; 568.26; 340.35; 227.91; 44.25; 96.03; 0.0; 144.38; 83.53; -15.62; 67.91; 19.83; 48.08; 0.0; 48.08; 0.0; 48.08; 103.16; 83.53; 78.35; 79.05; 0.61; 0.6
2009-03-31; 559.63; 337.56; 222.06; 47.33; 91.35; 0.0; 140.22; 81.85; -18.62; 63.23; 16.03; 47.2; 0.0; 47.2; 0.0; 47.2; 100.48; 81.85; 78.19; 78.75; 0.6; 0.6
