Date; Revenue; Cost Of Goods Sold; Gross Profit; Research And Development Expenses; SG&A Expenses; Other Operating Income Or Expenses; Operating Expenses; Operating Income; Total Non-Operating Income/Expense; Pre-Tax Income; Income Taxes; Income After Taxes; Other Income; Income From Continuous Operations; Income From Discontinued Operations; Net Income; EBITDA; EBIT; Basic Shares Outstanding; Shares Outstanding; Basic EPS; EPS - Earnings Per Share
2022-09-30; 2637.7; 2216.2; 421.5; 0.0; 18.5; 0.0; 79.7; 341.8; -10.4; 331.4; 76.4; 255.0; 0.0; 257.5; 0.0; 251.8; 422.3; 341.8; 390.6; 394.1; 0.64; 0.64
2022-06-30; 2735.7; 2300.2; 435.5; 0.0; 19.4; 0.0; 86.4; 349.1; -34.3; 314.8; 83.7; 231.1; 0.0; 231.8; 0.0; 229.6; 429.7; 349.1; 393.1; 396.8; 0.58; 0.58
2022-03-31; 2568.5; 2229.1; 339.4; 0.0; 19.3; 0.0; 93.7; 245.7; -35.8; 209.9; 49.1; 160.8; 0.0; 160.9; 0.0; 159.4; 326.7; 245.7; 394.5; 398.4; 0.4; 0.4
2021-12-31; 2932.1; 2354.2; 577.9; 0.0; 32.5; 0.0; 120.6; 457.3; -24.0; 433.3; 67.4; 365.9; 0.0; 368.0; 0.0; 357.9; 545.5; 457.3; 393.0; 398.4; 0.91; 0.9
2021-09-30; 2542.0; 2092.4; 449.6; 0.0; 32.2; 0.0; 98.1; 351.5; -33.2; 318.3; 73.9; 244.4; 0.0; 244.6; 0.0; 239.9; 437.6; 351.5; 393.5; 399.8; 0.61; 0.6
2021-06-30; 2509.6; 2025.9; 483.7; 0.0; 29.4; 0.0; 99.3; 384.4; -30.3; 354.1; 86.7; 267.4; 0.0; 267.8; 0.0; 263.3; 477.5; 384.4; 393.3; 399.0; 0.67; 0.66
2021-03-31; 2257.0; 1915.3; 341.7; 0.0; 28.2; 0.0; 98.7; 243.0; -126.6; 116.4; 23.8; 92.6; 0.0; 92.4; 0.0; 91.7; 335.2; 243.0; 391.5; 396.0; 0.23; 0.23
2020-12-31; 2550.0; 1976.6; 573.4; 0.0; 22.4; 0.0; 350.0; 223.4; -49.8; 173.6; 58.1; 115.5; 0.0; 117.0; 0.0; 112.3; 310.5; 223.4; 389.4; 393.2; 0.29; 0.29
2020-09-30; 2125.5; 1748.7; 376.8; 0.0; 9.9; 0.0; 128.2; 248.6; -56.0; 192.6; -86.3; 278.9; 0.0; 278.5; 0.0; 279.7; 343.5; 248.6; 389.6; 393.9; 0.72; 0.71
2020-06-30; 2025.7; 1795.4; 230.3; 0.0; 4.1; 0.0; 189.8; 40.5; -65.4; -24.9; 19.0; -43.9; 0.0; -43.9; 0.0; -45.6; 129.2; 40.5; 389.4; 389.4; -0.12; -0.12
2020-03-31; 2359.8; 2188.7; 171.1; 0.0; 22.4; 0.0; 95.2; 75.9; -55.9; 20.0; 17.2; 2.8; 0.0; 2.6; 0.0; 4.7; 174.2; 75.9; 387.7; 391.7; 0.01; 0.01
2019-12-31; 2901.8; 2320.6; 581.2; 0.0; 24.5; 0.0; 89.9; 491.3; -63.5; 427.8; 86.1; 341.7; 0.0; 342.2; 0.0; 328.9; 580.9; 491.3; 386.1; 391.2; 0.85; 0.85
2019-09-30; 2438.1; 2079.0; 359.1; 0.0; 9.8; 0.0; 78.8; 280.3; -47.6; 232.7; 64.6; 168.1; 0.0; 168.4; 0.0; 165.6; 365.9; 280.3; 386.7; 391.8; 0.43; 0.42
2019-06-30; 2520.2; 2162.8; 357.4; 0.0; 18.1; 0.0; 93.2; 264.2; -47.7; 216.5; 43.6; 172.9; 0.0; 172.8; 0.0; 169.5; 355.4; 264.2; 386.2; 391.2; 0.44; 0.43
2019-03-31; 2361.2; 2166.7; 194.5; 0.0; 41.4; 0.0; 144.3; 50.2; -48.9; 1.3; 10.5; -9.2; 0.0; -9.5; 0.0; -8.0; 151.8; 50.2; 384.5; 384.5; -0.02; -0.02
2018-12-31; 2856.0; 2247.0; 609.0; 0.0; 81.0; 0.0; 149.9; 459.1; -55.2; 403.9; 62.2; 341.7; 0.0; 342.5; 0.0; 326.2; 552.8; 459.1; 383.3; 389.0; 0.85; 0.85
2018-09-30; 2297.5; 1970.2; 327.3; 0.0; 21.6; 0.0; 65.6; 261.7; -37.6; 224.1; 60.7; 163.4; 0.0; 163.5; 0.0; 161.0; 320.9; 261.7; 382.6; 388.4; 0.42; 0.41
2018-06-30; 2391.8; 2069.8; 322.0; 0.0; 28.8; 0.0; 72.8; 249.2; -37.7; 211.5; 63.6; 147.9; 0.0; 147.8; 0.0; 145.8; 310.5; 249.2; 383.6; 389.5; 0.38; 0.37
2018-03-31; 2169.1; 2049.2; 119.9; 0.0; 35.1; 0.0; 81.1; 38.8; -40.3; -1.5; 12.7; -14.2; 0.0; -16.1; 0.0; -14.1; 116.2; 38.8; 383.4; 383.4; -0.04; -0.04
2017-12-31; 2589.8; 2085.2; 504.6; 0.0; 49.4; 0.0; 81.6; 423.0; -19.5; 403.5; 135.1; 268.4; 0.0; 269.2; 0.0; 252.3; 479.4; 423.0; 389.6; 397.3; 0.65; 0.64
2017-09-30; 2208.2; 1897.4; 310.8; 0.0; 13.6; 0.0; 55.8; 255.0; -26.8; 228.2; 54.9; 173.3; 0.0; 172.3; 0.0; 169.7; 312.4; 255.0; 389.5; 397.2; 0.44; 0.43
2017-06-30; 2185.8; 1898.5; 287.3; 0.0; 20.3; 0.0; 61.6; 225.7; -36.4; 189.3; 81.6; 107.7; 0.0; 107.6; 0.0; 107.7; 284.7; 225.7; 392.3; 400.3; 0.27; 0.27
2017-03-31; 2063.8; 1952.9; 110.9; 0.0; 35.2; 0.0; 76.2; 34.7; -14.9; 19.8; -0.3; 20.1; 0.0; 21.3; 0.0; 24.7; 106.8; 34.7; 391.7; 399.3; 0.06; 0.06
2016-12-31; 3474.1; 2694.2; 779.9; 0.0; 0.0; 0.0; 298.8; 481.1; -44.6; 436.5; 105.0; 331.5; 0.0; 333.4; 0.0; 314.1; 551.8; 481.1; 397.9; 408.0; 0.8; 0.77
2016-09-30; 1922.2; 1714.2; 208.0; 0.0; 0.0; 0.0; 0.0; 208.0; -11.7; 196.3; 63.8; 132.5; 0.0; 132.7; 0.0; 128.6; 268.2; 208.0; 397.7; 407.9; 0.32; 0.32
2016-06-30; 1917.9; 1693.6; 224.3; 0.0; 0.0; 0.0; 0.0; 224.3; -18.5; 205.8; 43.7; 162.1; 0.0; 160.2; 0.0; 156.9; 282.3; 224.3; 400.1; 409.8; 0.39; 0.38
2016-03-31; 1742.0; 1719.0; 23.0; 0.0; 0.0; 0.0; 0.0; 23.0; -36.0; -13.0; -15.6; 2.6; 0.0; 2.7; 0.0; 5.4; 85.5; 23.0; 400.6; 409.3; 0.01; 0.01
2015-12-31; 2196.2; 1736.9; 459.3; 0.0; 0.0; 0.0; 0.0; 459.3; -31.5; 427.8; 145.4; 282.4; 0.0; 282.9; 0.0; 260.3; 522.2; 459.3; 408.1; 415.7; 0.63; 0.62
2015-09-30; 1865.5; 1673.6; 191.9; 0.0; 0.0; 0.0; 0.0; 191.9; -52.9; 139.0; 61.1; 77.9; 0.0; 78.0; 0.0; 74.9; 247.9; 191.9; 407.6; 415.5; 0.18; 0.18
2015-06-30; 1876.1; 1660.3; 215.8; 0.0; 0.0; 0.0; 0.0; 215.8; -14.8; 201.0; 77.7; 123.3; 0.0; 123.8; 0.0; 121.2; 273.1; 215.8; 410.5; 417.6; 0.3; 0.29
2015-03-31; 1676.0; 1668.2; 7.8; 0.0; 0.0; 0.0; 0.0; 7.8; -13.4; -5.6; -1.4; -4.2; 0.0; -4.2; 0.0; -1.8; 64.7; 7.8; 411.1; 411.1; 0.0; 0.0
2014-12-31; 2207.1; 1774.1; 433.0; 0.0; 0.0; 0.0; 0.0; 433.0; -14.4; 418.6; 87.9; 330.7; 0.0; 331.3; 0.0; 308.9; 492.1; 433.0; 419.2; 425.4; 0.74; 0.73
2014-09-30; 1841.1; 1669.8; 171.3; 0.0; 0.0; 0.0; 0.0; 171.3; -13.8; 157.5; 65.0; 92.5; 0.0; 92.8; 0.0; 89.7; 225.4; 171.3; 419.2; 426.4; 0.21; 0.21
2014-06-30; 1851.4; 1655.6; 195.8; 0.0; 0.0; 0.0; 0.0; 195.8; -27.2; 168.6; 65.3; 103.3; 0.0; 103.7; 0.0; 99.4; 248.4; 195.8; 421.1; 428.1; 0.24; 0.23
2014-03-31; 1637.5; 1649.2; -11.7; 0.0; 0.0; 0.0; 0.0; -11.7; -12.3; -24.0; -1.7; -22.3; 0.0; -22.4; 0.0; -20.9; 44.9; -11.7; 422.8; 422.8; -0.05; -0.05
2013-12-31; 2122.7; 1737.7; 385.0; 0.0; 0.0; 0.0; 60.6; 324.4; -10.3; 314.1; 103.2; 210.9; 0.0; 212.1; 0.0; 193.1; 377.3; 324.4; 421.1; 429.6; 0.46; 0.46
2013-09-30; 1700.4; 1558.9; 141.5; 0.0; 0.0; 0.0; 0.0; 141.5; -64.5; 77.0; 28.4; 48.6; 0.0; 49.2; 0.0; 45.4; 191.4; 141.5; 419.7; 426.1; 0.11; 0.11
2013-06-30; 1756.2; 1581.4; 174.8; 0.0; 0.0; 0.0; 0.0; 174.8; -26.9; 147.9; 62.0; 85.9; 0.0; 86.1; 0.0; 79.9; 226.0; 174.8; 425.1; 448.3; 0.19; 0.18
2013-03-31; 1543.0; 1585.4; -42.4; 0.0; 0.0; 0.0; 0.0; -42.4; -28.6; -71.0; -12.4; -58.6; 0.0; -58.5; 0.0; -59.2; 12.7; -42.4; 414.2; 414.2; -0.14; -0.14
2012-12-31; 2063.3; 1654.6; 408.7; 0.0; 0.0; 0.0; -1.2; 409.9; 66.9; 476.8; 140.5; 336.3; 0.0; 337.1; 0.0; 313.3; 457.1; 409.9; 432.5; 481.4; 0.72; 0.67
2012-09-30; 1670.4; 1539.0; 131.4; 0.0; 0.0; 0.0; 0.0; 131.4; -23.2; 108.2; 41.9; 66.3; 0.0; 67.7; 0.0; 68.7; 178.1; 131.4; 431.3; 456.1; 0.16; 0.15
2012-06-30; 1715.7; 1539.3; 176.4; 0.0; 0.0; 0.0; 0.0; 176.4; -21.3; 155.1; 50.1; 105.0; 0.0; 105.5; 0.0; 99.0; 226.9; 176.4; 437.4; 477.7; 0.23; 0.22
2012-03-31; 1506.8; 1546.2; -39.4; 0.0; 0.0; 0.0; 0.0; -39.4; -25.9; -65.3; -19.2; -46.1; 0.0; -45.7; 0.0; -45.9; 10.2; -39.4; 437.6; 437.6; -0.1; -0.1
2011-12-31; 2072.6; 1687.1; 385.5; 0.0; 0.0; 0.0; 0.2; 385.3; -14.9; 370.4; 93.7; 276.7; 0.0; 278.3; 0.0; 259.0; 433.9; 385.3; 465.5; 540.6; 0.56; 0.5
2011-09-30; 1726.5; 1553.3; 173.2; 0.0; 0.0; 0.0; 0.0; 173.2; 113.9; 287.1; 70.4; 216.7; 0.0; 217.5; 0.0; 208.1; 219.7; 173.2; 464.7; 537.6; 0.45; 0.4
2011-06-30; 1740.7; 1566.7; 174.0; 0.0; 0.0; 0.0; 0.0; 174.0; -18.1; 155.9; 47.6; 108.3; 0.0; 108.9; 0.0; 101.7; 223.4; 174.0; 473.1; 546.9; 0.21; 0.19
2011-03-31; 1474.8; 1519.3; -44.5; 0.0; 0.0; 0.0; 0.8; -45.3; -29.7; -75.0; -21.5; -53.5; 0.0; -53.2; 0.0; -48.1; 4.1; -45.3; 476.0; 476.0; -0.1; -0.1
2010-12-31; 2005.2; 1676.8; 328.4; 0.0; 0.0; 0.0; -2.3; 330.7; -10.5; 320.2; 98.9; 221.3; 0.0; 222.8; 0.0; 195.0; 377.7; 330.7; 473.6; 542.1; 0.41; 0.39
2010-09-30; 1553.4; 1451.8; 101.6; 0.0; 0.0; 0.0; 1.4; 100.2; -31.0; 69.2; 24.4; 44.8; 0.0; 45.6; 0.0; 42.4; 148.3; 100.2; 474.7; 533.6; 0.09; 0.08
2010-06-30; 1611.7; 1433.9; 177.8; 0.0; 0.0; 0.0; 0.6; 177.2; -31.0; 146.2; 63.3; 82.9; 0.0; 83.1; 0.0; 105.3; 226.0; 177.2; 473.0; 544.9; 0.22; 0.15
2010-03-31; 1337.0; 1396.1; -59.1; 0.0; 0.0; 0.0; 0.3; -59.4; -25.6; -85.0; -15.3; -69.7; 0.0; -70.3; 0.0; -71.5; -9.3; -59.4; 471.3; 471.3; -0.15; -0.15
2009-12-31; 1781.0; 1507.7; 273.3; 0.0; 0.0; 0.0; 5.3; 268.0; -1.8; 266.2; 108.1; 158.1; 0.0; 159.7; 0.0; 129.4; 322.3; 268.0; 468.2; 508.1; 0.28; 0.28
2009-09-30; 1426.7; 1368.9; 57.8; 0.0; 0.0; 0.0; -0.5; 58.3; -29.2; 29.1; 3.7; 25.4; 0.0; 25.9; 0.0; 17.2; 112.4; 58.3; 470.5; 513.8; 0.04; 0.03
2009-06-30; 1474.4; 1377.5; 96.9; 0.0; 0.0; 0.0; 0.0; 96.9; -60.3; 36.6; 3.7; 32.9; 0.0; 31.4; 0.0; 20.9; 161.3; 96.9; 467.1; 507.5; 0.04; 0.04
2009-03-31; 1325.3; 1407.4; -82.1; 0.0; 0.0; 0.0; -0.2; -81.9; -17.6; -99.5; -25.4; -74.1; 0.0; -73.6; 0.0; -73.9; -23.2; -81.9; 464.0; 464.0; -0.16; -0.16
