Date; Revenue; Cost Of Goods Sold; Gross Profit; Research And Development Expenses; SG&A Expenses; Other Operating Income Or Expenses; Operating Expenses; Operating Income; Total Non-Operating Income/Expense; Pre-Tax Income; Income Taxes; Income After Taxes; Other Income; Income From Continuous Operations; Income From Discontinued Operations; Net Income; EBITDA; EBIT; Basic Shares Outstanding; Shares Outstanding; Basic EPS; EPS - Earnings Per Share
2022-12-31; 3649.62; 2107.28; 1542.34; 0.0; 1088.79; 0.0; 1260.39; 281.95; -11.19; 270.76; 69.46; 201.3; 0.0; 201.3; 0.0; 201.3; 0.0; 281.95; 0.0; 104.74; 0.0; 1.92
2022-09-30; 3838.26; 2272.57; 1565.68; 0.0; 1036.88; 0.0; 1203.46; 362.23; -13.56; 348.67; 79.28; 269.38; 0.0; 269.38; 0.0; 269.38; 528.81; 362.23; 103.76; 104.92; 2.6; 2.57
2022-06-30; 3837.53; 2312.84; 1524.69; 0.0; 1014.04; 0.0; 1171.61; 353.08; -12.84; 340.24; 84.9; 255.34; 0.0; 255.34; 0.0; 255.34; 510.65; 353.08; 104.25; 105.39; 2.45; 2.42
2022-03-31; 3488.59; 2133.74; 1354.84; 0.0; 871.79; 0.0; 1020.55; 334.29; -12.59; 321.71; 78.38; 243.32; 0.0; 243.32; 0.0; 243.32; 483.06; 334.29; 104.89; 106.08; 2.32; 2.29
2021-12-31; 3496.97; 2140.94; 1356.03; 0.0; 892.27; 0.0; 1033.53; 322.5; -9.7; 312.81; 70.6; 242.21; 0.0; 242.21; 0.0; 242.21; 463.76; 322.5; 105.36; 106.59; 2.3; 2.28
2021-09-30; 3144.81; 1904.93; 1239.88; 0.0; 827.13; 0.0; 966.05; 273.83; -11.98; 261.85; 62.02; 199.83; 0.0; 199.83; 0.0; 199.83; 412.75; 273.83; 105.17; 106.44; 1.9; 1.88
2021-06-30; 2908.37; 1756.09; 1152.28; 0.0; 771.36; 0.0; 910.73; 241.55; -12.06; 229.49; 57.33; 172.16; 0.0; 172.16; 0.0; 172.16; 380.92; 241.55; 105.51; 106.82; 1.63; 1.61
2021-03-31; 2618.15; 1547.04; 1071.11; 0.0; 725.91; 0.0; 863.46; 207.65; -12.02; 195.63; 49.02; 146.61; 0.0; 146.61; 0.0; 146.61; 345.2; 207.65; 105.68; 106.82; 1.39; 1.37
2020-12-31; 2737.65; 1663.41; 1074.24; 0.0; 731.96; 0.0; 866.55; 207.69; -10.35; 197.35; 43.34; 154.01; 0.0; 154.01; 0.0; 154.01; 342.28; 207.69; 105.7; 106.77; 1.46; 1.44
2020-09-30; 2472.52; 1470.79; 1001.74; 0.0; 693.84; 0.0; 826.23; 175.5; -11.89; 163.61; 38.11; 125.5; 0.0; 125.5; 0.0; 125.5; 307.9; 175.5; 105.65; 106.8; 1.19; 1.18
2020-06-30; 2145.57; 1188.89; 956.68; 0.0; 651.2; 0.0; 781.5; 175.18; -12.82; 162.37; 40.67; 121.7; 0.0; 121.7; 0.0; 121.7; 305.48; 175.18; 105.5; 106.58; 1.15; 1.14
2020-03-31; 2280.83; 1322.87; 957.95; 0.0; 673.12; 0.0; 803.21; 154.74; -12.04; 142.71; 37.87; 104.83; 0.0; 104.83; 0.0; 104.83; 284.84; 154.74; 105.98; 106.95; 0.99; 0.98
2019-12-31; 2450.32; 1448.03; 1002.29; 0.0; 668.8; 0.0; 797.22; 205.07; -12.78; 192.3; 47.62; 144.68; 0.0; 144.68; 0.0; 144.68; 333.49; 205.08; 107.33; 108.31; 1.36; 1.35
2019-09-30; 2363.66; 1398.18; 965.48; 0.0; 670.81; 0.0; 797.61; 167.86; -12.36; 155.5; 37.09; 118.41; 0.0; 118.41; 0.0; 118.41; 294.67; 167.86; 106.73; 107.69; 1.11; 1.1
2019-06-30; 2261.65; 1288.72; 972.93; 0.0; 655.84; 0.0; 779.84; 193.09; -14.76; 178.33; 44.7; 133.63; 0.0; 133.63; 0.0; 133.63; 317.09; 193.09; 107.39; 108.37; 1.24; 1.23
2019-03-31; 2089.63; 1190.19; 899.44; 0.0; 611.72; 0.0; 731.65; 167.79; -13.03; 154.76; 35.16; 119.6; 0.0; 119.6; 0.0; 119.6; 287.72; 167.79; 108.73; 109.66; 1.1; 1.09
2018-12-31; 2317.84; 1465.89; 851.95; 0.0; 615.13; 0.0; 729.21; 122.74; -11.23; 111.5; 22.82; 88.68; 0.0; 88.68; 0.0; 88.68; 236.83; 122.74; 109.38; 110.43; 0.81; 0.8
2018-09-30; 2209.76; 1322.59; 887.17; 0.0; 603.68; 0.0; 712.49; 174.69; -9.96; 164.73; 33.62; 131.11; 0.0; 131.11; 0.0; 131.11; 283.49; 174.69; 109.25; 110.23; 1.2; 1.19
2018-06-30; 2139.03; 1265.15; 873.88; 0.0; 551.64; 0.0; 659.06; 214.81; -9.86; 204.96; 53.3; 151.65; 0.0; 151.65; 0.0; 151.65; 322.24; 214.81; 109.45; 110.68; 1.39; 1.37
2018-03-31; 1948.24; 1143.45; 804.79; 0.0; 530.43; 0.0; 636.01; 168.78; -9.15; 159.63; 41.49; 118.14; 0.0; 118.14; 0.0; 118.14; 274.36; 168.78; 109.75; 110.86; 1.08; 1.07
2017-12-31; 1990.16; 1194.1; 796.06; 0.0; 547.93; 0.0; 650.25; 145.81; -6.03; 139.78; -245.52; 385.31; 0.0; 385.31; 0.0; 385.31; 248.13; 145.81; 109.99; 111.05; 3.5; 3.47
2017-09-30; 1843.33; 1101.73; 741.61; 0.0; 480.67; 0.0; 576.63; 164.97; -8.31; 156.66; 56.28; 100.39; 0.0; 100.39; 0.0; 100.39; 260.93; 164.97; 109.7; 110.63; 0.92; 0.91
2017-06-30; 1726.91; 1014.68; 712.24; 0.0; 455.57; 0.0; 548.62; 163.62; -7.39; 156.22; 58.35; 97.87; 0.0; 97.87; 0.0; 97.87; 256.66; 163.62; 109.63; 110.82; 0.89; 0.88
2017-03-31; 1629.16; 945.11; 684.05; 0.0; 442.47; 0.0; 534.66; 149.39; -6.82; 142.57; 39.87; 102.7; 0.0; 102.7; 0.0; 102.7; 241.58; 149.39; 110.88; 112.03; 0.93; 0.92
2016-12-31; 1721.06; 1012.5; 708.56; 0.0; 422.41; 0.0; 514.2; 194.36; -5.88; 188.49; 70.93; 117.56; 0.0; 117.56; 0.0; 117.56; 286.15; 194.36; 112.47; 113.36; 1.05; 1.04
2016-09-30; 1690.66; 982.61; 708.05; 0.0; 434.07; 0.0; 525.07; 182.98; -6.49; 176.49; 67.07; 109.42; 0.0; 109.42; 0.0; 109.42; 273.98; 182.98; 112.63; 113.36; 0.97; 0.97
2016-06-30; 1615.03; 922.89; 692.13; 0.0; 425.98; 0.0; 516.34; 175.79; -6.42; 169.37; 64.36; 105.01; 0.0; 105.01; 0.0; 105.01; 266.16; 175.79; 112.67; 113.76; 0.93; 0.92
2016-03-31; 1528.71; 854.35; 674.36; 0.0; 418.12; 0.0; 506.47; 167.89; -6.44; 161.45; 61.35; 100.1; 0.0; 100.1; 0.0; 100.1; 256.24; 167.89; 113.07; 114.0; 0.89; 0.88
2015-12-31; 1621.02; 925.58; 695.44; 0.0; 414.17; 0.0; 502.55; 192.89; -4.29; 188.6; 71.86; 116.75; 0.0; 116.75; 0.0; 116.75; 281.27; 192.89; 115.68; 116.73; 1.01; 1.01
2015-09-30; 1586.49; 904.2; 682.29; 0.0; 402.25; 0.0; 488.45; 193.85; -7.84; 186.01; 70.87; 115.14; 0.0; 115.14; 0.0; 115.14; 280.05; 193.85; 115.46; 116.28; 1.0; 0.99
2015-06-30; 1539.96; 872.46; 667.5; 0.0; 410.1; 0.0; 493.76; 173.74; -6.66; 167.07; 63.66; 103.42; 0.0; 103.42; 0.0; 103.42; 257.39; 173.74; 116.47; 117.81; 0.89; 0.88
2015-03-31; 1440.18; 825.98; 614.2; 0.0; 377.6; 0.0; 458.98; 155.22; -6.7; 148.52; 56.59; 91.93; 0.0; 91.93; 0.0; 91.93; 236.6; 155.22; 116.56; 117.8; 0.79; 0.78
2014-12-31; 1609.51; 956.35; 653.16; 0.0; 391.87; 0.0; 470.25; 182.91; -5.58; 177.32; 67.02; 110.31; 0.0; 110.31; 0.0; 110.31; 261.29; 182.91; 117.0; 118.44; 0.94; 0.92
2014-09-30; 1601.16; 974.57; 626.58; 0.0; 379.07; 0.0; 454.48; 172.1; -6.65; 165.45; 63.04; 102.41; 0.0; 102.41; 0.0; 102.41; 247.52; 172.1; 117.05; 118.22; 0.87; 0.87
2014-06-30; 1547.87; 950.66; 597.21; 0.0; 366.25; 0.0; 437.98; 159.23; -8.33; 150.9; 57.49; 93.41; 0.0; 93.41; 0.0; 93.41; 230.96; 159.23; 116.76; 118.54; 0.8; 0.79
2014-03-31; 1406.91; 876.15; 530.76; 0.0; 344.48; 0.0; 413.45; 117.31; -6.38; 110.93; 42.26; 68.66; 0.0; 68.66; 0.0; 68.66; 186.27; 117.31; 117.25; 118.94; 0.59; 0.58
2013-12-31; 1474.28; 910.54; 563.73; 0.0; 344.12; 0.0; 410.2; 153.53; -4.82; 148.71; 56.85; 91.86; 0.0; 91.86; 0.0; 91.86; 219.61; 153.53; 117.45; 119.4; 0.79; 0.78
2013-09-30; 1435.85; 893.94; 541.91; 0.0; 326.89; 0.0; 391.18; 150.73; -5.83; 144.89; 55.42; 89.47; 0.0; 89.47; 0.0; 89.47; 215.02; 150.73; 117.72; 119.36; 0.76; 0.75
2013-06-30; 1382.86; 853.7; 529.16; 0.0; 319.47; 0.0; 381.75; 147.41; -6.23; 141.18; 53.48; 87.7; 0.0; 87.7; 0.0; 87.7; 209.69; 147.41; 117.14; 119.47; 0.75; 0.73
2013-03-31; 1291.59; 806.01; 485.58; 0.0; 299.81; 0.0; 360.54; 125.04; -6.26; 118.78; 45.43; 73.35; 0.0; 73.35; 0.0; 73.35; 185.77; 125.04; 117.55; 119.83; 0.62; 0.61
2012-12-31; 1338.14; 829.27; 508.87; 0.0; 306.49; 0.0; 365.53; 143.34; -5.3; 138.04; 54.06; 83.98; 0.0; 83.98; 0.0; 83.98; 202.38; 143.34; 117.57; 120.02; 0.71; 0.7
2012-09-30; 1295.79; 809.02; 486.77; 0.0; 295.94; 0.0; 353.72; 133.05; -6.35; 126.71; 48.47; 78.24; 0.0; 78.24; 0.0; 78.24; 190.82; 133.05; 118.13; 120.28; 0.66; 0.65
2012-06-30; 1255.13; 775.35; 479.78; 0.0; 286.34; 0.0; 342.57; 137.22; -6.93; 130.29; 49.84; 80.45; 0.0; 80.45; 0.0; 80.45; 193.44; 137.22; 117.23; 120.03; 0.69; 0.67
2012-03-31; 1165.92; 716.48; 449.44; 0.0; 276.72; 0.0; 332.84; 116.6; -6.99; 109.61; 41.93; 67.68; 0.0; 67.68; 0.0; 67.68; 172.72; 116.6; 117.02; 119.75; 0.58; 0.57
2011-12-31; 1204.94; 736.11; 468.82; 0.0; 290.91; 0.0; 346.54; 122.29; -6.21; 116.07; 43.51; 72.56; 0.0; 72.56; 0.0; 72.56; 177.92; 122.29; 119.16; 121.92; 0.62; 0.61
2011-09-30; 1171.27; 713.45; 457.82; 0.0; 284.73; 0.0; 339.14; 118.68; -7.14; 111.53; 42.88; 68.65; 0.0; 68.65; 0.0; 68.65; 173.08; 118.68; 118.63; 121.13; 0.58; 0.57
2011-06-30; 1149.86; 697.94; 451.91; 0.0; 285.92; 0.0; 338.47; 113.44; -6.71; 106.74; 41.04; 65.7; 0.0; 65.7; 0.0; 65.7; 165.99; 113.44; 120.24; 123.28; 0.55; 0.53
2011-03-31; 1000.78; 599.33; 401.45; 0.0; 260.27; 0.0; 311.63; 89.82; -8.43; 81.39; 31.29; 50.09; 0.0; 50.09; 0.0; 50.09; 141.18; 89.82; 120.98; 123.97; 0.41; 0.4
2010-12-31; 1020.01; 602.43; 417.58; 0.0; 270.14; 0.0; 320.23; 97.35; -8.16; 89.18; 31.33; 57.85; 0.0; 57.85; 0.0; 57.85; 147.44; 97.35; 124.71; 127.77; 0.48; 0.46
2010-09-30; 986.02; 571.22; 414.81; 0.0; 273.51; 0.0; 323.32; 91.49; -6.66; 84.83; 32.66; 52.17; 0.0; 52.17; 0.0; 52.17; 141.3; 91.49; 123.39; 126.4; 0.42; 0.41
2010-06-30; 942.78; 542.57; 400.21; 0.0; 259.71; 0.0; 308.86; 91.35; -6.61; 84.74; 32.62; 52.11; 0.0; 52.11; 0.0; 52.11; 140.5; 91.35; 125.69; 128.92; 0.41; 0.4
2010-03-31; 844.67; 491.19; 353.49; 0.0; 238.03; 0.0; 286.05; 67.44; -6.49; 60.95; 23.46; 37.48; 0.0; 37.48; 0.0; 37.48; 115.45; 67.44; 127.28; 130.4; 0.29; 0.29
2009-12-31; 876.95; 513.33; 363.63; 0.0; 243.2; 0.0; 290.69; 72.94; -2.71; 70.22; 28.56; 41.66; 0.0; 41.66; 0.0; 41.66; 120.43; 72.94; 126.68; 129.46; 0.34; 0.31
2009-09-30; 833.75; 477.96; 355.78; 0.0; 237.73; 0.0; 284.83; 70.95; -6.08; 64.88; 24.91; 39.96; 0.0; 39.96; 0.0; 39.96; 118.05; 70.95; 127.07; 129.82; 0.31; 0.31
2009-06-30; 769.78; 437.95; 331.84; 0.0; 237.65; 0.0; 284.75; 47.09; -7.73; 39.36; 15.31; 24.05; 0.0; 24.05; 0.0; 24.05; 94.19; 47.09; 126.35; 129.36; 0.19; 0.19
2009-03-31; 722.84; 394.28; 328.56; 0.0; 224.2; 0.0; 271.57; 56.99; -7.38; 49.61; 18.85; 30.76; 0.0; 30.76; 0.0; 30.76; 104.35; 56.99; 126.08; 128.56; 0.24; 0.24
