Date; Revenue; Cost Of Goods Sold; Gross Profit; Research And Development Expenses; SG&A Expenses; Other Operating Income Or Expenses; Operating Expenses; Operating Income; Total Non-Operating Income/Expense; Pre-Tax Income; Income Taxes; Income After Taxes; Other Income; Income From Continuous Operations; Income From Discontinued Operations; Net Income; EBITDA; EBIT; Basic Shares Outstanding; Shares Outstanding; Basic EPS; EPS - Earnings Per Share
2022-11-30; 10174.37; 8228.24; 1946.13; 0.0; 80.07; 0.0; 80.07; 1866.06; -107.34; 1758.72; 414.79; 1343.93; 0.0; 1343.93; 0.0; 1322.44; 0.0; 1866.06; 287.36; 287.36; 4.56; 4.55
2022-08-31; 8934.43; 6858.91; 2075.52; 0.0; 115.56; 0.0; 115.56; 1959.97; -135.69; 1824.27; 351.58; 1472.69; 0.0; 1472.69; 0.0; 1451.6; 1978.02; 1959.97; 288.11; 288.11; 5.04; 5.03
2022-05-31; 8358.7; 6384.77; 1973.92; 0.0; 105.21; 0.0; 105.21; 1868.72; -113.88; 1754.83; 432.28; 1322.56; 0.0; 1322.56; 0.0; 1303.38; 1887.68; 1868.72; 289.89; 289.89; 4.5; 4.49
2022-02-28; 6203.52; 4996.95; 1206.56; 0.0; 113.66; 0.0; 113.66; 1092.9; -416.17; 676.74; 167.42; 509.31; 0.0; 509.31; 0.0; 498.25; 1112.5; 1092.9; 293.93; 293.93; 1.7; 1.69
2021-11-30; 8433.56; 6557.18; 1876.38; 0.0; 102.19; 0.0; 102.19; 1774.19; -193.39; 1580.81; 387.15; 1193.65; 0.0; 1193.65; 0.0; 1177.6; 1793.79; 1774.19; 306.61; 306.61; 3.9; 3.9
2021-08-31; 6941.4; 5503.81; 1437.6; 0.0; 94.94; 0.0; 94.94; 1342.65; 471.7; 1814.35; 405.14; 1409.22; 0.0; 1409.22; 0.0; 1390.19; 1362.22; 1342.65; 307.3; 307.3; 4.52; 4.52
2021-05-31; 6430.24; 5181.6; 1248.64; 0.0; 90.72; 0.0; 90.72; 1157.92; -61.04; 1096.88; 260.11; 836.77; 0.0; 836.77; 0.0; 820.28; 1177.98; 1157.92; 308.89; 308.89; 2.66; 2.65
2021-02-28; 5325.47; 4351.45; 974.02; 0.0; 110.53; 0.0; 110.53; 863.49; 463.53; 1327.01; 310.11; 1016.91; 0.0; 1016.91; 0.0; 989.12; 883.45; 863.49; 309.02; 309.02; 3.2; 3.2
2020-11-30; 6825.89; 5583.59; 1242.3; 0.0; 86.63; 0.0; 86.63; 1155.67; 8.98; 1164.65; 273.74; 890.91; 0.0; 890.91; 0.0; 872.88; 1175.31; 1155.67; 309.41; 309.41; 2.82; 2.81
2020-08-31; 5870.25; 4895.99; 974.26; 0.0; 86.0; 0.0; 86.0; 888.26; -29.25; 859.01; 189.69; 669.32; 0.0; 669.32; 0.0; 658.62; 907.77; 888.26; 308.89; 308.89; 2.13; 2.12
2020-05-31; 5287.37; 4546.09; 741.29; 0.0; 78.18; 0.0; 78.18; 663.1; 13.47; 676.58; 160.48; 516.1; 0.0; 516.1; 0.0; 511.12; 680.26; 663.1; 308.37; 308.37; 1.66; 1.65
2020-02-29; 4505.34; 3989.07; 516.27; 0.0; 82.63; 0.0; 82.63; 433.63; -10.08; 423.55; 32.33; 391.22; 0.0; 391.22; 0.0; 394.03; 447.1; 433.63; 311.21; 311.21; 1.27; 1.27
2019-11-30; 6971.53; 5988.04; 983.49; 0.0; 73.12; 0.0; 73.12; 910.38; -21.69; 888.69; 217.5; 671.18; 0.0; 671.18; 0.0; 667.8; 932.38; 910.38; 318.42; 318.42; 2.11; 2.11
2019-08-31; 5857.06; 5116.09; 740.97; 0.0; 92.61; 0.0; 92.61; 648.36; 18.73; 667.08; 154.44; 512.64; 0.0; 512.64; 0.0; 508.85; 664.69; 648.36; 318.1; 318.1; 1.6; 1.59
2019-05-31; 5562.89; 4887.17; 675.72; 0.0; 76.11; 0.0; 76.11; 599.61; -40.21; 559.4; 140.53; 418.87; 0.0; 418.87; 0.0; 418.31; 615.95; 599.61; 320.33; 320.33; 1.31; 1.3
2019-02-28; 3868.08; 3465.97; 402.11; 0.0; 79.34; 0.0; 79.34; 322.76; -3.64; 319.12; 79.7; 239.42; 0.0; 239.42; 0.0; 237.95; 334.08; 322.76; 321.34; 321.35; 0.74; 0.74
2018-11-30; 6459.21; 5576.96; 882.26; 0.0; 94.86; -12.92; 107.78; 774.48; 262.05; 1036.53; 238.3; 798.23; 0.0; 798.23; 0.0; 789.07; 793.15; 774.47; 307.97; 308.56; 2.61; 2.6
2018-08-31; 5672.57; 4993.49; 679.08; 0.0; 96.35; -11.99; 108.34; 570.74; -4.83; 565.92; 98.3; 467.62; 0.0; 467.62; 0.0; 449.47; 590.26; 570.74; 327.21; 327.24; 1.37; 1.37
2018-05-31; 5459.06; 4968.94; 490.12; 0.0; 84.92; -23.88; 108.79; 381.33; 9.48; 390.81; 75.96; 314.85; 0.0; 314.85; 0.0; 307.6; 391.17; 381.33; 325.26; 326.82; 0.95; 0.94
2018-02-28; 2980.79; 2698.06; 282.73; 0.0; 67.81; -104.19; 172.0; 110.72; 158.71; 269.43; 132.61; 136.82; 0.0; 136.82; 0.0; 134.82; 130.33; 110.72; 253.66; 254.45; 0.53; 0.53
2017-11-30; 3785.57; 3257.56; 528.0; 0.0; 85.56; 0.0; 85.56; 442.45; 19.53; 461.98; 164.2; 297.78; 0.0; 297.78; 0.0; 306.66; 466.1; 442.45; 237.16; 237.16; 1.29; 1.29
2017-08-31; 3261.48; 2813.52; 447.95; 0.0; 72.86; 0.0; 72.86; 375.09; -6.71; 368.38; 124.8; 243.59; 0.0; 243.59; 0.0; 246.72; 394.6; 375.09; 237.33; 237.33; 1.04; 1.04
2017-05-31; 3261.89; 2861.89; 400.0; 0.0; 66.77; 0.0; 66.77; 333.23; -23.62; 309.6; 108.89; 200.71; 0.0; 200.71; 0.0; 211.58; 352.83; 333.23; 236.88; 236.88; 0.89; 0.89
2017-02-28; 2337.43; 2088.5; 248.93; 0.0; 60.7; 0.0; 60.7; 188.23; -138.58; 49.64; 19.97; 29.67; 0.0; 29.67; 0.0; 37.7; 203.1; 188.23; 236.85; 236.85; 0.16; 0.16
2016-11-30; 3376.63; 2871.82; 504.81; 0.0; 67.93; 0.0; 67.93; 436.88; 24.5; 461.38; 150.91; 310.47; 0.0; 310.47; 0.0; 310.29; 454.03; 436.88; 223.08; 235.37; 1.32; 1.27
2016-08-31; 2833.89; 2448.54; 385.36; 0.0; 61.16; 0.0; 61.16; 324.19; 15.36; 339.56; 106.43; 233.13; 0.0; 233.13; 0.0; 233.53; 341.07; 324.19; 223.55; 231.82; 1.04; 1.01
2016-05-31; 2745.82; 2367.56; 378.26; 0.0; 55.8; 0.0; 55.8; 322.45; 5.39; 327.84; 103.8; 224.04; 0.0; 224.04; 0.0; 216.26; 338.41; 322.45; 213.6; 229.92; 1.01; 0.95
2016-02-29; 1993.66; 1767.16; 226.51; 0.0; 47.67; 0.0; 47.67; 178.84; 22.85; 201.69; 56.24; 145.45; 0.0; 145.45; 0.0; 142.57; 193.69; 178.84; 210.29; 228.92; 0.68; 0.63
2015-11-30; 2945.57; 2500.46; 445.1; 0.0; 65.89; 0.0; 65.89; 379.22; 53.29; 432.5; 139.84; 292.66; 0.0; 292.66; 0.0; 278.56; 397.2; 379.22; 209.85; 235.47; 1.26; 1.14
2015-08-31; 2491.7; 2142.99; 348.71; 0.0; 56.49; 0.0; 56.49; 292.22; 28.44; 320.66; 95.62; 225.04; 0.0; 225.04; 0.0; 220.91; 309.24; 292.22; 206.44; 230.55; 1.07; 0.96
2015-05-31; 2392.6; 2071.08; 321.52; 0.0; 50.21; 0.0; 50.21; 271.32; 8.49; 279.81; 95.23; 184.58; 0.0; 184.58; 0.0; 181.01; 286.13; 271.32; 202.99; 231.04; 0.89; 0.79
2015-02-28; 1644.14; 1457.22; 186.92; 0.0; 43.65; 0.0; 43.65; 143.27; 33.38; 176.64; 59.73; 116.92; 0.0; 116.92; 0.0; 113.69; 156.99; 143.27; 202.93; 230.32; 0.56; 0.5
2014-11-30; 2583.94; 2164.07; 419.87; 0.0; 57.66; 0.0; 57.66; 362.21; 15.73; 377.94; 125.27; 252.67; 0.0; 252.67; 0.0; 242.34; 378.84; 362.21; 202.21; 228.24; 1.2; 1.06
2014-08-31; 2014.03; 1727.68; 286.35; 0.0; 43.07; 0.0; 43.07; 243.28; 19.05; 262.33; 88.89; 173.44; 0.0; 173.44; 0.0; 175.52; 259.36; 243.28; 202.35; 228.23; 0.87; 0.78
2014-05-31; 1818.74; 1590.52; 228.23; 0.0; 38.32; 0.0; 38.32; 189.91; 13.72; 203.63; 81.01; 122.62; 0.0; 122.62; 0.0; 136.08; 203.99; 189.91; 202.0; 228.01; 0.67; 0.61
2014-02-28; 1363.1; 1198.35; 164.75; 0.0; 38.11; 0.0; 38.11; 126.64; -0.76; 125.88; 45.91; 79.97; 0.0; 79.97; 0.0; 77.18; 139.78; 126.64; 201.96; 227.63; 0.38; 0.35
2013-11-30; 1915.2; 1601.74; 313.46; 0.0; 43.32; 0.0; 43.32; 270.14; 6.83; 276.97; 93.96; 183.02; 0.0; 183.02; 0.0; 161.72; 284.67; 270.14; 190.47; 225.92; 0.85; 0.74
2013-08-31; 1602.77; 1375.09; 227.68; 0.0; 37.62; 0.0; 37.62; 190.06; -0.7; 189.36; 67.2; 122.15; 0.0; 122.15; 0.0; 118.83; 204.38; 190.06; 190.8; 225.34; 0.62; 0.54
2013-05-31; 1426.88; 1232.32; 194.56; 0.0; 33.85; 0.0; 33.85; 160.71; 1.58; 162.29; 19.49; 142.8; 0.0; 142.8; 0.0; 135.59; 173.84; 160.71; 190.01; 226.66; 0.71; 0.61
2013-02-28; 990.24; 894.05; 96.19; 0.0; 31.27; 0.0; 31.27; 64.92; -11.6; 53.32; -3.64; 56.96; 0.0; 56.96; 0.0; 56.73; 76.79; 64.92; 189.55; 226.02; 0.3; 0.26
2012-11-30; 1350.36; 1172.49; 177.87; 0.0; 39.04; 0.0; 39.04; 138.83; -33.9; 104.92; -18.6; 123.52; 0.0; 123.52; 0.0; 121.88; 151.88; 138.83; 186.66; 218.69; 0.65; 0.57
2012-08-31; 1099.76; 978.27; 121.49; 0.0; 32.29; 0.0; 32.29; 89.2; -30.57; 58.63; -12.78; 71.41; 0.0; 71.41; 0.0; 85.58; 102.44; 89.2; 186.76; 219.58; 0.46; 0.4
2012-05-31; 930.15; 832.65; 97.5; 0.0; 29.17; 0.0; 29.17; 68.33; -16.23; 52.1; -402.32; 454.42; 0.0; 454.42; 0.0; 446.0; 78.57; 68.33; 186.43; 218.01; 2.39; 2.06
2012-02-29; 724.86; 678.08; 46.78; 0.0; 26.84; 0.0; 26.84; 19.93; -13.48; 6.45; -1.52; 7.98; 0.0; 7.98; 0.0; 14.74; 32.94; 19.93; 186.0; 213.81; 0.08; 0.08
2011-11-30; 952.65; 889.25; 63.41; 0.0; 28.53; 0.0; 28.53; 34.88; -23.1; 11.77; -13.7; 25.47; 0.0; 25.47; 0.0; 29.51; 52.08; 34.88; 184.54; 195.19; 0.16; 0.16
2011-08-31; 820.19; 754.86; 65.34; 0.0; 22.78; 0.0; 22.78; 42.56; -18.48; 24.08; 0.58; 23.5; 0.0; 23.5; 0.0; 20.47; 51.45; 42.56; 184.66; 195.15; 0.11; 0.11
2011-05-31; 764.49; 719.91; 44.58; 0.0; 20.6; 0.0; 20.6; 23.98; 1.82; 25.8; 0.95; 24.85; 0.0; 24.85; 0.0; 13.61; 32.21; 23.98; 184.62; 195.31; 0.07; 0.07
2011-02-28; 558.04; 532.64; 25.4; 0.0; 23.35; 0.0; 23.35; 2.05; 34.27; 36.32; -2.4; 38.73; 0.0; 38.73; 0.0; 27.41; 9.88; 2.05; 184.16; 194.86; 0.15; 0.14
2010-11-30; 860.12; 809.18; 50.95; 0.0; 25.06; 0.0; 25.06; 25.89; 12.89; 38.78; -3.74; 42.52; 0.0; 42.52; 0.0; 30.98; 33.07; 25.89; 182.96; 188.86; 0.18; 0.18
2010-08-31; 824.98; 751.83; 73.14; 0.0; 23.99; 0.0; 23.99; 49.15; -9.71; 39.44; 0.6; 38.83; 0.0; 38.83; 0.0; 30.04; 54.52; 49.15; 183.06; 193.1; 0.16; 0.16
2010-05-31; 814.48; 737.09; 77.39; 0.0; 22.23; 0.0; 22.23; 55.16; -19.61; 35.55; -11.03; 46.58; 0.0; 46.58; 0.0; 39.72; 59.4; 55.16; 183.01; 186.39; 0.21; 0.21
2010-02-28; 574.44; 557.63; 16.81; 0.0; 22.64; 0.0; 22.64; -5.83; -13.21; -19.05; -11.57; -7.47; 0.0; -7.47; 0.0; -6.52; -2.55; -5.83; 182.66; 182.66; -0.04; -0.04
2009-11-30; 913.74; 1110.74; -197.0; 0.0; 32.76; 0.0; 32.76; -229.76; -73.03; -302.79; -320.48; 17.69; 0.0; 17.69; 0.0; 35.57; -223.53; -229.76; 170.54; 170.54; 0.26; 0.26
2009-08-31; 720.73; 770.82; -50.09; 0.0; 27.56; 0.0; 27.56; -77.64; -94.0; -171.64; 2.74; -174.38; 0.0; -174.38; 0.0; -171.6; -73.38; -77.64; 176.77; 176.77; -0.97; -0.97
2009-05-31; 891.85; 909.83; -17.97; 0.0; 29.77; 0.0; 29.77; -47.75; -82.41; -130.16; 1.55; -131.71; 0.0; -131.71; 0.0; -125.19; -42.64; -47.75; 164.58; 164.58; -0.76; -0.76
2009-02-28; 593.06; 670.65; -77.59; 0.0; 27.48; 0.0; 27.48; -105.06; -50.75; -155.81; 1.85; -157.66; 0.0; -157.66; 0.0; -155.93; -99.01; -105.06; 158.62; 158.62; -0.98; -0.98
