Date; Revenue; Cost Of Goods Sold; Gross Profit; Research And Development Expenses; SG&A Expenses; Other Operating Income Or Expenses; Operating Expenses; Operating Income; Total Non-Operating Income/Expense; Pre-Tax Income; Income Taxes; Income After Taxes; Other Income; Income From Continuous Operations; Income From Discontinued Operations; Net Income; EBITDA; EBIT; Basic Shares Outstanding; Shares Outstanding; Basic EPS; EPS - Earnings Per Share
2022-09-30; 2373.0; 1342.0; 1031.0; 197.0; 378.0; -83.0; 658.0; 373.0; -40.0; 333.0; 53.0; 280.0; 0.0; 280.0; 0.0; 279.0; 481.0; 373.0; 167.2; 171.5; 1.67; 1.63
2022-06-30; 2140.0; 1150.0; 990.0; 191.0; 356.0; -85.0; 632.0; 358.0; -58.0; 300.0; 71.0; 229.0; 0.0; 229.0; 0.0; 228.0; 470.0; 358.0; 167.2; 170.9; 1.36; 1.33
2022-03-31; 1892.0; 1035.0; 857.0; 188.0; 338.0; -92.0; 618.0; 239.0; -20.0; 219.0; -49.0; 268.0; 0.0; 268.0; 0.0; 267.0; 350.0; 239.0; 168.0; 173.1; 1.59; 1.54
2021-12-31; 2320.0; 1137.0; 1183.0; 190.0; 368.0; -77.0; 635.0; 548.0; -30.0; 518.0; 115.0; 403.0; 0.0; 403.0; 0.0; 401.0; 661.0; 548.0; 169.2; 173.6; 2.38; 2.31
2021-09-30; 2107.0; 1062.0; 1045.0; 183.0; 351.0; -60.0; 594.0; 451.0; -46.0; 405.0; 97.0; 308.0; 0.0; 308.0; 0.0; 307.0; 556.0; 451.0; 169.2; 174.1; 1.81; 1.76
2021-06-30; 1971.0; 1019.0; 952.0; 181.0; 331.0; -70.0; 582.0; 370.0; -30.0; 340.0; 46.0; 294.0; 0.0; 294.0; 0.0; 293.0; 480.0; 370.0; 169.6; 173.1; 1.73; 1.69
2021-03-31; 1773.0; 913.0; 860.0; 180.0; 303.0; -79.0; 562.0; 298.0; -9.0; 289.0; 44.0; 245.0; 0.0; 245.0; 0.0; 244.0; 408.0; 298.0; 169.3; 173.2; 1.44; 1.41
2020-12-31; 2273.0; 1127.0; 1146.0; 182.0; 342.0; -68.0; 592.0; 554.0; -31.0; 523.0; 110.0; 413.0; 0.0; 413.0; 0.0; 412.0; 663.0; 554.0; 170.0; 174.1; 2.43; 2.37
2020-09-30; 1868.0; 959.0; 909.0; 175.0; 313.0; -69.0; 557.0; 352.0; -101.0; 251.0; 45.0; 206.0; 0.0; 206.0; 0.0; 205.0; 455.0; 352.0; 169.7; 173.5; 1.21; 1.18
2020-06-30; 1618.0; 852.0; 766.0; 161.0; 297.0; -90.0; 548.0; 218.0; -42.0; 176.0; 40.0; 136.0; 0.0; 136.0; 0.0; 135.0; 316.0; 218.0; 170.0; 173.6; 0.79; 0.78
2020-03-31; 1655.0; 868.0; 787.0; 168.0; 341.0; -19.0; 528.0; 259.0; -35.0; 224.0; 26.0; 198.0; 0.0; 198.0; 0.0; 197.0; 358.0; 259.0; 170.6; 175.9; 1.15; 1.12
2019-12-31; 2376.0; 1156.0; 1220.0; 183.0; 366.0; -81.0; 630.0; 590.0; -397.0; 193.0; -50.0; 243.0; 0.0; 243.0; 0.0; 243.0; 694.0; 590.0; 166.6; 175.6; 1.44; 1.4
2019-09-30; 1994.0; 987.0; 1007.0; 172.0; 359.0; -63.0; 594.0; 413.0; -65.0; 348.0; 80.0; 268.0; 0.0; 268.0; 0.0; 267.0; 512.0; 413.0; 166.7; 176.4; 1.6; 1.51
2019-06-30; 1860.0; 929.0; 931.0; 170.0; 351.0; -61.0; 582.0; 349.0; -74.0; 275.0; 67.0; 208.0; 0.0; 208.0; 0.0; 207.0; 445.0; 349.0; 164.9; 176.1; 1.25; 1.18
2019-03-31; 1657.0; 884.0; 773.0; 162.0; 327.0; -55.0; 544.0; 229.0; -44.0; 185.0; 33.0; 152.0; 0.0; 152.0; 0.0; 151.0; 324.0; 229.0; 164.0; 174.6; 0.92; 0.86
2018-12-31; 2253.0; 1165.0; 1088.0; 165.0; 336.0; -70.0; 571.0; 517.0; -52.0; 465.0; 42.0; 423.0; 0.0; 423.0; 0.0; 422.0; 610.0; 517.0; 162.4; 172.0; 2.59; 2.45
2018-09-30; 1862.0; 961.0; 901.0; 158.0; 323.0; -126.0; 607.0; 294.0; -24.0; 270.0; 22.0; 248.0; 0.0; 248.0; 0.0; 247.0; 383.0; 294.0; 162.6; 172.6; 1.52; 1.43
2018-06-30; 1760.0; 938.0; 822.0; 162.0; 316.0; -71.0; 549.0; 273.0; -46.0; 227.0; 46.0; 181.0; 0.0; 181.0; 0.0; 180.0; 369.0; 273.0; 162.2; 171.7; 1.11; 1.05
2018-03-31; 1468.0; 799.0; 669.0; 152.0; 279.0; -67.0; 498.0; 171.0; -31.0; 140.0; 23.0; 117.0; 0.0; 117.0; 0.0; 117.0; 253.0; 171.0; 161.4; 170.6; 0.73; 0.69
2017-12-31; 1957.0; 987.0; 970.0; 154.0; 268.0; -45.0; 467.0; 503.0; -38.0; 465.0; 1039.0; -574.0; 0.0; -574.0; 0.0; -575.0; 503.0; 503.0; 162.9; 162.9; -3.52; -3.43
2017-09-30; 1645.0; 851.0; 794.0; 141.0; 259.0; -47.0; 447.0; 347.0; -61.0; 286.0; 73.0; 213.0; 0.0; 213.0; 0.0; 212.0; 347.0; 347.0; 162.3; 169.0; 1.3; 1.25
2017-06-30; 1497.0; 807.0; 690.0; 138.0; 254.0; -37.0; 429.0; 261.0; -56.0; 205.0; 73.0; 132.0; 0.0; 132.0; 0.0; 131.0; 347.0; 261.0; 163.1; 169.0; 0.8; 0.78
2017-03-31; 1281.0; 711.0; 570.0; 135.0; 244.0; -18.0; 397.0; 173.0; -53.0; 120.0; 42.0; 78.0; 0.0; 78.0; 0.0; 77.0; 253.0; 173.0; 164.2; 169.9; 0.47; 0.45
2016-12-31; 1883.0; 954.0; 929.0; 143.0; 323.0; -80.0; 546.0; 383.0; -21.0; 362.0; 118.0; 244.0; 0.0; 244.0; 0.0; 244.0; 458.0; 383.0; 169.6; 173.1; 1.43; 1.4
2016-09-30; 1532.0; 770.0; 762.0; 137.0; 247.0; -37.0; 421.0; 341.0; -48.0; 293.0; 100.0; 193.0; 0.0; 193.0; 0.0; 192.0; 417.0; 341.0; 166.3; 169.6; 1.15; 1.13
2016-06-30; 1430.0; 754.0; 676.0; 138.0; 240.0; -74.0; 452.0; 224.0; -57.0; 167.0; 59.0; 108.0; 0.0; 108.0; 0.0; 107.0; 306.0; 224.0; 171.9; 174.8; 0.62; 0.61
2016-03-31; 1193.0; 691.0; 502.0; 135.0; 234.0; -33.0; 402.0; 100.0; -78.0; 22.0; 5.0; 17.0; 0.0; 17.0; 0.0; 17.0; 162.0; 100.0; 174.5; 177.0; 0.1; 0.1
2015-12-31; 1682.0; 844.0; 838.0; 152.0; 252.0; -44.0; 448.0; 390.0; -13.0; 377.0; 99.0; 278.0; 0.0; 278.0; 2.0; 279.0; 427.0; 390.0; 199.6; 201.8; 1.46; 1.43
2015-09-30; 1422.0; 737.0; 685.0; 153.0; 259.0; -42.0; 454.0; 231.0; -34.0; 197.0; 71.0; 126.0; 0.0; 126.0; -11.0; 115.0; 263.0; 231.0; 199.2; 201.3; 0.58; 0.57
2015-06-30; 1368.0; 720.0; 648.0; 156.0; 254.0; 16.0; 394.0; 254.0; -39.0; 215.0; 64.0; 151.0; 0.0; 151.0; -8.0; 142.0; 294.0; 254.0; 208.0; 209.5; 0.68; 0.68
2015-03-31; 1223.0; 675.0; 548.0; 159.0; 256.0; -14.0; 429.0; 119.0; 9.0; 128.0; 40.0; 88.0; 0.0; 88.0; -13.0; 74.0; 160.0; 119.0; 215.3; 217.8; 0.34; 0.34
2014-12-31; 1824.0; 911.0; 913.0; 165.0; 282.0; -1924.0; 2371.0; -1458.0; -41.0; -1499.0; -573.0; -926.0; 0.0; -926.0; 1127.0; 201.0; -1416.0; -1458.0; 245.6; 245.6; 0.94; 0.99
2014-09-30; 1436.0; 751.0; 685.0; 166.0; 287.0; -25.0; 478.0; 207.0; -56.0; 151.0; 84.0; 67.0; 0.0; 67.0; 81.0; 147.0; 252.0; 207.0; 246.3; 248.2; 0.6; 0.59
2014-06-30; 1393.0; 737.0; 656.0; 176.0; 308.0; -34.0; 518.0; 138.0; -40.0; 98.0; 20.0; 78.0; 0.0; 78.0; 746.0; 824.0; 184.0; 138.0; 253.7; 256.2; 3.25; 3.22
2014-03-31; 1228.0; 651.0; 577.0; 174.0; 307.0; 11.0; 470.0; 107.0; -18.0; 89.0; 4.0; 85.0; 0.0; 85.0; 42.0; 127.0; 147.0; 107.0; 254.1; 258.3; 0.5; 0.49
2013-12-31; 1240.0; 601.0; 639.0; 121.0; 211.0; -25.0; 357.0; 282.0; -26.0; 256.0; -2.0; 258.0; 0.0; 258.0; 85.0; 342.0; 324.0; 282.0; 266.0; 270.5; 1.3; 1.28
2013-09-30; 1517.0; 752.0; 765.0; 183.0; 320.0; -16.0; 519.0; 246.0; 5.0; 251.0; -11.0; 262.0; 0.0; 262.0; 46.0; 307.0; 286.0; 246.0; 262.2; 265.3; 1.17; 1.16
2013-06-30; 1497.0; 747.0; 750.0; 195.0; 339.0; -13.0; 547.0; 203.0; -35.0; 168.0; -59.0; 227.0; 0.0; 227.0; 35.0; 258.0; 227.0; 203.0; 269.5; 274.7; 0.96; 0.94
2013-03-31; 1973.0; 1018.0; 955.0; 262.0; 460.0; -17.0; 739.0; 216.0; -11.0; 205.0; 13.0; 192.0; 0.0; 192.0; 0.0; 192.0; 268.0; 216.0; 274.5; 280.7; 0.7; 0.68
2012-12-31; 2441.0; 1212.0; 1229.0; 290.0; 510.0; 4.0; 806.0; 423.0; -16.0; 407.0; 71.0; 336.0; 0.0; 336.0; 208.0; 336.0; 423.0; 423.0; 279.3; 284.4; 1.2; 1.18
2012-09-30; 2153.0; 1066.0; 1087.0; 262.0; 485.0; -16.0; 763.0; 324.0; 0.0; 324.0; 118.0; 206.0; 0.0; 206.0; 0.0; 206.0; 369.0; 324.0; 283.1; 287.4; 0.73; 0.72
2012-06-30; 2148.0; 1088.0; 1060.0; 269.0; 496.0; -17.0; 782.0; 278.0; -38.0; 240.0; 63.0; 177.0; 0.0; 177.0; 5.0; 182.0; 331.0; 278.0; 290.6; 296.1; 0.63; 0.61
2012-03-31; 1956.0; 983.0; 973.0; 254.0; 472.0; -15.0; 741.0; 232.0; 12.0; 244.0; 85.0; 159.0; 0.0; 159.0; -2.0; 157.0; 285.0; 232.0; 311.3; 317.7; 0.5; 0.49
2011-12-31; 2300.0; 1140.0; 1160.0; 266.0; 498.0; -120.0; 884.0; 276.0; -9.0; 267.0; 90.0; 177.0; 0.0; 171.0; 7.0; 184.0; 369.0; 276.0; 333.8; 339.7; 0.6; 0.59
2011-09-30; 2085.0; 1030.0; 1055.0; 270.0; 471.0; -60.0; 801.0; 254.0; -16.0; 238.0; 83.0; 155.0; 0.0; 155.0; -25.0; 128.0; 346.0; 254.0; 335.4; 339.5; 0.38; 0.38
2011-06-30; 1984.0; 977.0; 1007.0; 260.0; 482.0; -106.0; 848.0; 159.0; -98.0; 61.0; 13.0; 48.0; 0.0; 48.0; 299.0; 349.0; 249.0; 159.0; 341.2; 348.5; 1.02; 1.0
2011-03-31; 1834.0; 910.0; 924.0; 239.0; 461.0; -55.0; 755.0; 169.0; 3.0; 172.0; -189.0; 361.0; 0.0; 367.0; 130.0; 497.0; 260.0; 169.0; 337.4; 344.2; 1.47; 1.44
2010-12-31; 2033.0; 1003.0; 1030.0; 248.0; 492.0; -31.0; 771.0; 259.0; -25.0; 234.0; 65.0; 169.0; 0.0; 169.0; 135.0; 292.0; 355.0; 259.0; 333.3; 338.1; 0.87; 0.85
2010-09-30; 1908.0; 944.0; 964.0; 262.0; 457.0; -34.0; 753.0; 211.0; -19.0; 192.0; 203.0; -11.0; 0.0; -11.0; 123.0; 110.0; 296.0; 211.0; 334.1; 334.1; 0.33; 0.33
2010-06-30; 1936.0; 971.0; 965.0; 269.0; 471.0; -64.0; 804.0; 161.0; -32.0; 129.0; 122.0; 7.0; 0.0; 7.0; 159.0; 162.0; 246.0; 161.0; 332.7; 337.9; 0.49; 0.48
2010-03-31; 1740.0; 887.0; 853.0; 258.0; 454.0; -21.0; 733.0; 120.0; -11.0; 109.0; 13.0; 96.0; 0.0; 96.0; -28.0; 69.0; 207.0; 120.0; 330.8; 334.5; 0.21; 0.21
2009-12-31; 4786.0; 3058.0; 1728.0; 648.0; 808.0; -116.0; 1640.0; 88.0; 32.0; 120.0; 70.0; 50.0; 0.0; 50.0; 91.0; 142.0; -11.0; 88.0; 330.2; 332.9; 0.43; 0.43
2009-09-30; 4336.0; 2897.0; 1439.0; 621.0; 718.0; -111.0; 1450.0; -11.0; -94.0; -105.0; -25.0; -80.0; 0.0; -80.0; 102.0; 12.0; 94.0; -11.0; 328.61; 328.61; 0.07; 0.07
2009-06-30; 5497.0; 3787.0; 1710.0; 775.0; 822.0; -103.0; 1700.0; 10.0; 23.0; 33.0; -2.0; 35.0; 0.0; 35.0; 0.0; 26.0; 202.0; 10.0; 327.8; 329.58; 0.07; 0.07
2009-03-31; 5371.0; 3875.0; 1496.0; 847.0; 869.0; -229.0; 1945.0; -449.0; 15.0; -434.0; -146.0; -288.0; 0.0; -288.0; 60.0; -231.0; -259.0; -449.0; 325.88; 325.88; -0.7; -0.7
