Date; Revenue; Cost Of Goods Sold; Gross Profit; Research And Development Expenses; SG&A Expenses; Other Operating Income Or Expenses; Operating Expenses; Operating Income; Total Non-Operating Income/Expense; Pre-Tax Income; Income Taxes; Income After Taxes; Other Income; Income From Continuous Operations; Income From Discontinued Operations; Net Income; EBITDA; EBIT; Basic Shares Outstanding; Shares Outstanding; Basic EPS; EPS - Earnings Per Share
2022-12-31; 1582.0; 676.0; 906.0; 0.0; 438.0; -41.0; 557.0; 349.0; -27.0; 322.0; 82.0; 240.0; 0.0; 240.0; 0.0; 241.0; 0.0; 349.0; 491.3; 497.0; 0.49; 0.48
2022-09-30; 1557.0; 667.0; 890.0; 0.0; 415.0; -14.0; 492.0; 398.0; -16.0; 382.0; 88.0; 294.0; 0.0; 294.0; 0.0; 294.0; 461.0; 398.0; 491.23; 496.34; 0.6; 0.59
2022-06-30; 1552.0; 659.0; 893.0; 0.0; 404.0; -12.0; 481.0; 412.0; -15.0; 397.0; 90.0; 307.0; 0.0; 307.0; 0.0; 307.0; 477.0; 412.0; 492.23; 496.58; 0.62; 0.62
2022-03-31; 1535.0; 643.0; 892.0; 0.0; 405.0; -15.0; 487.0; 405.0; -31.0; 374.0; 91.0; 283.0; 0.0; 283.0; 0.0; 284.0; 472.0; 405.0; 495.14; 501.74; 0.57; 0.57
2021-12-31; 1466.0; 581.0; 885.0; 0.0; 444.0; -17.0; 541.0; 344.0; -30.0; 314.0; 54.0; 260.0; 0.0; 260.0; 0.0; 260.0; 425.0; 344.0; 497.7; 505.09; 0.52; 0.51
2021-09-30; 1357.0; 519.0; 838.0; 0.0; 402.0; -13.0; 482.0; 356.0; 15.0; 371.0; 83.0; 288.0; 0.0; 288.0; 0.0; 288.0; 422.0; 356.0; 503.08; 510.54; 0.57; 0.56
2021-06-30; 1412.0; 566.0; 846.0; 0.0; 369.0; -12.0; 470.0; 376.0; 78.0; 454.0; 113.0; 341.0; 0.0; 341.0; 0.0; 341.0; 444.0; 376.0; 492.26; 499.31; 0.69; 0.68
2021-03-31; 1651.0; 800.0; 851.0; 0.0; 368.0; -45.0; 486.0; 365.0; 30.0; 395.0; 97.0; 298.0; 0.0; 298.0; 0.0; 298.0; 428.0; 365.0; 494.13; 501.28; 0.6; 0.59
2020-12-31; 1461.0; 673.0; 788.0; 0.0; 384.0; -28.0; 470.0; 318.0; -52.0; 266.0; 41.0; 225.0; 0.0; 225.0; 0.0; 225.0; 371.0; 318.0; 493.25; 500.71; 0.45; 0.45
2020-09-30; 1413.0; 698.0; 715.0; 0.0; 326.0; -1.0; 389.0; 326.0; 31.0; 357.0; 93.0; 264.0; 0.0; 264.0; 0.0; 264.0; 377.0; 326.0; 492.51; 502.48; 0.54; 0.53
2020-06-30; 1398.0; 699.0; 699.0; 0.0; 317.0; -4.0; 384.0; 315.0; 1.0; 316.0; 75.0; 241.0; 0.0; 241.0; 0.0; 241.0; 365.0; 315.0; 492.3; 498.22; 0.49; 0.48
2020-03-31; 1353.0; 652.0; 701.0; 0.0; 359.0; 0.0; 426.0; 275.0; -2.0; 273.0; 70.0; 203.0; 0.0; 203.0; 0.0; 203.0; 323.0; 275.0; 494.59; 500.33; 0.41; 0.41
2019-12-31; 1062.0; 416.0; 646.0; 0.0; 324.0; -11.0; 386.0; 260.0; -8.0; 252.0; 49.0; 203.0; 0.0; 203.0; 0.0; 203.0; 307.0; 260.0; 494.8; 500.91; 0.41; 0.4
2019-09-30; 1096.0; 464.0; 632.0; 0.0; 319.0; -10.0; 406.0; 226.0; -11.0; 215.0; 65.0; 150.0; 0.0; 150.0; 0.0; 150.0; 273.0; 226.0; 493.0; 501.09; 0.3; 0.3
2019-06-30; 1061.0; 438.0; 623.0; 0.0; 314.0; 0.0; 367.0; 256.0; -17.0; 239.0; 65.0; 174.0; 0.0; 174.0; 0.0; 174.0; 304.0; 256.0; 496.79; 501.12; 0.35; 0.35
2019-03-31; 1039.0; 405.0; 634.0; 0.0; 302.0; -9.0; 359.0; 275.0; 38.0; 313.0; 66.0; 247.0; 0.0; 247.0; 0.0; 247.0; 323.0; 275.0; 496.03; 501.08; 0.5; 0.49
2018-12-31; 1135.0; 490.0; 645.0; 0.0; 339.0; 0.0; 405.0; 240.0; 88.0; 328.0; 372.0; -44.0; 0.0; -44.0; 0.0; -44.0; 291.0; 240.0; 496.05; 503.07; -0.09; -0.09
2018-09-30; 964.0; 364.0; 600.0; 0.0; 295.0; -6.0; 354.0; 246.0; -37.0; 209.0; 46.0; 163.0; 0.0; 163.0; 0.0; 163.0; 299.0; 246.0; 492.68; 501.87; 0.33; 0.32
2018-06-30; 1027.0; 412.0; 615.0; 0.0; 303.0; 0.0; 346.0; 269.0; 19.0; 288.0; 126.0; 162.0; 0.0; 162.0; 0.0; 162.0; 322.0; 269.0; 497.24; 502.2; 0.33; 0.32
2018-03-31; 1151.0; 485.0; 666.0; 0.0; 330.0; -10.0; 393.0; 273.0; -34.0; 239.0; 62.0; 177.0; 0.0; 177.0; 0.0; 177.0; 326.0; 273.0; 500.77; 506.98; 0.35; 0.35
2017-12-31; 1020.0; 389.0; 631.0; 0.0; 317.0; 0.0; 390.0; 241.0; -29.0; 212.0; -33.0; 245.0; 0.0; 245.0; 0.0; 245.0; 289.0; 241.0; 499.09; 508.75; 0.49; 0.48
2017-09-30; 965.0; 362.0; 603.0; 0.0; 291.0; -3.0; 341.0; 262.0; -28.0; 234.0; 64.0; 170.0; 0.0; 170.0; 0.0; 170.0; 310.0; 262.0; 500.08; 510.01; 0.34; 0.33
2017-06-30; 994.0; 398.0; 596.0; 0.0; 296.0; -11.0; 354.0; 242.0; -31.0; 211.0; 65.0; 146.0; 0.0; 146.0; 0.0; 146.0; 289.0; 242.0; 496.25; 505.46; 0.29; 0.29
2017-03-31; 969.0; 388.0; 581.0; 0.0; 284.0; -6.0; 335.0; 246.0; -31.0; 215.0; 47.0; 168.0; 0.0; 168.0; 0.0; 168.0; 291.0; 246.0; 499.42; 510.74; 0.34; 0.33
2016-12-31; 973.0; 375.0; 598.0; 0.0; 324.0; 0.0; 388.0; 210.0; -617.0; -407.0; -180.0; -227.0; 0.0; -227.0; 0.0; -227.0; 255.0; 210.0; 495.55; 506.4; -0.46; -0.45
2016-09-30; 929.0; 344.0; 585.0; 0.0; 294.0; -12.0; 352.0; 233.0; -34.0; 199.0; 68.0; 131.0; 0.0; 131.0; 0.0; 131.0; 279.0; 233.0; 496.82; 508.49; 0.26; 0.26
2016-06-30; 897.0; 338.0; 559.0; 0.0; 276.0; 0.0; 385.0; 174.0; -28.0; 146.0; 76.0; 70.0; 0.0; 70.0; 0.0; 70.0; 215.0; 174.0; 495.06; 504.62; 0.14; 0.14
2016-03-31; 905.0; 371.0; 534.0; 0.0; 259.0; -9.0; 315.0; 219.0; -24.0; 195.0; 63.0; 132.0; 0.0; 132.0; 0.0; 132.0; 257.0; 219.0; 492.85; 505.1; 0.27; 0.26
2015-12-31; 867.0; 331.0; 536.0; 0.0; 240.0; 0.0; 291.0; 245.0; -27.0; 218.0; 70.0; 148.0; 0.0; 148.0; 0.0; 148.0; 281.0; 245.0; 501.86; 513.85; 0.3; 0.29
2015-09-30; 871.0; 342.0; 529.0; 0.0; 252.0; 0.0; 298.0; 231.0; -25.0; 206.0; 68.0; 138.0; 0.0; 138.0; 0.0; 138.0; 266.0; 231.0; 500.71; 514.36; 0.28; 0.27
2015-06-30; 807.0; 289.0; 518.0; 0.0; 262.0; 0.0; 301.0; 217.0; -25.0; 192.0; 60.0; 132.0; 0.0; 132.0; 0.0; 133.0; 250.0; 217.0; 506.15; 516.43; 0.26; 0.26
2015-03-31; 858.0; 351.0; 507.0; 0.0; 296.0; 0.0; 480.0; 27.0; -13.0; 14.0; 5.0; 9.0; 0.0; 9.0; 0.0; 9.0; 61.0; 27.0; 506.96; 518.03; 0.02; 0.02
2014-12-31; 919.0; 401.0; 518.0; 0.0; 279.0; 0.0; 346.0; 172.0; -75.0; 97.0; 11.0; 86.0; 0.0; 86.0; 0.0; 87.0; 205.0; 172.0; 506.78; 519.06; 0.17; 0.17
2014-09-30; 818.0; 321.0; 497.0; 0.0; 251.0; 0.0; 290.0; 207.0; -28.0; 179.0; 56.0; 123.0; 0.0; 123.0; 0.0; 123.0; 242.0; 207.0; 505.76; 519.47; 0.24; 0.24
2014-06-30; 865.0; 342.0; 523.0; 0.0; 283.0; 0.0; 332.0; 191.0; -29.0; 162.0; 61.0; 101.0; 0.0; 101.0; 0.0; 101.0; 225.0; 191.0; 508.01; 517.42; 0.2; 0.2
2014-03-31; 898.0; 369.0; 529.0; 0.0; 282.0; 0.0; 345.0; 184.0; -28.0; 156.0; 53.0; 103.0; 0.0; 103.0; 0.0; 103.0; 219.0; 184.0; 508.79; 521.0; 0.2; 0.2
2013-12-31; 848.0; 328.0; 520.0; 0.0; 278.0; 18.0; 283.0; 237.0; -2.0; 235.0; 94.0; 141.0; 0.0; 141.0; 0.0; 142.0; 271.0; 237.0; 500.8; 513.8; 0.28; 0.27
2013-09-30; 805.0; 299.0; 506.0; 0.0; 271.0; 0.0; 304.0; 202.0; -31.0; 171.0; 58.0; 113.0; 0.0; 113.0; 0.0; 113.0; 235.0; 202.0; 502.01; 516.31; 0.23; 0.22
2013-06-30; 814.0; 363.0; 451.0; 0.0; 239.0; 0.0; 292.0; 159.0; -24.0; 135.0; 47.0; 88.0; 0.0; 88.0; 0.0; 88.0; 187.0; 159.0; 499.12; 510.43; 0.18; 0.17
2013-03-31; 744.0; 326.0; 418.0; 0.0; 222.0; -62.0; 328.0; 90.0; -31.0; 59.0; 17.0; 42.0; 0.0; 42.0; 0.0; 42.0; 117.0; 90.0; 497.11; 508.99; 0.09; 0.08
2012-12-31; 755.0; 334.0; 421.0; 0.0; 208.0; 0.0; 247.0; 174.0; -22.0; 152.0; 68.0; 84.0; 0.0; 84.0; 0.0; 85.0; 199.0; 174.0; 504.76; 517.76; 0.17; 0.17
2012-09-30; 746.0; 334.0; 412.0; 0.0; 209.0; 0.0; 242.0; 170.0; -36.0; 134.0; 45.0; 89.0; 0.0; 89.0; 0.0; 89.0; 197.0; 170.0; 498.7; 511.56; 0.18; 0.17
2012-06-30; 815.0; 388.0; 427.0; 0.0; 209.0; 0.0; 252.0; 175.0; -50.0; 125.0; 33.0; 92.0; 0.0; 92.0; 0.0; 93.0; 200.0; 175.0; 508.06; 520.37; 0.18; 0.18
2012-03-31; 804.0; 390.0; 414.0; 0.0; 206.0; 0.0; 243.0; 171.0; -34.0; 137.0; 53.0; 84.0; 0.0; 84.0; 0.0; 85.0; 198.0; 171.0; 518.87; 532.53; 0.16; 0.16
2011-12-31; 842.0; 416.0; 426.0; 0.0; 237.0; 0.0; 266.0; 160.0; -40.0; 120.0; 40.0; 80.0; 0.0; 80.0; 0.0; 81.0; 189.0; 160.0; 529.0; 540.03; 0.16; 0.15
2011-09-30; 944.0; 508.0; 436.0; 0.0; 210.0; 0.0; 241.0; 195.0; -25.0; 170.0; 61.0; 109.0; 0.0; 109.0; 0.0; 110.0; 224.0; 195.0; 531.29; 542.77; 0.21; 0.2
2011-06-30; 837.0; 422.0; 415.0; 0.0; 202.0; 0.0; 257.0; 158.0; -27.0; 131.0; 40.0; 91.0; 0.0; 91.0; 0.0; 92.0; 186.0; 158.0; 529.94; 541.55; 0.17; 0.17
2011-03-31; 815.0; 402.0; 413.0; 0.0; 198.0; 0.0; 230.0; 183.0; -31.0; 152.0; 49.0; 103.0; 0.0; 103.0; 0.0; 104.0; 212.0; 183.0; 528.28; 543.24; 0.2; 0.19
2010-12-31; 777.0; 383.0; 394.0; 0.0; 189.0; 0.0; 219.0; 175.0; -27.0; 148.0; 14.0; 134.0; 0.0; 134.0; 0.0; 136.0; 204.0; 175.0; 608.93; 619.54; 0.23; 0.22
2010-09-30; 757.0; 385.0; 372.0; 0.0; 181.0; 0.0; 207.0; 165.0; -22.0; 143.0; 43.0; 100.0; 0.0; 100.0; 0.0; 101.0; 192.0; 165.0; 600.35; 612.22; 0.17; 0.17
2010-06-30; 886.0; 496.0; 390.0; 0.0; 185.0; 0.0; 211.0; 179.0; -33.0; 146.0; 51.0; 95.0; 0.0; 95.0; 0.0; 96.0; 206.0; 179.0; 616.55; 628.25; 0.15; 0.15
2010-03-31; 771.0; 411.0; 360.0; 0.0; 223.0; 0.0; 248.0; 112.0; -23.0; 89.0; 29.0; 60.0; 0.0; 60.0; 0.0; 61.0; 138.0; 112.0; 633.5; 644.28; 0.1; 0.09
2009-12-31; 817.0; 449.0; 368.0; 0.0; 194.0; 0.0; 221.0; 147.0; -96.0; 51.0; 9.0; 42.0; 0.0; 42.0; 0.0; 43.0; 184.0; 147.0; 614.09; 643.61; 0.06; 0.07
2009-09-30; 810.0; 461.0; 349.0; 0.0; 186.0; 0.0; 218.0; 131.0; -47.0; 84.0; 25.0; 59.0; 0.0; 59.0; 0.0; 60.0; 159.0; 131.0; 609.93; 645.09; 0.1; 0.09
2009-06-30; 889.0; 522.0; 367.0; 0.0; 178.0; 0.0; 208.0; 159.0; -45.0; 114.0; 46.0; 68.0; 0.0; 68.0; 0.0; 69.0; 185.0; 159.0; 606.92; 642.75; 0.11; 0.11
2009-03-31; 895.0; 526.0; 369.0; 0.0; 171.0; 0.0; 203.0; 166.0; -24.0; 142.0; 48.0; 94.0; 0.0; 94.0; 0.0; 94.0; 190.0; 166.0; 605.84; 642.86; 0.16; 0.15
