Date; Revenue; Cost Of Goods Sold; Gross Profit; Research And Development Expenses; SG&A Expenses; Other Operating Income Or Expenses; Operating Expenses; Operating Income; Total Non-Operating Income/Expense; Pre-Tax Income; Income Taxes; Income After Taxes; Other Income; Income From Continuous Operations; Income From Discontinued Operations; Net Income; EBITDA; EBIT; Basic Shares Outstanding; Shares Outstanding; Basic EPS; EPS - Earnings Per Share
2022-09-30; 1469.87; 556.57; 913.3; 0.0; 305.14; -0.2; 495.73; 417.57; -34.21; 383.36; 52.73; 330.63; 0.0; 330.63; 0.0; 326.33; 700.17; 417.57; 113.21; 113.46; 2.88; 2.88
2022-06-30; 1061.67; 352.19; 709.48; 0.0; 299.5; -0.39; 486.39; 223.09; -27.79; 195.31; 26.69; 168.62; 0.0; 168.62; 0.0; 164.31; 481.98; 223.09; 113.17; 113.37; 1.45; 1.45
2022-03-31; 783.53; 265.27; 518.26; 0.0; 276.34; -0.82; 463.77; 54.49; -29.07; 25.42; 4.16; 21.26; 0.0; 21.26; 0.0; 16.96; 297.57; 54.49; 113.1; 113.3; 0.15; 0.15
2021-12-31; 798.86; 257.04; 541.82; 0.0; 319.99; -1.03; 491.8; 50.02; -22.11; 27.9; -3.99; 31.89; 0.0; 31.89; 0.0; 27.58; 256.18; 50.02; 112.91; 113.19; 0.24; 0.24
2021-09-30; 1308.25; 427.45; 880.8; 0.0; 289.99; 2.09; 451.43; 429.37; -13.41; 415.97; 71.86; 344.1; 0.0; 344.1; 0.0; 339.8; 625.54; 429.37; 112.92; 113.22; 3.01; 3.0
2021-06-30; 1000.25; 269.83; 730.41; 0.0; 289.19; -4.09; 452.03; 278.39; -12.39; 266.0; 46.56; 219.44; 0.0; 219.44; 0.0; 215.7; 463.9; 278.39; 112.88; 113.22; 1.91; 1.91
2021-03-31; 696.48; 198.23; 498.25; 0.0; 289.54; -3.36; 450.71; 47.53; -11.37; 36.16; -4.35; 40.51; 0.0; 40.51; 0.0; 35.64; 223.38; 47.53; 112.83; 113.09; 0.32; 0.32
2020-12-31; 740.96; 213.34; 527.62; 0.0; 337.55; -4.1; 496.77; 30.85; -65.28; -34.43; -19.91; -14.52; 0.0; -14.52; 0.0; -19.39; 198.61; 30.85; 112.67; 112.94; -0.17; -0.18
2020-09-30; 1254.5; 353.17; 901.33; 0.0; 291.95; -1.68; 446.32; 455.01; -26.53; 428.48; 77.23; 351.25; 0.0; 351.25; 0.0; 346.37; 623.1; 455.01; 112.68; 112.99; 3.07; 3.07
2020-06-30; 929.59; 238.38; 691.21; 0.0; 276.16; -0.69; 429.33; 261.87; -22.35; 239.52; 41.06; 198.46; 0.0; 198.46; 0.0; 193.59; 428.87; 261.87; 112.64; 112.88; 1.72; 1.71
2020-03-31; 661.93; 188.52; 473.41; 0.0; 278.09; -0.82; 432.99; 40.42; -25.77; 14.66; -20.21; 34.87; 0.0; 34.87; 0.0; 29.99; 211.78; 40.42; 112.59; 112.86; 0.27; 0.27
2019-12-31; 670.39; 224.57; 445.83; 0.0; 284.45; -3.98; 433.83; 12.0; -31.68; -19.68; -88.54; 68.85; 0.0; 68.85; 0.0; 63.98; 186.24; 12.0; 112.44; 112.76; 0.57; 0.56
2019-09-30; 1190.79; 344.86; 845.92; 0.0; 292.39; -0.79; 442.63; 403.29; -32.88; 370.42; 53.27; 317.15; 0.0; 317.15; 0.0; 312.28; 587.2; 403.29; 112.46; 112.75; 2.78; 2.77
2019-06-30; 869.5; 242.22; 627.28; 0.0; 282.63; -0.68; 430.69; 196.59; -30.49; 166.1; 17.08; 149.02; 0.0; 149.02; 0.0; 144.15; 371.41; 196.59; 112.34; 112.65; 1.28; 1.28
2019-03-31; 740.53; 230.59; 509.94; 0.0; 300.72; -0.43; 449.86; 60.08; -34.88; 25.21; 2.42; 22.79; 0.0; 22.79; 0.0; 17.92; 240.76; 60.08; 112.34; 112.73; 0.16; 0.16
2018-12-31; 756.38; 231.98; 524.39; 0.0; 310.39; -1.0; 457.51; 66.88; -29.14; 37.74; 6.79; 30.95; 0.0; 30.95; 0.0; 26.08; 252.33; 66.88; 112.13; 112.55; 0.23; 0.23
2018-09-30; 1268.03; 389.94; 878.1; 0.0; 297.92; -0.9; 444.79; 433.31; -29.09; 404.22; 84.33; 319.88; 0.0; 319.88; 0.0; 315.01; 639.16; 433.31; 112.15; 112.53; 2.81; 2.8
2018-06-30; 974.12; 257.09; 717.04; 0.0; 322.0; -7.43; 474.87; 242.16; -26.51; 215.65; 44.04; 171.61; 0.0; 171.61; 0.0; 166.74; 434.99; 242.16; 112.11; 112.47; 1.49; 1.48
2018-03-31; 692.71; 197.11; 495.6; 0.0; 319.28; -0.16; 464.27; 31.33; -24.5; 6.83; -1.26; 8.09; 0.0; 8.09; 0.0; 3.22; 214.9; 31.33; 112.02; 112.49; 0.03; 0.03
2017-12-31; 759.66; 203.83; 555.83; 0.0; 322.26; -1.18; 470.29; 85.55; -38.27; 47.28; 20.77; 26.5; 0.0; 26.5; 0.0; 21.63; 253.86; 85.55; 111.84; 112.37; 0.19; 0.19
2017-09-30; 1183.32; 310.47; 872.85; 0.0; 276.01; -3.38; 413.31; 459.55; -34.28; 425.26; 144.32; 280.94; 0.0; 280.94; 0.0; 276.07; 609.48; 459.55; 111.83; 112.4; 2.47; 2.46
2017-06-30; 944.59; 254.61; 689.98; 0.0; 265.27; -1.71; 392.72; 297.26; -35.97; 261.28; 88.97; 172.32; 0.0; 172.32; 0.0; 167.44; 431.19; 297.26; 111.8; 112.34; 1.5; 1.49
2017-03-31; 677.73; 212.4; 465.33; 0.0; 269.91; -0.39; 397.92; 67.41; -35.02; 32.4; 4.21; 28.18; 0.0; 28.18; 0.0; 23.31; 211.1; 67.41; 111.73; 112.19; 0.21; 0.21
2016-12-31; 739.2; 243.26; 495.94; 0.0; 269.25; -1.4; 393.5; 102.44; -17.02; 85.43; 27.31; 58.12; 0.0; 58.12; 0.0; 53.25; 254.39; 102.44; 111.41; 112.05; 0.48; 0.48
2016-09-30; 1166.92; 336.12; 830.8; 0.0; 258.85; -0.26; 379.54; 451.26; -41.91; 409.35; 141.45; 267.9; 0.0; 267.9; 0.0; 263.03; 606.41; 451.26; 111.42; 112.1; 2.36; 2.35
2016-06-30; 915.39; 274.85; 640.55; 0.0; 284.4; -1.33; 408.8; 231.75; -39.82; 191.92; 65.74; 126.18; 0.0; 126.18; 0.0; 121.31; 384.67; 231.75; 111.37; 112.0; 1.09; 1.08
2016-03-31; 677.17; 221.28; 455.88; 0.0; 285.7; -0.55; 405.72; 50.16; -38.92; 11.24; 1.91; 9.33; 0.0; 9.33; 0.0; 4.45; 193.31; 50.16; 111.3; 111.85; 0.04; 0.04
2015-12-31; 734.43; 232.74; 501.69; 0.0; 264.34; -2.41; 391.86; 109.83; -41.01; 68.83; 22.85; 45.98; 0.0; 45.98; 0.0; 41.12; 235.71; 109.83; 111.03; 111.55; 0.36; 0.38
2015-09-30; 1199.15; 363.85; 835.3; 0.0; 263.69; -0.87; 390.19; 445.11; -43.58; 401.53; 139.56; 261.98; 0.0; 261.98; 0.0; 257.12; 598.87; 445.11; 111.04; 111.62; 2.32; 2.3
2015-06-30; 890.65; 281.48; 609.17; 0.0; 254.0; -0.46; 377.2; 231.97; -37.09; 194.88; 67.37; 127.51; 0.0; 127.51; 0.0; 122.9; 378.51; 231.97; 110.99; 111.46; 1.11; 1.1
2015-03-31; 671.22; 223.24; 447.98; 0.0; 258.16; -1.19; 380.3; 67.68; -39.01; 28.67; 7.95; 20.73; 0.0; 20.73; 0.0; 16.12; 214.79; 67.68; 110.92; 111.38; 0.15; 0.14
2014-12-31; 726.45; 256.83; 469.62; 0.0; 302.1; -0.56; 409.44; 60.18; -45.64; 14.54; 5.01; 9.54; 0.0; 9.54; 0.0; 5.41; 193.98; 60.18; 110.63; 111.18; 0.05; 0.05
2014-09-30; 1172.67; 382.36; 790.31; 0.0; 264.27; -0.6; 368.53; 421.77; -38.94; 382.84; 134.75; 248.09; 0.0; 248.09; 0.0; 243.96; 560.45; 421.77; 110.69; 111.1; 2.2; 2.2
2014-06-30; 906.26; 290.85; 615.41; 0.0; 255.23; -0.92; 361.3; 254.11; -38.19; 215.92; 74.54; 141.38; 0.0; 141.38; 0.0; 132.46; 388.47; 254.11; 110.56; 111.0; 1.2; 1.19
2014-03-31; 686.25; 249.79; 436.46; 0.0; 258.73; -0.8; 361.3; 75.17; -44.07; 31.1; 6.41; 24.69; 0.0; 24.69; 0.0; 15.77; 205.59; 75.17; 110.26; 110.89; 0.14; 0.14
2013-12-31; 699.76; 236.49; 463.27; 0.0; 278.93; -2.14; 379.37; 83.9; -41.92; 41.98; 9.17; 32.81; 0.0; 32.81; 0.0; 24.26; 206.28; 83.9; 109.98; 110.81; 0.22; 0.22
2013-09-30; 1152.39; 350.95; 801.44; 0.0; 276.58; -1.78; 385.75; 415.69; -49.06; 366.63; 131.91; 234.72; 0.0; 234.72; 0.0; 226.16; 556.41; 415.69; 110.01; 111.05; 2.06; 2.04
2013-06-30; 915.82; 277.58; 638.24; 0.0; 270.11; -2.02; 378.43; 259.81; -43.17; 216.64; 77.04; 139.6; 0.0; 139.6; 0.0; 131.21; 394.75; 259.81; 109.96; 110.93; 1.19; 1.18
2013-03-31; 686.65; 230.68; 455.97; 0.0; 263.27; -2.05; 369.05; 86.92; -41.62; 45.3; 12.47; 32.84; 0.0; 32.84; 0.0; 24.44; 212.39; 86.92; 109.83; 110.83; 0.22; 0.22
2012-12-31; 693.12; 210.86; 482.26; 0.0; 276.19; -1.51; 380.97; 101.29; -48.23; 53.06; 18.16; 34.91; 0.0; 34.91; -4.23; 22.63; 197.16; 101.29; 109.51; 110.53; 0.21; 0.21
2012-09-30; 1109.47; 302.89; 806.58; 0.0; 257.24; -1.02; 358.61; 447.97; -47.98; 399.99; 147.12; 252.87; 0.0; 252.87; -0.01; 244.82; 531.29; 447.97; 109.56; 110.66; 2.23; 2.21
2012-06-30; 878.58; 264.72; 613.85; 0.0; 257.52; -1.23; 359.36; 254.49; -46.87; 207.62; 76.69; 130.93; 0.0; 130.93; -0.82; 122.34; 345.87; 254.49; 109.49; 110.36; 1.12; 1.11
2012-03-31; 620.63; 216.31; 404.32; 0.0; 253.14; -3.07; 356.31; 48.01; -52.37; -4.36; -4.64; 0.28; 0.0; 0.28; -0.77; -8.26; 141.98; 48.01; 109.3; 109.3; -0.08; -0.08
2011-12-31; 667.89; 215.51; 452.38; 0.0; 264.04; -2.12; 373.66; 78.72; -51.8; 26.92; 7.38; 19.54; 0.0; 19.54; 0.45; 12.56; 168.25; 78.72; 109.05; 109.86; 0.11; 0.12
2011-09-30; 1124.84; 337.9; 786.94; 0.0; 244.26; -1.32; 351.93; 435.02; -50.33; 384.69; 131.42; 253.27; 0.0; 253.27; 9.51; 255.36; 507.17; 435.02; 109.13; 109.86; 2.34; 2.32
2011-06-30; 799.8; 244.05; 555.75; 0.0; 250.75; -1.4; 358.76; 196.99; -52.99; 144.0; 50.82; 93.19; 0.0; 93.19; 0.65; 86.69; 281.87; 196.99; 109.04; 109.72; 0.8; 0.79
2011-03-31; 648.85; 212.01; 436.84; 0.0; 292.65; -1.82; 401.06; 35.78; -52.16; -16.37; -6.0; -10.37; 0.0; -10.37; 0.69; -15.13; 127.84; 35.78; 108.83; 108.83; -0.14; -0.14
2010-12-31; 649.34; 225.57; 423.77; 0.0; 263.47; 1.91; 368.21; 55.56; -51.06; 4.5; -5.49; 9.99; 0.0; 9.99; 2.51; 7.35; 151.05; 55.56; 106.57; 107.14; 0.12; 0.12
2010-09-30; 1116.71; 353.9; 762.81; 0.0; 257.19; -1.17; 362.53; 400.27; -48.37; 351.91; 122.35; 229.56; 0.0; 229.56; 9.48; 233.92; 480.64; 400.27; 108.63; 109.09; 2.15; 2.14
2010-06-30; 802.79; 251.8; 551.0; 0.0; 245.29; -1.32; 349.61; 201.38; -56.88; 144.5; 51.19; 93.31; 0.0; 93.31; 26.25; 114.8; 287.69; 201.38; 107.36; 107.76; 1.07; 1.07
2010-03-31; 620.36; 215.54; 404.81; 0.0; 239.57; -6.93; 347.15; 57.67; -52.86; 4.81; -7.17; 11.98; 0.0; 11.98; -12.88; -6.01; 145.84; 57.67; 101.47; 101.47; -0.06; -0.06
2009-12-31; 620.17; 257.99; 362.18; 0.0; 233.47; 246.61; 88.41; 273.76; -57.95; 215.81; 82.78; 133.03; 0.0; 133.03; -158.07; -30.16; 418.12; 273.76; 101.16; 101.26; -0.34; -0.3
2009-09-30; 1089.04; 381.54; 707.49; 0.0; 232.04; -5.03; 340.09; 367.41; -54.3; 313.11; 109.78; 203.33; 0.0; 203.33; -12.3; 186.65; 531.98; 367.41; 101.22; 101.39; 1.84; 1.84
2009-06-30; 818.59; 291.7; 526.89; 0.0; 248.31; -5.7; 355.0; 171.89; -49.86; 122.03; 41.0; 81.03; 0.0; 81.03; -8.18; 68.35; 319.89; 171.89; 101.11; 101.19; 0.68; 0.68
2009-03-31; 625.87; 247.39; 378.48; 0.0; 231.74; -241.86; 575.41; -196.93; -59.41; -256.35; -95.0; -161.34; 0.0; -161.34; -4.73; -156.51; -55.97; -196.93; 100.99; 100.99; -1.5; -1.55
