Date; Cash On Hand; Receivables; Inventory; Pre-Paid Expenses; Other Current Assets; Total Current Assets; Property, Plant, And Equipment; Long-Term Investments; Goodwill And Intangible Assets; Other Long-Term Assets; Total Long-Term Assets; Total Assets; Total Current Liabilities; Long Term Debt; Other Non-Current Liabilities; Total Long Term Liabilities; Total Liabilities; Common Stock Net; Retained Earnings (Accumulated Deficit); Comprehensive Income; Other Share Holders Equity; Share Holder Equity; Total Liabilities And Share Holders Equity
2022-09-30; 779.5; 2401.3; 1134.0; 316.5; 4688.7; 9320.0; 69813.1; 0.0; 52.5; 740.1; 81309.41; 91249.4; 11836.4; 33646.6; 11250.7; 54900.7; 66737.1; 3412.5; 12389.8; 474.9; 0.0; 24512.3; 91249.4
2022-06-30; 813.2; 2349.3; 1102.3; 284.6; 4821.6; 9371.0; 68708.2; 0.0; 52.5; 667.4; 80859.7; 90861.3; 12448.0; 32982.7; 11222.4; 54116.3; 66564.3; 3412.0; 12108.6; 551.4; 0.0; 24297.0; 90861.3
2022-03-31; 934.0; 1936.6; 966.8; 239.1; 4191.5; 8268.0; 67878.0; 0.0; 52.5; 788.4; 80917.2; 89831.4; 13568.6; 30855.7; 11592.1; 52224.7; 65793.3; 3411.1; 11985.1; 430.6; 0.0; 24038.1; 89831.4
2021-12-31; 671.8; 1941.6; 989.2; 323.2; 3883.4; 7809.2; 66001.3; 0.0; 52.5; 819.8; 79281.2; 87668.7; 12426.7; 31300.7; 11636.1; 52561.8; 64988.5; 3408.7; 11667.1; 184.8; 0.0; 22680.2; 87668.7
2021-09-30; 1645.1; 2050.4; 978.5; 135.1; 976.0; 5785.1; 66691.2; 0.0; 52.5; 858.7; 79772.2; 86337.1; 9954.0; 32056.5; 11572.7; 53855.91; 63809.9; 3404.5; 11523.0; 274.7; 0.0; 22527.2; 86337.1
2021-06-30; 581.4; 2073.8; 1188.4; 133.9; 628.3; 4605.8; 65664.5; 0.0; 52.5; 849.3; 78954.8; 84358.2; 10428.6; 30659.3; 11624.9; 52299.7; 62728.3; 3382.7; 11098.7; 97.0; 0.0; 21629.9; 84358.2
2021-03-31; 523.1; 1858.4; 1271.9; 124.5; 480.5; 4258.4; 64696.1; 0.0; 52.5; 897.3; 77907.8; 82985.1; 10220.1; 30214.8; 11278.1; 51545.0; 61765.1; 3376.4; 10892.7; -30.8; 0.0; 21220.0; 82985.1
2020-12-31; 639.1; 1842.7; 1310.0; 127.0; 432.7; 4351.5; 63901.6; 0.0; 52.5; 899.2; 75539.3; 80757.2; 9926.7; 28986.4; 11125.9; 50056.0; 59982.7; 3359.3; 10687.8; -85.1; 0.0; 20774.5; 80757.2
2020-09-30; 672.8; 1850.7; 1267.3; 316.7; 230.7; 4338.2; 62786.4; 0.0; 52.5; 926.9; 73470.09; 78689.3; 9047.2; 28155.5; 11002.4; 49007.5; 58054.7; 3357.6; 10621.4; -135.4; 0.0; 20634.6; 78689.3
2020-06-30; 697.0; 1791.5; 1279.8; 241.5; 263.4; 4273.2; 61926.8; 0.0; 52.5; 958.0; 72618.7; 77804.8; 10122.0; 26637.7; 11028.2; 47404.6; 57526.6; 3355.4; 10221.9; -172.9; 0.0; 20278.2; 77804.8
2020-03-31; 1856.0; 1741.5; 1195.9; 219.1; 279.5; 5292.0; 61048.9; 0.0; 52.5; 1112.8; 71505.3; 77724.0; 11654.7; 25783.0; 10648.5; 46061.6; 57716.3; 3350.2; 10038.8; -216.5; 0.0; 20007.7; 77724.0
2019-12-31; 635.3; 1705.1; 1169.2; 156.3; 411.9; 4077.8; 60138.1; 0.0; 52.5; 1124.7; 70857.1; 75892.3; 10299.1; 25126.8; 10978.9; 45680.0; 55979.1; 3343.4; 9900.9; -147.7; 0.0; 19913.2; 75892.3
2019-09-30; 688.2; 1825.1; 1051.3; 262.4; 339.4; 4166.4; 58692.7; 0.0; 52.5; 1237.7; 68744.3; 73900.7; 8611.2; 24553.5; 11275.5; 45291.8; 53903.0; 3341.9; 10095.3; -187.9; 0.0; 19997.7; 73900.7
2019-06-30; 565.3; 1781.2; 1034.4; 233.9; 446.5; 4061.3; 57202.9; 0.0; 52.5; 1098.8; 67472.2; 72550.0; 8357.1; 24174.4; 11294.6; 44769.7; 53126.8; 3340.8; 9694.2; -230.7; 0.0; 19423.2; 72550.0
2019-03-31; 532.0; 1882.3; 946.6; 200.4; 353.5; 3914.8; 55968.6; 0.0; 52.5; 1103.4; 65761.8; 70722.0; 7990.6; 22898.2; 11301.2; 43502.9; 51493.5; 3338.6; 9565.6; -150.7; 0.0; 19228.5; 70722.0
2018-12-31; 603.2; 1926.5; 921.1; 208.8; 454.3; 4113.9; 55099.1; 0.0; 52.5; 1174.6; 64688.9; 68802.8; 8648.8; 21648.2; 11130.8; 41094.6; 49743.4; 3337.4; 9325.3; -120.4; 0.0; 19059.4; 68802.8
2018-09-30; 1101.6; 2118.1; 847.9; 186.6; 438.2; 4692.4; 53355.7; 0.0; 52.5; 1266.3; 62925.0; 67617.4; 8426.2; 20869.8; 10936.3; 40144.4; 48570.6; 3336.5; 9293.7; -86.0; 0.0; 19046.8; 67617.4
2018-06-30; 550.4; 2270.7; 915.6; 243.1; 590.3; 4570.1; 52441.5; 0.0; 52.5; 1346.6; 62300.0; 66870.1; 9058.3; 19750.6; 10953.1; 39060.4; 48118.7; 3335.4; 9023.1; -94.8; 0.0; 18751.4; 66870.1
2018-03-31; 484.4; 1851.5; 922.8; 280.2; 596.1; 4135.0; 51365.1; 0.0; 52.5; 1417.8; 61474.5; 65609.5; 9471.4; 18844.9; 10627.9; 37626.5; 47097.9; 3332.7; 8801.5; -95.4; 0.0; 18511.6; 65609.5
2017-12-31; 574.3; 1891.0; 953.2; 310.4; 524.2; 4253.1; 50261.5; 0.0; 52.5; 1493.3; 60476.0; 64729.1; 8271.3; 19419.6; 10681.7; 38144.2; 46415.5; 3329.4; 8626.7; -67.8; 0.0; 18313.6; 64729.1
2017-09-30; 654.6; 1740.9; 916.5; 350.5; 405.3; 4067.8; 48316.5; 0.0; 52.5; 1598.2; 59897.1; 63964.9; 7322.0; 18362.4; 6240.9; 38537.4; 45859.4; 3328.3; 8532.0; -175.4; 0.0; 18105.5; 63964.9
2017-06-30; 490.0; 1661.8; 982.2; 224.4; 450.6; 3809.0; 47227.2; 0.0; 52.5; 1650.0; 58930.1; 62739.1; 8392.2; 16796.9; 6135.9; 36497.4; 44889.6; 3328.3; 8276.4; -161.6; 0.0; 17849.5; 62739.1
2017-03-31; 450.0; 1711.2; 955.3; 141.0; 358.9; 3616.4; 46236.3; 0.0; 52.5; 1735.7; 58111.9; 61728.3; 7914.5; 16722.2; 6083.8; 36102.1; 44016.6; 3328.3; 8194.3; -171.0; 0.0; 17711.7; 61728.3
2016-12-31; 542.2; 1916.7; 967.3; 325.5; 2282.2; 6033.9; 45639.3; 0.0; 52.5; 1775.2; 57433.8; 63467.7; 9498.0; 17378.4; 5898.1; 36549.6; 46047.6; 3328.3; 7892.4; -156.3; 0.0; 17420.1; 63467.7
2016-09-30; 491.4; 1880.0; 1024.8; 148.1; 2404.9; 5949.2; 44262.2; 0.0; 52.5; 1870.7; 55492.8; 61442.0; 7779.4; 17319.9; 5985.5; 36319.6; 44099.0; 3328.3; 7809.4; -145.8; 0.0; 17343.0; 61442.0
2016-06-30; 553.7; 1815.2; 1362.0; 145.2; 562.8; 4438.9; 47436.2; 0.0; 52.5; 1930.4; 58878.2; 63317.1; 7869.9; 17537.4; 5834.7; 37042.3; 44912.2; 3328.0; 8851.4; -117.9; 0.0; 18404.9; 63317.1
2016-03-31; 454.9; 1650.0; 1351.9; 136.0; 553.5; 4146.3; 46832.9; 0.0; 52.5; 2018.1; 58340.2; 62486.5; 7221.9; 17749.3; 5797.2; 37122.9; 44344.8; 3325.3; 8624.8; -133.8; 0.0; 18141.7; 62486.5
2015-12-31; 563.2; 1640.5; 1339.4; 172.4; 356.9; 4072.4; 46133.2; 0.0; 52.5; 2071.7; 57610.7; 61683.1; 7108.5; 17740.9; 5721.7; 36669.7; 43778.2; 3324.0; 8398.3; -127.1; 0.0; 17904.9; 61683.1
2015-09-30; 493.0; 1853.0; 1105.0; 156.0; 941.0; 4548.0; 45238.0; 0.0; 53.0; 2194.0; 56551.0; 61099.0; 7058.0; 17600.0; 5907.0; 36332.0; 43390.0; 3322.0; 8204.0; -109.0; 0.0; 17709.0; 61099.0
2015-06-30; 551.0; 1920.0; 1160.0; 210.0; 384.0; 4225.0; 45013.0; 0.0; 91.0; 2294.0; 56713.0; 60938.0; 6650.0; 17761.0; 6062.0; 36846.0; 43496.0; 3321.0; 7945.0; -102.0; 0.0; 17442.0; 60938.0
2015-03-31; 483.0; 1889.0; 1192.0; 148.0; 404.0; 4116.0; 44810.0; 0.0; 91.0; 2366.0; 55922.0; 60038.0; 7128.0; 16778.0; 6036.0; 35662.0; 42790.0; 3317.0; 7776.0; -103.0; 0.0; 17248.0; 60038.0
2014-12-31; 548.1; 1835.2; 1316.6; 275.2; 399.7; 4478.1; 43635.1; 0.0; 52.5; 2366.6; 55066.5; 59544.6; 7966.6; 16012.0; 5974.0; 34753.5; 42720.1; 3313.3; 7406.6; -103.1; 0.0; 16824.5; 59544.6
2014-09-30; 512.0; 1855.0; 1205.0; 177.0; 362.0; 4111.0; 43064.0; 0.0; 91.0; 2387.0; 53814.0; 57925.0; 7457.0; 15677.0; 5880.0; 33596.0; 41053.0; 3312.0; 7470.0; -105.0; 0.0; 16872.0; 57925.0
2014-06-30; 567.0; 1926.0; 1219.0; 229.0; 382.0; 4323.0; 42273.0; 0.0; 91.0; 2468.0; 53297.0; 57620.0; 7600.0; 15601.0; 5863.0; 33435.0; 41035.0; 3308.0; 7222.0; -104.0; 0.0; 16585.0; 57620.0
2014-03-31; 602.0; 1943.0; 1214.0; 159.0; 417.0; 4335.0; 41530.0; 0.0; 91.0; 2574.0; 52703.0; 57038.0; 6519.0; 16475.0; 5755.0; 34100.0; 40619.0; 3305.0; 7076.0; -109.0; 0.0; 16419.0; 57038.0
2013-12-31; 471.0; 1860.0; 1423.0; 246.0; 310.0; 4310.0; 40997.0; 0.0; 91.0; 2670.0; 52104.0; 56414.0; 6112.0; 16828.0; 5706.0; 34216.0; 40328.0; 3303.0; 6766.0; -115.0; 0.0; 16086.0; 56414.0
2013-09-30; 435.0; 1856.0; 1440.0; 262.0; 324.0; 4317.0; 39870.0; 0.0; 91.0; 2394.0; 50646.0; 54963.0; 5692.0; 16202.0; 5558.0; 33508.0; 39200.0; 3299.0; 6664.0; -306.0; 0.0; 15763.0; 54963.0
2013-06-30; 415.0; 1931.0; 1574.0; 337.0; 365.0; 4622.0; 39425.0; 0.0; 91.0; 2330.0; 50357.0; 54979.0; 6519.0; 15799.0; 5500.0; 32923.0; 39442.0; 3296.0; 6470.0; -313.0; 0.0; 15537.0; 54979.0
2013-03-31; 440.0; 1869.0; 1520.0; 241.0; 327.0; 4397.0; 39130.0; 0.0; 91.0; 2406.0; 50153.0; 54550.0; 6175.0; 15899.0; 5537.0; 32954.0; 39129.0; 3291.0; 6370.0; -306.0; 0.0; 15421.0; 54550.0
2012-12-31; 603.0; 1871.0; 1519.0; 241.0; 355.0; 4589.0; 38763.0; 0.0; 91.0; 2485.0; 49778.0; 54367.0; 6823.0; 15586.0; 5454.0; 32307.0; 39130.0; 3289.0; 6236.0; -337.0; 0.0; 15237.0; 54367.0
2012-09-30; 721.0; 1855.0; 1462.0; 209.0; 401.0; 4648.0; 38133.0; 0.0; 90.0; 2569.0; 49195.0; 53843.0; 6795.0; 14955.0; 5348.0; 31742.0; 38537.0; 3286.0; 6444.0; -454.0; 0.0; 15306.0; 53843.0
2012-06-30; 594.0; 1762.0; 1494.0; 179.0; 454.0; 4483.0; 37828.0; 0.0; 90.0; 2680.0; 48938.0; 53421.0; 6407.0; 15319.0; 5397.0; 32006.0; 38413.0; 3284.0; 6185.0; -475.0; 0.0; 15008.0; 53421.0
2012-03-31; 503.0; 1670.0; 1418.0; 185.0; 438.0; 4214.0; 37432.0; 0.0; 90.0; 2714.0; 48688.0; 52902.0; 6342.0; 15340.0; 5208.0; 31703.0; 38045.0; 3280.0; 6050.0; -472.0; 0.0; 14857.0; 52902.0
2011-12-31; 515.0; 1834.0; 1292.0; 216.0; 325.0; 4182.0; 36971.0; 0.0; 76.0; 2030.0; 48041.0; 52223.0; 6611.0; 15083.0; 4862.0; 30947.0; 37558.0; 3274.0; 5890.0; -470.0; 0.0; 14665.0; 52223.0
2011-09-30; 786.0; 1860.0; 1173.0; 173.0; 382.0; 4374.0; 36417.0; 0.0; 76.0; 1941.0; 46813.0; 51187.0; 5684.0; 15183.0; 4803.0; 30850.0; 36534.0; 3271.0; 5810.0; -380.0; 0.0; 14653.0; 51187.0
2011-06-30; 728.0; 1866.0; 1305.0; 172.0; 683.0; 4754.0; 36064.0; 0.0; 76.0; 2016.0; 45998.0; 50752.0; 5887.0; 15564.0; 4799.0; 30926.0; 36813.0; 3266.0; 5103.0; -362.0; 0.0; 13939.0; 50752.0
2011-03-31; 921.0; 1749.0; 1328.0; 157.0; 634.0; 4789.0; 35766.0; 0.0; 76.0; 2066.0; 45771.0; 50560.0; 5989.0; 15631.0; 4755.0; 30792.0; 36781.0; 3263.0; 4973.0; -373.0; 0.0; 13779.0; 50560.0
2010-12-31; 710.0; 1923.0; 1448.0; 145.0; 790.0; 5016.0; 35674.0; 0.0; 76.0; 2152.0; 45439.0; 50455.0; 6518.0; 15502.0; 4706.0; 30315.0; 36833.0; 3257.0; 4842.0; -381.0; 0.0; 13622.0; 50455.0
2010-09-30; 1416.0; 1816.0; 1409.0; 155.0; 625.0; 5421.0; 34998.0; 0.0; 76.0; 2276.0; 44471.0; 49892.0; 6148.0; 15995.0; 4572.0; 30088.0; 36236.0; 3252.0; 4887.0; -364.0; 0.0; 13656.0; 49892.0
2010-06-30; 1136.0; 1847.0; 1577.0; 0.0; 1233.0; 5793.0; 34718.0; 0.0; 76.0; 2242.0; 44144.0; 49937.0; 5778.0; 16305.0; 4474.0; 30889.0; 36667.0; 3248.0; 4533.0; -372.0; 0.0; 13270.0; 49937.0
2010-03-31; 1056.0; 1656.0; 1566.0; 239.0; 999.0; 5516.0; 34526.0; 0.0; 76.0; 2314.0; 44109.0; 49625.0; 5515.0; 16281.0; 4462.0; 30786.0; 36301.0; 3244.0; 4597.0; -364.0; 0.0; 13324.0; 49625.0
2009-12-31; 853.0; 1050.0; 1661.0; 211.0; 981.0; 4756.0; 34344.0; 0.0; 76.0; 2239.0; 43592.0; 48348.0; 5327.0; 15757.0; 5454.0; 29881.0; 35208.0; 3239.0; 4451.0; -374.0; 0.0; 13140.0; 48348.0
2009-09-30; 1136.0; 1029.0; 1567.0; 243.0; 504.0; 4479.0; 33821.0; 0.0; 76.0; 2319.0; 42714.0; 47193.0; 4987.0; 15713.0; 4248.0; 29142.0; 34129.0; 3235.0; 4407.0; -404.0; 0.0; 13064.0; 47193.0
2009-06-30; 647.0; 1037.0; 1486.0; 232.0; 822.0; 4224.0; 33559.0; 0.0; 76.0; 2363.0; 42114.0; 46338.0; 5393.0; 15350.0; 4065.0; 28182.0; 33575.0; 3231.0; 4160.0; -401.0; 0.0; 12763.0; 46338.0
2009-03-31; 925.0; 962.0; 1290.0; 203.0; 738.0; 4118.0; 33251.0; 0.0; 76.0; 2428.0; 41747.0; 45865.0; 6411.0; 15904.0; 3992.0; 28496.0; 34907.0; 2782.0; 4040.0; -446.0; 0.0; 10958.0; 45865.0
