Date; Cash On Hand; Receivables; Inventory; Pre-Paid Expenses; Other Current Assets; Total Current Assets; Property, Plant, And Equipment; Long-Term Investments; Goodwill And Intangible Assets; Other Long-Term Assets; Total Long-Term Assets; Total Assets; Total Current Liabilities; Long Term Debt; Other Non-Current Liabilities; Total Long Term Liabilities; Total Liabilities; Common Stock Net; Retained Earnings (Accumulated Deficit); Comprehensive Income; Other Share Holders Equity; Share Holder Equity; Total Liabilities And Share Holders Equity
2022-09-30; 1429.8; 9850.7; 0.0; 0.0; 0.0; 11280.5; 617.6; 7601.2; 3501.9; 666.7; 21965.2; 33245.7; 26643.0; 2129.3; 374.5; 2503.8; 29146.8; 0.6; 3678.9; -1084.9; 0.0; 4098.9; 33245.7
2022-06-30; 1182.0; 8471.7; 0.0; 0.0; 0.0; 9653.7; 608.8; 7702.0; 3631.6; 773.6; 22075.0; 31728.7; 24801.5; 2128.8; 338.7; 2467.5; 27269.0; 0.6; 3774.2; -822.2; 0.0; 4459.7; 31728.7
2022-03-31; 1250.9; 8335.8; 0.0; 0.0; 0.0; 9586.7; 585.3; 8308.3; 3748.8; 1768.1; 23435.9; 33022.6; 24395.3; 2203.0; 1403.2; 3606.2; 28001.5; 0.6; 3976.5; -485.3; 0.0; 5021.1; 33022.6
2021-12-31; 2040.8; 8123.7; 0.0; 0.0; 0.0; 10164.5; 561.4; 8733.7; 3874.2; 1775.8; 23756.1; 33920.6; 24825.0; 2202.5; 1429.0; 3631.5; 28456.5; 0.7; 4041.2; -150.0; 0.0; 5464.1; 33920.6
2021-09-30; 2027.9; 8837.8; 0.0; 0.0; 0.0; 10865.7; 529.0; 9260.2; 3916.9; 504.8; 22759.1; 33624.8; 25317.0; 2201.9; 361.5; 2563.4; 27880.4; 0.7; 4219.3; -84.1; 0.0; 5744.4; 33624.8
2021-06-30; 2746.0; 8402.4; 0.0; 0.0; 0.0; 11148.4; 495.2; 7956.4; 4084.4; 14173.8; 34846.4; 45994.8; 24680.1; 2550.5; 12855.8; 15406.3; 40086.4; 0.7; 3640.3; 604.0; 0.0; 5908.4; 45994.8
2021-03-31; 1651.3; 8452.3; 0.0; 0.0; 0.0; 10103.6; 469.1; 7943.3; 4246.7; 13998.2; 34307.0; 44410.6; 23645.0; 2203.7; 12736.3; 14940.0; 38585.0; 0.7; 3635.5; 504.5; 0.0; 5825.6; 44410.6
2020-12-31; 2207.6; 8154.3; 0.0; 0.0; 0.0; 10361.9; 446.1; 8289.8; 4437.7; 13726.4; 34288.0; 44649.9; 23960.8; 2252.9; 12481.4; 14734.3; 38695.1; 0.6; 3548.7; 709.8; 0.0; 5954.8; 44649.9
2020-09-30; 2203.0; 11372.9; 0.0; 0.0; 0.0; 13575.9; 468.4; 15338.9; 4247.4; 2546.5; 30006.7; 43582.6; 33266.7; 2008.6; 2367.3; 4375.9; 37642.6; 1.6; 6126.0; 658.2; 0.0; 5940.0; 43582.6
2020-06-30; 2137.5; 11057.3; 0.0; 0.0; 0.0; 13194.8; 450.1; 16460.0; 4563.4; 2561.7; 31038.4; 44233.2; 32299.5; 2208.0; 3741.2; 5949.2; 38248.7; 1.6; 6194.4; 568.9; 0.0; 5984.5; 44233.2
2020-03-31; 1999.9; 11175.5; 0.0; 0.0; 0.0; 13175.4; 438.1; 15708.7; 4610.5; 2288.7; 30247.9; 43423.3; 32247.6; 2207.5; 3582.0; 5789.5; 38037.1; 1.6; 6061.1; 88.4; 0.0; 5386.2; 43423.3
2019-12-31; 1867.1; 11286.2; 0.0; 0.0; 0.0; 13153.3; 433.7; 16718.5; 4887.9; 2429.8; 31137.9; 44291.2; 32756.1; 2006.9; 3846.1; 5853.0; 38609.1; 1.6; 5966.4; 411.5; 0.0; 5682.1; 44291.2
2019-09-30; 1749.3; 11277.7; 0.0; 0.0; 0.0; 13027.0; 418.8; 16756.2; 5141.1; 2247.2; 30724.5; 43751.5; 32313.4; 2006.3; 3741.4; 5747.7; 38061.1; 1.6; 5882.9; 405.2; 0.0; 5690.4; 43751.5
2019-06-30; 1490.4; 10908.3; 0.0; 0.0; 0.0; 12398.7; 419.2; 16643.3; 5456.8; 2453.9; 30740.8; 43139.5; 31470.8; 2007.3; 3901.1; 5908.4; 37379.2; 1.6; 5980.9; 328.7; 0.0; 5760.3; 43139.5
2019-03-31; 1274.2; 10757.1; 0.0; 0.0; 0.0; 12031.3; 409.8; 16172.2; 5795.8; 2456.4; 30205.7; 42237.0; 30817.0; 2006.6; 3941.7; 5948.3; 36765.3; 1.6; 5879.7; 103.4; 0.0; 5471.7; 42237.0
2018-12-31; 1254.0; 10809.5; 0.0; 0.0; 0.0; 12063.5; 392.5; 15214.8; 6102.0; 2213.5; 29025.8; 41089.3; 30612.6; 2006.0; 3336.8; 5342.8; 35955.4; 1.6; 5759.7; -155.4; 0.0; 5133.9; 41089.3
2018-09-30; 1306.6; 12857.8; 0.0; 0.0; 0.0; 14164.4; 381.7; 15231.4; 6860.8; 2534.7; 29278.7; 43443.1; 32558.5; 2005.4; 3639.5; 5644.9; 38203.4; 1.6; 5777.1; -97.7; 0.0; 5239.7; 43443.1
2018-06-30; 1253.7; 12491.0; 0.0; 0.0; 0.0; 13744.7; 370.6; 14830.5; 6996.5; 2536.3; 28616.6; 42361.3; 31637.0; 2004.8; 3386.6; 5391.4; 37028.4; 1.6; 5846.3; -137.9; 0.0; 5332.9; 42361.3
2018-03-31; 2342.0; 10526.9; 0.0; 0.0; 0.0; 12868.9; 355.2; 12113.6; 1221.5; 2222.4; 19559.0; 32427.9; 22991.5; 2004.4; 2931.0; 4935.4; 27926.9; 1.5; 5815.0; 51.7; 0.0; 4501.0; 32427.9
2017-12-31; 996.8; 11027.5; 0.0; 0.0; 0.0; 12024.3; 347.6; 12405.4; 1230.7; 2350.5; 19818.7; 31843.0; 23774.9; 1068.2; 2718.4; 3786.6; 27561.5; 1.5; 5697.3; 234.0; 0.0; 4281.5; 31843.0
2017-09-30; 992.8; 11864.7; 0.0; 0.0; 0.0; 12857.5; 358.4; 11790.7; 1248.9; 2667.1; 19547.7; 32405.2; 25107.6; 1067.9; 2091.5; 3159.4; 28267.0; 1.5; 5414.6; 256.4; 0.0; 4138.2; 32405.2
2017-06-30; 848.2; 10289.5; 0.0; 0.0; 0.0; 11137.7; 355.5; 11745.5; 1250.2; 2243.4; 18921.2; 30058.9; 22595.1; 1136.6; 2102.6; 3239.2; 25834.3; 1.5; 5500.7; 236.9; 0.0; 4224.6; 30058.9
2017-03-31; 874.5; 10112.8; 0.0; 0.0; 0.0; 10987.3; 348.8; 11565.0; 1254.6; 2122.0; 18580.4; 29567.7; 22268.5; 1067.3; 2073.1; 3140.4; 25408.9; 1.5; 5410.8; 148.3; 0.0; 4158.8; 29567.7
2016-12-31; 1032.0; 10301.2; 0.0; 0.0; 0.0; 11333.2; 343.6; 11589.1; 1103.3; 2072.5; 18375.9; 29709.1; 22507.8; 1067.0; 2036.2; 3103.2; 25611.0; 1.5; 5296.7; 94.6; 0.0; 4098.1; 29709.1
2016-09-30; 1116.62; 10372.69; 0.0; 0.0; 0.0; 11489.31; 337.1; 12149.91; 1137.32; 2136.11; 18794.53; 30283.84; 22392.01; 1165.56; 2164.28; 3386.91; 25778.92; 1.5; 5295.67; 328.11; 0.0; 4504.91; 30283.84
2016-06-30; 1232.67; 9945.64; 0.0; 0.0; 0.0; 11178.32; 327.86; 12073.48; 1121.22; 2101.73; 18625.9; 29804.21; 21690.4; 1165.26; 2259.19; 3505.74; 25196.14; 1.5; 5181.38; 327.25; 0.0; 4608.07; 29804.21
2016-03-31; 2060.82; 10021.35; 0.0; 0.0; 0.0; 12082.17; 312.32; 11539.68; 1152.85; 2120.57; 18205.03; 30287.2; 21664.78; 1414.7; 2384.98; 4057.77; 25722.55; 1.5; 5044.54; 225.24; 0.0; 4564.65; 30287.2
2015-12-31; 1288.31; 8731.12; 0.0; 0.0; 0.0; 10019.42; 298.41; 13124.52; 1151.83; 2291.28; 20016.98; 30036.4; 22362.93; 1164.66; 1984.85; 3149.5; 25512.44; 1.5; 4856.67; 118.55; 0.0; 4523.97; 30036.4
2015-09-30; 1543.94; 8554.29; 0.0; 0.0; 0.0; 10098.22; 286.75; 13636.56; 1185.9; 2252.35; 20487.87; 30586.09; 22740.98; 1222.34; 1939.17; 3161.51; 25902.49; 1.5; 4824.19; 246.04; 0.0; 4683.6; 30586.09
2015-06-30; 1297.44; 8803.23; 0.0; 0.0; 0.0; 10100.66; 289.42; 13838.88; 1216.16; 2318.73; 20741.42; 30842.08; 22611.1; 1266.52; 2109.56; 3403.02; 26014.12; 1.5; 4851.67; 348.42; 0.0; 4827.96; 30842.08
2015-03-31; 1065.16; 8779.27; 0.0; 0.0; 0.0; 9844.43; 286.19; 14317.12; 1203.36; 2321.85; 20955.92; 30800.36; 22258.2; 1264.39; 2118.36; 3413.95; 25672.14; 1.49; 4840.5; 549.0; 0.0; 5128.21; 30800.36
2014-12-31; 1318.66; 8700.22; 0.0; 0.0; 0.0; 10018.87; 277.64; 14270.32; 1268.66; 2769.23; 21543.59; 31562.47; 23031.88; 1267.07; 2082.22; 3349.28; 26381.16; 1.49; 4809.29; 555.77; 0.0; 5181.31; 31562.47
2014-09-30; 1411.27; 7489.91; 0.0; 0.0; 0.0; 8901.17; 274.42; 14759.92; 1233.33; 2226.47; 21771.96; 30673.13; 21676.76; 1266.98; 2039.16; 3653.8; 25330.57; 1.49; 4778.65; 659.75; 0.0; 5342.56; 30673.13
2014-06-30; 1398.87; 7297.13; 0.0; 0.0; 0.0; 8696.0; 262.12; 14811.11; 1224.71; 2365.94; 21921.17; 30617.17; 21562.75; 1266.15; 2113.65; 3704.72; 25267.47; 1.49; 4657.8; 764.07; 0.0; 5349.71; 30617.17
2014-03-31; 1105.91; 6953.64; 0.0; 0.0; 0.0; 8059.55; 255.51; 14771.32; 1182.18; 2241.79; 21608.84; 29668.38; 20946.7; 1266.86; 2092.01; 3625.4; 24572.1; 1.49; 4534.94; 583.48; 0.0; 5096.29; 29668.38
2013-12-31; 1717.18; 6832.31; 0.0; 0.0; 0.0; 8549.49; 253.63; 14389.2; 1192.75; 2200.69; 21165.2; 29714.69; 21026.68; 1733.32; 2117.84; 3854.53; 24881.21; 1.48; 4415.88; 426.83; 0.0; 4833.48; 29714.69
2013-09-30; 1286.7; 6667.75; 0.0; 0.0; 0.0; 7954.45; 253.87; 15030.75; 1021.93; 1996.94; 21394.14; 29348.59; 20732.72; 1734.15; 2032.96; 3832.95; 24565.67; 1.48; 4325.41; 386.31; 0.0; 4782.92; 29348.59
2013-06-30; 1270.39; 6567.4; 0.0; 0.0; 0.0; 7837.79; 250.56; 14798.72; 968.5; 1913.69; 20891.0; 28728.79; 20175.54; 1742.89; 1947.94; 3757.37; 23932.91; 1.48; 4215.45; 420.51; 0.0; 4795.89; 28728.79
2013-03-31; 1604.62; 6757.39; 0.0; 0.0; 0.0; 8362.01; 250.48; 15045.44; 994.67; 1941.89; 21119.53; 29481.54; 20345.88; 1765.13; 1984.42; 3929.06; 24274.94; 1.48; 4102.09; 778.03; 0.0; 5206.6; 29481.54
2012-12-31; 909.4; 6971.76; 0.0; 0.0; 0.0; 7881.17; 250.8; 15125.35; 965.82; 1862.31; 21065.44; 28946.61; 20623.93; 1067.11; 1908.91; 3137.31; 23761.24; 1.47; 4001.1; 830.4; 0.0; 5185.37; 28946.61
2012-09-30; 1072.51; 6251.29; 0.0; 0.0; 0.0; 7323.79; 246.97; 14926.89; 975.24; 1936.36; 20845.83; 28169.62; 19743.33; 1066.39; 1946.74; 3196.68; 22940.01; 1.47; 3992.87; 858.86; 0.0; 5229.61; 28169.62
2012-06-30; 1106.99; 6113.93; 0.0; 0.0; 0.0; 7220.92; 241.72; 14309.49; 985.93; 1850.4; 20022.67; 27243.59; 19183.55; 1066.95; 1907.18; 3026.47; 22210.02; 1.47; 3883.86; 676.43; 0.0; 5033.57; 27243.59
2012-03-31; 1064.82; 6101.72; 0.0; 0.0; 0.0; 7166.53; 236.47; 14297.19; 1012.51; 1965.38; 20088.34; 27254.87; 19133.76; 1066.6; 2035.92; 3156.22; 22289.98; 1.46; 3734.1; 597.22; 0.0; 4964.89; 27254.87
2011-12-31; 1166.71; 6060.19; 0.0; 0.0; 0.0; 7226.9; 242.91; 14179.95; 1013.94; 1819.03; 19792.96; 27019.86; 19154.53; 1067.77; 1893.17; 2991.38; 22145.91; 1.46; 3586.78; 557.58; 0.0; 4873.95; 27019.86
2011-09-30; 1059.52; 5909.78; 0.0; 0.0; 0.0; 6969.3; 247.5; 14095.76; 1018.78; 1878.78; 19804.7; 26774.0; 18808.27; 1068.7; 1868.88; 2951.26; 21759.53; 1.46; 3596.75; 524.41; 0.0; 5014.47; 26774.0
2011-06-30; 1135.1; 5763.93; 0.0; 0.0; 0.0; 6899.03; 254.26; 13741.96; 1065.18; 2165.72; 19880.73; 26779.76; 18656.56; 1065.35; 2181.87; 3247.21; 21903.78; 1.46; 3537.95; 381.27; 0.0; 4875.98; 26779.76
2011-03-31; 940.43; 5625.27; 0.0; 0.0; 0.0; 6565.71; 259.46; 14072.97; 1006.74; 2242.01; 20131.67; 26697.38; 18401.51; 1244.55; 2253.92; 3548.47; 21949.98; 1.46; 3389.64; 297.02; 0.0; 4747.39; 26697.38
2010-12-31; 1150.52; 5540.24; 0.0; 0.0; 0.0; 6690.76; 267.17; 13666.92; 1013.5; 2188.82; 19706.26; 26397.02; 18239.64; 1109.38; 2220.76; 3376.84; 21616.48; 1.45; 3264.03; 285.52; 0.0; 4780.54; 26397.02
2010-09-30; 1168.31; 5476.32; 0.0; 0.0; 0.0; 6644.62; 272.75; 14055.14; 1011.44; 2428.39; 20200.71; 26845.33; 18155.05; 1107.38; 2103.61; 3323.75; 21478.79; 1.45; 3465.33; 514.67; 0.0; 5366.54; 26845.33
2010-06-30; 1003.72; 5185.0; 0.0; 0.0; 0.0; 6188.73; 272.92; 13850.54; 1012.74; 2320.13; 19926.6; 26115.33; 17949.79; 1106.87; 1972.66; 3127.38; 21077.16; 1.45; 3340.9; 278.15; 0.0; 5038.17; 26115.33
2010-03-31; 932.54; 5108.48; 0.0; 0.0; 0.0; 6041.02; 273.27; 13777.85; 1016.35; 2537.56; 20197.79; 26238.81; 17819.47; 1115.52; 2200.95; 3445.76; 21265.23; 1.45; 3194.1; 154.04; 0.0; 4973.59; 26238.81
2009-12-31; 1318.55; 4739.67; 0.0; 0.0; 0.0; 6058.22; 275.42; 13313.59; 1021.03; 2520.51; 19802.45; 25860.67; 17571.87; 1192.34; 2204.93; 3435.55; 21007.42; 1.45; 3054.47; 65.92; 0.0; 4853.25; 25860.67
2009-09-30; 1235.85; 4599.31; 0.0; 0.0; 0.0; 5835.16; 274.65; 13300.82; 1107.08; 2438.28; 19830.41; 25665.58; 17374.59; 1169.32; 2166.26; 3387.54; 20762.13; 1.45; 3060.16; 122.36; 0.0; 4903.45; 25665.58
2009-06-30; 809.18; 4655.89; 0.0; 0.0; 0.0; 5465.07; 275.74; 12788.45; 1110.69; 2250.66; 19357.4; 24822.47; 17204.43; 1196.78; 1993.04; 3253.47; 20457.9; 1.45; 2933.13; -311.6; 0.0; 4364.58; 24822.47
2009-03-31; 664.34; 4516.11; 0.0; 0.0; 0.0; 5180.45; 277.29; 12031.87; 1109.65; 2111.27; 18640.2; 23820.64; 17081.66; 1174.6; 1821.41; 3068.67; 20150.32; 1.45; 2714.46; -782.33; 0.0; 3670.32; 23820.64
