Date; Cash On Hand; Receivables; Inventory; Pre-Paid Expenses; Other Current Assets; Total Current Assets; Property, Plant, And Equipment; Long-Term Investments; Goodwill And Intangible Assets; Other Long-Term Assets; Total Long-Term Assets; Total Assets; Total Current Liabilities; Long Term Debt; Other Non-Current Liabilities; Total Long Term Liabilities; Total Liabilities; Common Stock Net; Retained Earnings (Accumulated Deficit); Comprehensive Income; Other Share Holders Equity; Share Holder Equity; Total Liabilities And Share Holders Equity
2022-09-30; 2249.6; 722.4; 0.0; 0.0; 0.0; 3464.8; 19402.6; 0.0; 31006.5; 3665.0; 54190.5; 66512.8; 4629.4; 35313.9; 4421.4; 41232.1; 54194.2; 4.8; -689.3; -6398.2; 0.0; 12318.6; 66512.8
2022-06-30; 2203.1; 792.7; 0.0; 0.0; 0.0; 3423.2; 19716.0; 0.0; 32195.1; 3490.7; 55534.4; 68116.8; 5297.2; 37240.1; 4623.8; 43468.8; 57390.6; 4.8; -842.3; -5528.2; 0.0; 10726.2; 68116.8
2022-03-31; 2271.4; 820.4; 0.0; 0.0; 0.0; 3515.6; 19916.4; 0.0; 33531.4; 3353.8; 56980.8; 69763.5; 6908.4; 38154.5; 4906.0; 44845.9; 60512.8; 4.7; -1072.4; -4553.0; 0.0; 9250.7; 69763.5
2021-12-31; 2343.3; 728.9; 0.0; 0.0; 0.0; 3473.1; 19784.0; 0.0; 34077.3; 3196.8; 57189.7; 69887.9; 6508.6; 38685.5; 5038.9; 45555.3; 60818.3; 4.7; -1142.4; -4738.9; 0.0; 9069.6; 69887.9
2021-09-30; 3699.3; 750.6; 0.0; 0.0; 0.0; 4845.3; 14268.1; 0.0; 29249.2; 2995.3; 46662.8; 60530.0; 3739.4; 31439.0; 5349.6; 38716.1; 51053.0; 4.7; -960.4; -4432.0; 0.0; 9477.0; 60530.0
2021-06-30; 2000.8; 739.6; 0.0; 0.0; 0.0; 3142.2; 14216.5; 0.0; 29360.4; 2925.2; 46647.5; 58982.9; 4096.2; 32947.6; 4362.3; 39303.8; 52159.5; 4.7; -1085.0; -3902.9; 0.0; 6823.4; 58982.9
2021-03-31; 1993.3; 537.7; 0.0; 0.0; 0.0; 2925.1; 12712.5; 0.0; 20769.7; 2688.0; 36297.5; 46942.5; 2578.5; 27990.3; 3811.4; 32656.4; 42603.6; 4.6; -1251.8; -4061.6; 0.0; 4338.9; 46942.5
2020-12-31; 1861.4; 511.6; 0.0; 0.0; 0.0; 2773.1; 12808.7; 0.0; 21122.5; 2616.9; 36671.2; 47233.5; 2180.4; 28497.7; 3703.2; 33060.4; 42665.1; 4.6; -1343.0; -3759.4; 0.0; 4568.4; 47233.5
2020-09-30; 1730.2; 573.6; 0.0; 0.0; 0.0; 2619.0; 11643.6; 0.0; 17365.9; 2466.7; 31591.2; 41462.2; 1941.8; 24011.0; 3638.2; 28419.6; 37273.1; 4.5; -1168.8; -4191.2; 0.0; 4189.1; 41462.2
2020-06-30; 2106.1; 585.2; 0.0; 0.0; 0.0; 3084.7; 11545.7; 0.0; 17436.2; 2376.6; 31497.1; 41515.9; 4557.0; 21849.2; 3664.1; 26317.5; 37455.6; 4.5; -1125.1; -4274.5; 0.0; 4060.3; 41515.9
2020-03-31; 1400.3; 623.9; 0.0; 0.0; 0.0; 2431.2; 11451.3; 0.0; 17549.4; 2262.5; 31389.6; 40789.1; 3785.2; 21937.4; 3656.3; 26324.7; 36724.5; 4.5; -1082.5; -4271.7; 0.0; 4064.6; 40789.1
2019-12-31; 1578.0; 462.2; 0.0; 0.0; 0.0; 2446.6; 12084.4; 0.0; 18496.7; 2284.7; 32997.6; 42801.6; 4243.9; 21127.2; 4166.9; 26062.4; 37311.2; 4.5; -1016.8; -2823.6; 0.0; 5490.4; 42801.6
2019-09-30; 1448.3; 441.7; 0.0; 0.0; 0.0; 2138.9; 11283.2; 0.0; 16377.2; 2149.7; 29953.6; 39307.2; 3581.9; 19040.0; 3428.6; 23007.1; 33512.1; 4.5; -1130.1; -2979.0; 0.0; 5795.1; 39307.2
2019-06-30; 1286.0; 459.5; 0.0; 0.0; 0.0; 2009.3; 11268.6; 0.0; 16453.0; 2084.0; 29953.4; 39072.7; 3576.9; 18615.9; 3458.3; 22620.4; 33029.6; 4.5; -1206.2; -2606.7; 0.0; 6043.1; 39072.7
2019-03-31; 1118.1; 473.0; 0.0; 0.0; 0.0; 1870.2; 11202.6; 0.0; 16581.0; 2059.8; 29975.7; 38926.8; 3217.4; 19107.1; 3376.7; 22994.6; 33026.5; 4.5; -1226.4; -2672.2; 0.0; 5900.3; 38926.8
2018-12-31; 1304.9; 459.0; 0.0; 0.0; 0.0; 2726.5; 11247.1; 0.0; 16676.2; 2202.9; 30283.9; 33010.4; 4008.4; 18405.1; 4161.4; 23102.4; 27110.8; 4.5; -1199.5; -2642.9; 0.0; 5899.6; 33010.4
2018-09-30; 1361.5; 511.1; 0.0; 0.0; 0.0; 2850.9; 10996.3; 0.0; 16945.1; 2111.8; 30226.3; 33077.2; 3948.9; 18422.9; 4070.5; 23199.6; 27148.5; 4.5; -1104.3; -2696.3; 0.0; 5928.7; 33077.2
2018-06-30; 1050.9; 506.9; 0.0; 0.0; 0.0; 2582.3; 11067.0; 0.0; 17284.8; 2087.9; 30623.4; 33205.7; 3889.4; 18322.0; 4115.5; 23189.7; 27079.1; 4.5; -1121.6; -2510.1; 0.0; 6126.6; 33205.7
2018-03-31; 1668.3; 557.9; 0.0; 0.0; 0.0; 3216.5; 11294.8; 0.0; 17587.3; 2081.2; 31156.2; 34372.7; 3878.3; 18568.8; 4192.6; 23553.1; 27431.4; 4.5; -1085.7; -1834.6; 0.0; 6941.3; 34372.7
2017-12-31; 955.9; 513.6; 0.0; 0.0; 0.0; 2419.6; 11101.0; 0.0; 17421.7; 2067.6; 30794.7; 33214.3; 1938.9; 19430.3; 4118.9; 24447.3; 26386.2; 4.4; -1058.1; -1978.3; 0.0; 6828.1; 33214.3
2017-09-30; 955.71; 508.63; 0.0; 0.0; 0.0; 2395.82; 10795.06; 0.0; 16952.67; 1954.02; 29923.51; 32319.33; 1684.44; 18581.38; 3967.15; 23525.25; 25209.69; 4.38; -975.16; -1839.03; 0.0; 7109.63; 32319.33
2017-06-30; 914.31; 322.06; 0.0; 0.0; 0.0; 2125.23; 10725.71; 0.0; 17099.83; 1973.86; 30012.98; 32138.21; 2717.65; 17509.94; 3915.21; 22375.44; 25093.1; 4.37; -989.15; -1848.8; 0.0; 7045.11; 32138.21
2017-03-31; 863.55; 369.97; 0.0; 0.0; 0.0; 2096.88; 10717.16; 0.0; 17206.71; 1830.31; 29960.51; 32057.39; 2657.47; 17182.75; 3879.43; 22015.07; 24672.55; 4.31; -1053.71; -1759.49; 0.0; 7384.84; 32057.39
2016-12-31; 940.5; 308.4; 0.0; 0.0; 0.0; 2090.4; 10517.3; 0.0; 16345.3; 1730.5; 28788.8; 30879.2; 1135.3; 18294.7; 3695.4; 22767.7; 23903.0; 4.3; -1077.0; -1999.3; 0.0; 6976.2; 30879.2
2016-09-30; 681.01; 273.91; 0.0; 0.0; 0.0; 1768.85; 10452.04; 0.0; 16555.19; 1681.54; 28886.68; 30655.53; 1028.61; 18436.14; 3624.35; 22852.64; 23881.24; 4.28; -1030.66; -1876.37; 0.0; 6774.28; 30655.53
2016-06-30; 553.3; 285.42; 0.0; 0.0; 0.0; 1648.01; 10575.42; 0.0; 16572.61; 1714.88; 29092.19; 30740.2; 1203.72; 18403.01; 3547.3; 22696.25; 23899.97; 4.28; -1033.32; -1771.0; 0.0; 6840.23; 30740.2
2016-03-31; 477.27; 217.46; 0.0; 0.0; 0.0; 1448.66; 9917.99; 0.0; 13937.39; 1543.63; 25615.65; 27064.31; 757.35; 16884.24; 2422.51; 19306.75; 20064.1; 4.27; -967.72; -1610.59; 0.0; 7000.22; 27064.31
2015-12-31; 462.88; 227.35; 0.0; 0.0; 0.0; 1423.14; 9866.42; 0.0; 13929.68; 1472.99; 25481.14; 26904.27; 779.0; 17068.81; 2237.31; 19412.45; 20191.45; 4.34; -998.53; -1837.0; 0.0; 6712.82; 26904.27
2015-09-30; 439.81; 206.15; 0.0; 0.0; 0.0; 1434.75; 9806.19; 0.0; 14067.57; 1405.08; 25492.04; 26926.79; 969.38; 16981.56; 2291.65; 19273.21; 20242.59; 4.26; -995.93; -1832.9; 0.0; 6684.2; 26926.79
2015-06-30; 450.24; 212.92; 0.0; 0.0; 0.0; 1399.98; 9586.4; 0.0; 13889.84; 1357.09; 25069.75; 26469.72; 655.13; 16185.21; 2256.23; 18441.44; 19096.57; 4.26; -876.61; -1228.52; 0.0; 7373.16; 26469.72
2015-03-31; 467.3; 175.78; 0.0; 0.0; 0.0; 1421.2; 9422.64; 0.0; 13516.96; 1329.13; 24509.0; 25930.19; 1331.77; 14930.95; 2235.84; 17166.79; 18498.55; 4.26; -822.54; -1205.86; 0.0; 7431.64; 25930.19
2014-12-31; 480.0; 199.07; 0.0; 0.0; 0.0; 1254.32; 7590.11; 0.0; 10856.45; 1295.5; 20009.24; 21263.56; 1535.85; 13642.96; 2031.4; 15674.36; 17210.21; 4.0; -837.32; -794.22; 0.0; 4053.35; 21263.56
2014-09-30; 459.86; 198.12; 0.0; 0.0; 0.0; 1186.82; 7552.11; 0.0; 10255.78; 1326.12; 19409.8; 20596.62; 1599.62; 12973.83; 1837.85; 14811.68; 16411.3; 3.99; -854.58; -504.34; 0.0; 4185.31; 20596.62
2014-06-30; 457.25; 174.61; 0.0; 0.0; 0.0; 1147.04; 7589.81; 0.0; 10492.81; 1325.94; 19700.7; 20847.74; 1898.97; 12749.47; 1791.13; 14540.6; 16439.57; 3.99; -911.16; -250.92; 0.0; 4408.16; 20847.74
2014-03-31; 529.13; 227.16; 0.0; 0.0; 0.0; 1209.89; 7344.05; 0.0; 10355.21; 1215.63; 19207.52; 20417.41; 932.29; 14009.01; 1774.51; 15783.51; 16715.8; 3.98; -1006.06; -272.41; 0.0; 3701.61; 20417.41
2013-12-31; 465.1; 151.16; 0.0; 0.0; 0.0; 1125.44; 7177.73; 0.0; 10424.92; 1266.26; 19158.22; 20283.66; 770.01; 14408.15; 1515.47; 15923.62; 16693.63; 3.98; -1081.47; -311.22; 0.0; 3590.04; 20283.66
2013-09-30; 4199.75; 152.56; 0.0; 0.0; 0.0; 4804.9; 5878.83; 0.0; 6010.38; 1243.92; 13376.42; 18181.32; 573.96; 12578.53; 1416.91; 13995.44; 14569.4; 3.97; -1066.58; -298.01; 0.0; 3611.92; 18181.32
2013-06-30; 559.98; 130.86; 0.0; 0.0; 0.0; 1167.77; 5811.08; 0.0; 6046.77; 1074.53; 13171.62; 14339.39; 531.68; 8798.6; 1389.25; 10187.85; 10719.53; 3.97; -1135.85; -274.26; 0.0; 3619.87; 14339.39
2013-03-31; 501.44; 145.45; 0.0; 0.0; 0.0; 1129.42; 5879.51; 0.0; 6170.62; 1044.01; 13334.32; 14463.74; 487.62; 8791.52; 1403.07; 10194.59; 10682.22; 3.97; -1128.36; -158.04; 0.0; 3781.52; 14463.74
2012-12-31; 443.95; 143.56; 0.0; 0.0; 0.0; 1040.3; 5765.86; 0.0; 6048.73; 999.2; 13049.13; 14089.43; 507.84; 8693.34; 1204.06; 9897.41; 10405.25; 3.96; -1196.91; -183.35; 0.0; 3684.18; 14089.43
2012-09-30; 425.79; 148.81; 0.0; 0.0; 0.0; 1096.76; 5242.78; 0.0; 5358.77; 1001.88; 11864.54; 12961.3; 625.97; 7359.35; 1290.0; 8649.35; 9275.32; 3.96; -1237.57; -164.08; 0.0; 3685.98; 12961.3
2012-06-30; 550.19; 99.18; 0.0; 0.0; 0.0; 1174.0; 5079.73; 0.0; 5284.72; 928.15; 11535.36; 12709.36; 728.09; 7337.55; 1157.53; 8495.08; 9223.17; 3.95; -1378.52; -203.3; 0.0; 3486.19; 12709.36
2012-03-31; 560.41; 105.12; 0.0; 0.0; 0.0; 1145.73; 5006.65; 0.0; 5290.87; 930.99; 11492.48; 12638.21; 763.42; 7161.13; 1127.26; 8288.38; 9051.8; 3.95; -1339.63; -97.68; 0.0; 3586.4; 12638.21
2011-12-31; 394.68; 100.61; 0.0; 0.0; 0.0; 990.9; 4981.72; 0.0; 5171.34; 859.8; 11251.49; 12242.39; 689.01; 7134.49; 1008.75; 8143.24; 8832.25; 3.94; -1477.9; -142.62; 0.0; 3410.14; 12242.39
2011-09-30; 232.45; 100.06; 0.0; 0.0; 0.0; 668.6; 4125.89; 0.0; 4882.02; 788.71; 10226.74; 10895.34; 1275.48; 4970.5; 1301.72; 6272.22; 7547.69; 4.88; -1545.24; -87.07; 0.0; 3347.64; 10895.34
2011-06-30; 384.11; 99.82; 0.0; 0.0; 0.0; 1366.21; 3909.64; 0.0; 5125.83; 315.97; 9607.58; 10973.78; 1184.41; 4919.07; 1270.52; 6189.59; 7374.0; 4.88; -1529.54; 62.47; 0.0; 3599.79; 10973.78
2011-03-31; 452.94; 97.83; 0.0; 0.0; 0.0; 1400.11; 3770.67; 0.0; 5110.3; 150.39; 9358.64; 10758.75; 670.8; 5387.73; 1191.21; 6578.93; 7249.73; 4.87; -1644.75; 54.42; 0.0; 3509.02; 10758.75
2010-12-31; 1006.36; 81.48; 0.0; 0.0; 0.0; 1405.65; 3683.47; 0.0; 4397.77; 616.24; 8964.43; 10370.08; 405.33; 5512.49; 947.71; 6460.2; 6865.53; 4.86; -1736.6; 38.05; 0.0; 3504.56; 10370.08
2010-09-30; 483.76; 92.87; 0.0; 0.0; 0.0; 1297.53; 3494.4; 0.0; 4236.82; 157.44; 8151.45; 9448.98; 474.39; 4626.31; 894.64; 5520.94; 5995.33; 4.86; -1820.11; 24.41; 0.0; 3453.65; 9448.98
2010-06-30; 383.35; 48.87; 0.0; 0.0; 0.0; 1110.34; 3188.46; 0.0; 3852.43; 113.84; 7475.58; 8585.92; 230.31; 4152.04; 773.56; 4925.6; 5155.91; 4.84; -1913.55; -9.83; 0.0; 3430.01; 8585.92
2010-03-31; 421.63; 73.54; 0.0; 0.0; 0.0; 1163.27; 3179.2; 0.0; 3901.78; 107.21; 7510.98; 8674.25; 305.78; 4152.03; 758.59; 4910.62; 5216.4; 4.83; -2013.21; 28.32; 0.0; 3457.85; 8674.25
2009-12-31; 304.9; 67.95; 0.0; 0.0; 0.0; 1024.72; 3169.62; 0.0; 3845.16; 92.79; 7495.21; 8519.93; 279.2; 4141.06; 781.55; 4922.61; 5201.81; 4.8; -2109.53; -12.65; 0.0; 3318.12; 8519.93
2009-09-30; 284.31; 71.27; 0.0; 0.0; 0.0; 998.81; 3128.12; 0.0; 3771.82; 78.72; 7396.01; 8394.82; 220.94; 4179.04; 759.69; 4938.73; 5159.67; 4.79; -2173.88; -18.42; 0.0; 3235.15; 8394.82
2009-06-30; 383.4; 72.53; 0.0; 0.0; 0.0; 1088.48; 3087.8; 0.0; 3780.73; 70.97; 7398.01; 8486.49; 222.05; 4421.69; 751.71; 5173.4; 5395.45; 4.7; -2241.24; -19.53; 0.0; 3091.03; 8486.49
2009-03-31; 365.48; 60.06; 0.0; 0.0; 0.0; 1019.95; 3003.22; 0.0; 3719.1; 419.63; 7305.92; 8325.87; 193.79; 4331.0; 719.01; 5050.01; 5243.8; 4.69; -2297.53; -19.9; 0.0; 3082.07; 8325.87
