Date; Cash On Hand; Receivables; Inventory; Pre-Paid Expenses; Other Current Assets; Total Current Assets; Property, Plant, And Equipment; Long-Term Investments; Goodwill And Intangible Assets; Other Long-Term Assets; Total Long-Term Assets; Total Assets; Total Current Liabilities; Long Term Debt; Other Non-Current Liabilities; Total Long Term Liabilities; Total Liabilities; Common Stock Net; Retained Earnings (Accumulated Deficit); Comprehensive Income; Other Share Holders Equity; Share Holder Equity; Total Liabilities And Share Holders Equity
2022-09-30; 104.0; 358.0; 93.0; 0.0; 462.0; 1017.0; 22636.0; 0.0; 1143.0; 957.0; 26019.0; 27126.0; 2130.0; 10943.0; 3595.0; 17238.0; 19368.0; 2.0; 1359.0; -39.0; 0.0; 7758.0; 27126.0
2022-06-30; 97.0; 383.0; 85.0; 0.0; 453.0; 1018.0; 22102.0; 0.0; 1143.0; 960.0; 25465.0; 26574.0; 1728.0; 11026.0; 3479.0; 17276.0; 19004.0; 2.0; 1181.0; -40.0; 0.0; 7570.0; 26574.0
2022-03-31; 96.0; 266.0; 71.0; 0.0; 420.0; 853.0; 21398.0; 0.0; 1139.0; 961.0; 24750.0; 25694.0; 1648.0; 10350.0; 3501.0; 16586.0; 18234.0; 2.0; 1083.0; -44.0; 0.0; 7460.0; 25694.0
2021-12-31; 136.0; 271.0; 57.0; 0.0; 1090.0; 1554.0; 21084.0; 0.0; 1139.0; 962.0; 24429.0; 26075.0; 2141.0; 10344.0; 3506.0; 16636.0; 18777.0; 2.0; 925.0; -45.0; 0.0; 7298.0; 26075.0
2021-09-30; 100.0; 348.0; 53.0; 0.0; 1089.0; 1590.0; 20585.0; 0.0; 1558.0; 202.0; 23648.0; 25333.0; 1844.0; 10352.0; 3559.0; 16623.0; 18467.0; 2.0; 500.0; -45.0; 0.0; 6866.0; 25333.0
2021-06-30; 104.0; 311.0; 52.0; 0.0; 1103.0; 1570.0; 20214.0; 0.0; 1561.0; 200.0; 23288.0; 24952.0; 1710.0; 10346.0; 3515.0; 16552.0; 18262.0; 2.0; 332.0; -46.0; 0.0; 6690.0; 24952.0
2021-03-31; 99.0; 274.0; 52.0; 0.0; 1041.0; 1466.0; 19905.0; 0.0; 1563.0; 199.0; 22961.0; 24525.0; 2451.0; 9328.0; 3488.0; 15491.0; 17942.0; 2.0; 235.0; -48.0; 0.0; 6583.0; 24525.0
2020-12-31; 576.0; 321.0; 47.0; 0.0; 962.0; 1906.0; 19710.0; 0.0; 1559.0; 196.0; 22765.0; 24766.0; 2881.0; 9333.0; 3516.0; 15431.0; 18312.0; 2.0; 102.0; -49.0; 0.0; 6454.0; 24766.0
2020-09-30; 599.0; 358.0; 49.0; 0.0; 961.0; 1967.0; 19267.0; 0.0; 1562.0; 202.0; 22330.0; 24394.0; 2260.0; 9584.0; 3509.0; 15622.0; 17882.0; 2.0; 157.0; -38.0; 0.0; 6512.0; 24394.0
2020-06-30; 605.0; 298.0; 51.0; 0.0; 942.0; 1896.0; 18944.0; 0.0; 1567.0; 201.0; 22014.0; 24009.0; 2113.0; 9593.0; 3504.0; 15558.0; 17671.0; 2.0; -7.0; -39.0; 0.0; 6338.0; 24009.0
2020-03-31; 589.0; 292.0; 50.0; 0.0; 870.0; 1801.0; 18588.0; 0.0; 1563.0; 203.0; 21644.0; 23546.0; 2767.0; 8625.0; 3491.0; 14536.0; 17303.0; 2.0; -83.0; -41.0; 0.0; 6243.0; 23546.0
2019-12-31; 91.0; 294.0; 44.0; 0.0; 856.0; 1285.0; 18232.0; 0.0; 1568.0; 207.0; 21294.0; 22682.0; 2045.0; 8644.0; 3479.0; 14516.0; 16561.0; 2.0; -207.0; -36.0; 0.0; 6121.0; 22682.0
2019-09-30; 116.0; 335.0; 46.0; 0.0; 302.0; 799.0; 18151.0; 0.0; 1650.0; 201.0; 21330.0; 22238.0; 1488.0; 8646.0; 3517.0; 14560.0; 16048.0; 2.0; -123.0; -46.0; 0.0; 6190.0; 22238.0
2019-06-30; 64.0; 337.0; 48.0; 0.0; 292.0; 741.0; 17798.0; 0.0; 1653.0; 202.0; 21001.0; 21854.0; 1317.0; 8648.0; 3544.0; 14510.0; 15827.0; 2.0; -273.0; -47.0; 0.0; 6027.0; 21854.0
2019-03-31; 85.0; 307.0; 44.0; 0.0; 255.0; 691.0; 17623.0; 0.0; 1655.0; 57.0; 20657.0; 21464.0; 2156.0; 7568.0; 3544.0; 13376.0; 15532.0; 2.0; -353.0; -47.0; 0.0; 5932.0; 21464.0
2018-12-31; 158.0; 301.0; 41.0; 0.0; 281.0; 781.0; 17409.0; 0.0; 1659.0; 63.0; 20442.0; 21223.0; 2094.0; 7576.0; 3559.0; 13265.0; 15359.0; 2.0; -464.0; -34.0; 0.0; 5864.0; 21223.0
2018-09-30; 115.0; 347.0; 42.0; 0.0; 296.0; 800.0; 17063.0; 0.0; 1662.0; 76.0; 20080.0; 20880.0; 1748.0; 7577.0; 3611.0; 13272.0; 15020.0; 2.0; -432.0; -60.0; 0.0; 5860.0; 20880.0
2018-06-30; 95.0; 324.0; 42.0; 0.0; 372.0; 833.0; 16777.0; 0.0; 1722.0; 70.0; 19638.0; 20471.0; 2951.0; 6352.0; 3358.0; 11784.0; 14735.0; 2.0; -537.0; -69.0; 0.0; 5736.0; 20471.0
2018-03-31; 81.0; 273.0; 42.0; 0.0; 333.0; 729.0; 16477.0; 0.0; 1379.0; 81.0; 18999.0; 19728.0; 2539.0; 6403.0; 3299.0; 11738.0; 14277.0; 2.0; -617.0; -75.0; 0.0; 5451.0; 19728.0
2017-12-31; 82.0; 272.0; 41.0; 0.0; 325.0; 720.0; 16246.0; 0.0; 1388.0; 67.0; 18762.0; 19482.0; 2325.0; 6498.0; 3277.0; 11772.0; 14097.0; 2.0; -723.0; -79.0; 0.0; 5385.0; 19482.0
2017-09-30; 121.0; 312.0; 42.0; 0.0; 385.0; 860.0; 15681.0; 0.0; 1373.0; 73.0; 18501.0; 19361.0; 1747.0; 6681.0; 2025.0; 12096.0; 13843.0; 2.0; -573.0; -87.0; 0.0; 5518.0; 19361.0
2017-06-30; 92.0; 288.0; 41.0; 0.0; 387.0; 808.0; 15391.0; 0.0; 1373.0; 70.0; 18158.0; 18966.0; 2661.0; 5659.0; 2009.0; 10921.0; 13582.0; 2.0; -702.0; -85.0; 0.0; 5384.0; 18966.0
2017-03-31; 101.0; 250.0; 41.0; 0.0; 375.0; 767.0; 15128.0; 0.0; 1345.0; 72.0; 17843.0; 18610.0; 2418.0; 5753.0; 1994.0; 10905.0; 13323.0; 2.0; -759.0; -82.0; 0.0; 5287.0; 18610.0
2016-12-31; 95.0; 269.0; 39.0; 0.0; 381.0; 784.0; 14992.0; 0.0; 1345.0; 72.0; 17698.0; 18482.0; 2392.0; 5759.0; 1988.0; 10872.0; 13264.0; 2.0; -873.0; -86.0; 0.0; 5218.0; 18482.0
2016-09-30; 69.0; 302.0; 40.0; 0.0; 390.0; 801.0; 14559.0; 0.0; 1313.0; 75.0; 17170.0; 17971.0; 1928.0; 5853.0; 1991.0; 10805.0; 12733.0; 2.0; -839.0; -99.0; 0.0; 5238.0; 17971.0
2016-06-30; 75.0; 240.0; 42.0; 0.0; 334.0; 691.0; 14317.0; 0.0; 1313.0; 79.0; 17015.0; 17706.0; 1740.0; 5861.0; 1991.0; 10813.0; 12553.0; 2.0; -921.0; -96.0; 0.0; 5153.0; 17706.0
2016-03-31; 88.0; 220.0; 41.0; 0.0; 289.0; 638.0; 14098.0; 0.0; 1313.0; 79.0; 16779.0; 17417.0; 1614.0; 5861.0; 1969.0; 10721.0; 12335.0; 2.0; -991.0; -87.0; 0.0; 5082.0; 17417.0
2015-12-31; 66.0; 255.0; 38.0; 0.0; 298.0; 657.0; 13933.0; 0.0; 1302.0; 78.0; 16584.0; 17241.0; 1533.0; 5874.0; 1940.0; 10659.0; 12192.0; 2.0; -1073.0; -88.0; 0.0; 5049.0; 17241.0
2015-09-30; 98.7; 306.19; 37.97; 0.0; 321.36; 879.01; 13605.51; 0.0; 1312.89; 77.13; 16226.16; 17105.17; 1165.39; 5954.9; 1911.96; 10774.33; 11939.72; 1.81; -1049.66; -79.17; 0.0; 5165.45; 17105.17
2015-06-30; 165.59; 249.14; 38.33; 0.0; 306.85; 890.09; 13357.98; 0.0; 1209.84; 79.19; 15842.25; 16732.33; 1512.19; 5447.53; 1901.68; 10166.75; 11678.94; 1.8; -1162.35; -80.05; 0.0; 5053.39; 16732.33
2015-03-31; 45.32; 239.73; 38.62; 0.0; 285.5; 729.02; 13098.57; 0.0; 1208.04; 76.05; 15534.51; 16263.53; 1227.55; 5443.2; 1866.36; 10043.04; 11270.59; 1.8; -1224.01; -81.5; 0.0; 4992.94; 16263.53
2014-12-31; 23.0; 232.0; 37.0; 0.0; 283.0; 575.0; 13029.0; 0.0; 1208.0; 73.0; 15463.0; 16038.0; 1241.0; 5442.0; 1872.0; 9882.0; 11123.0; 2.0; -1296.0; -82.0; 0.0; 4915.0; 16038.0
2014-09-30; 94.17; 259.3; 37.2; 0.0; 255.78; 756.96; 12799.36; 0.0; 1208.07; 76.44; 14958.69; 15715.65; 1058.93; 5556.61; 1858.23; 9737.06; 10796.0; 1.79; -1333.16; -35.94; 0.0; 4919.65; 15715.65
2014-06-30; 53.67; 246.2; 36.84; 0.0; 251.77; 707.63; 12582.51; 0.0; 1208.07; 79.88; 14718.81; 15426.45; 1234.91; 5233.51; 1844.67; 9318.41; 10553.32; 1.79; -1374.17; -34.67; 0.0; 4873.13; 15426.45
2014-03-31; 59.34; 233.71; 35.24; 0.0; 224.87; 687.99; 12469.98; 0.0; 1208.07; 60.99; 14586.83; 15274.82; 1197.7; 5224.64; 1835.94; 9276.03; 10473.73; 1.79; -1427.81; -35.15; 0.0; 4801.09; 15274.82
2013-12-31; 55.47; 213.88; 32.97; 0.0; 244.0; 571.81; 12388.35; 0.0; 1207.76; 61.75; 14516.33; 15088.14; 1235.53; 5230.06; 1830.68; 9124.81; 10360.34; 1.78; -1495.7; -34.63; 0.0; 4727.8; 15088.14
2013-09-30; 57.88; 271.65; 35.05; 0.0; 248.63; 613.22; 12112.57; 0.0; 1207.74; 62.47; 14615.23; 15228.45; 1141.47; 5191.71; 1805.55; 9454.04; 10595.51; 1.78; -1505.19; -109.9; 0.0; 4632.93; 15228.45
2013-06-30; 40.09; 244.67; 33.82; 0.0; 227.26; 545.84; 11927.87; 0.0; 1207.34; 72.84; 14431.54; 14977.38; 1049.31; 5198.33; 1802.76; 9355.94; 10405.25; 1.78; -1555.99; -112.47; 0.0; 4572.13; 14977.38
2013-03-31; 52.8; 195.99; 31.15; 0.0; 211.91; 491.85; 11792.93; 0.0; 1207.16; 69.3; 14277.36; 14769.22; 958.33; 5202.6; 1850.81; 9301.22; 10259.55; 1.78; -1607.32; -114.29; 0.0; 4509.66; 14769.22
2012-12-31; 54.19; 204.38; 29.77; 0.0; 211.11; 499.45; 11739.36; 0.0; 1207.25; 73.8; 14219.53; 14718.98; 994.83; 5209.37; 1780.57; 9279.16; 10273.99; 1.77; -1664.95; -116.19; 0.0; 4444.99; 14718.98
2012-09-30; 106.24; 272.35; 31.93; 0.0; 232.01; 642.52; 11534.33; 0.0; 1207.57; 80.85; 13957.01; 14599.54; 1005.87; 5203.87; 1767.89; 9144.32; 10150.2; 1.77; -1675.68; -91.51; 0.0; 4449.34; 14599.54
2012-06-30; 111.62; 243.62; 31.71; 0.0; 219.43; 606.37; 11387.31; 0.0; 1207.57; 72.28; 13806.39; 14412.76; 1017.96; 5222.41; 1757.7; 9068.82; 10086.79; 1.76; -1785.04; -93.89; 0.0; 4325.98; 14412.76
2012-03-31; 36.92; 194.47; 30.36; 0.0; 189.86; 589.11; 11139.5; 0.0; 1195.07; 74.06; 13498.63; 14087.74; 743.69; 5369.79; 1729.7; 9088.61; 9832.3; 1.76; -1847.75; -95.55; 0.0; 4255.44; 14087.74
2011-12-31; 46.65; 189.12; 28.6; 0.0; 203.44; 1397.66; 11021.1; 0.0; 1195.07; 82.9; 13378.73; 14776.39; 1489.11; 5361.08; 1765.47; 9046.9; 10536.01; 1.76; -1848.8; -97.68; 0.0; 4240.38; 14776.39
2011-09-30; 62.48; 229.88; 30.49; 0.0; 213.45; 1479.46; 10787.84; 0.0; 1195.51; 78.41; 13059.27; 14538.73; 1380.01; 5383.52; 1693.34; 8895.53; 10275.54; 1.75; -1848.34; -68.56; 0.0; 4263.19; 14538.73
2011-06-30; 78.52; 225.64; 31.41; 0.0; 220.44; 1493.21; 10599.94; 0.0; 1195.51; 68.62; 12854.0; 14347.22; 1327.65; 5384.73; 1678.29; 8857.1; 10184.75; 1.75; -1945.18; -68.7; 0.0; 4162.47; 14347.22
2011-03-31; 93.97; 189.35; 30.61; 0.0; 190.43; 1305.54; 10555.7; 0.0; 1204.23; 71.55; 12823.27; 14128.81; 1134.88; 5385.59; 1682.9; 8843.27; 9978.15; 1.75; -1950.57; -69.96; 0.0; 4150.65; 14128.81
2010-12-31; 107.18; 206.34; 27.74; 0.0; 178.81; 1457.78; 10381.64; 0.0; 1195.59; 75.07; 12628.47; 14086.25; 1106.76; 5416.27; 1660.99; 8851.76; 9958.52; 1.75; -1959.23; -71.45; 0.0; 4127.73; 14086.25
2010-09-30; 23.5; 268.24; 31.34; 0.0; 304.32; 627.4; 11013.35; 0.0; 1250.69; 80.68; 13356.28; 13983.67; 741.42; 5395.35; 2010.35; 9106.5; 9847.92; 1.75; -1960.81; -61.09; 0.0; 4135.75; 13983.67
2010-06-30; 20.61; 238.29; 29.91; 0.0; 301.31; 590.11; 10872.32; 0.0; 1250.69; 56.62; 13183.4; 13773.52; 753.44; 5329.1; 1997.15; 8976.21; 9729.65; 1.75; -2046.33; -62.55; 0.0; 4043.87; 13773.52
2010-03-31; 12.63; 225.03; 30.09; 0.0; 229.47; 497.23; 10742.42; 0.0; 1250.42; 62.54; 13043.33; 13540.56; 661.09; 5280.9; 1986.69; 8875.98; 9537.07; 1.75; -2082.26; -63.2; 0.0; 4003.49; 13540.56
2009-12-31; 63.28; 223.39; 29.52; 0.0; 182.94; 499.13; 10677.39; 0.0; 1250.38; 73.73; 12953.52; 13452.65; 607.39; 5312.13; 1976.39; 8839.84; 9447.24; 1.75; -2076.29; -64.68; 0.0; 4005.42; 13452.65
2009-09-30; 7.83; 239.12; 30.84; 0.0; 238.68; 516.47; 10532.13; 0.0; 1250.07; 90.69; 12829.24; 13345.71; 600.63; 5221.73; 1960.87; 8753.27; 9353.9; 1.75; -2075.92; -76.34; 0.0; 3991.81; 13345.71
2009-06-30; 9.01; 210.36; 32.87; 0.0; 243.46; 495.7; 10395.69; 0.0; 1250.07; 103.01; 12694.34; 13190.05; 792.79; 5006.07; 1929.64; 8464.5; 9257.29; 1.75; -2130.83; -78.36; 0.0; 3932.76; 13190.05
2009-03-31; 8.52; 191.22; 32.81; 0.0; 188.04; 420.59; 10237.32; 0.0; 1249.84; 61.1; 12486.66; 12907.24; 1169.21; 4683.96; 1894.41; 8073.14; 9242.35; 1.6; -2150.74; -81.28; 0.0; 3664.9; 12907.24
