Date; Cash On Hand; Receivables; Inventory; Pre-Paid Expenses; Other Current Assets; Total Current Assets; Property, Plant, And Equipment; Long-Term Investments; Goodwill And Intangible Assets; Other Long-Term Assets; Total Long-Term Assets; Total Assets; Total Current Liabilities; Long Term Debt; Other Non-Current Liabilities; Total Long Term Liabilities; Total Liabilities; Common Stock Net; Retained Earnings (Accumulated Deficit); Comprehensive Income; Other Share Holders Equity; Share Holder Equity; Total Liabilities And Share Holders Equity
2022-09-30; 448.89; 1319.81; 0.0; 0.0; 0.0; 1847.29; 19427.34; 0.0; 0.0; 1731.41; 21879.4; 23726.69; 452.46; 14080.96; 588.21; 14676.16; 15333.62; 1.57; 0.0; -15.99; -359.54; 8393.07; 23726.69
2022-06-30; 502.85; 1330.09; 0.0; 0.0; 0.0; 1911.51; 19029.16; 0.0; 0.0; 1641.68; 21354.92; 23266.43; 439.29; 13899.61; 572.3; 14479.83; 15123.76; 1.57; -567.02; -27.08; 0.0; 8142.67; 23266.43
2022-03-31; 482.34; 1299.53; 0.0; 0.0; 0.0; 1870.09; 18313.21; 0.0; 0.0; 1683.13; 20605.55; 22475.63; 395.44; 13255.68; 567.15; 13833.86; 14433.97; 1.57; -636.42; -28.48; 0.0; 8041.66; 22475.63
2021-12-31; 501.16; 1296.93; 0.0; 0.0; 0.0; 1886.07; 18275.95; 0.0; 0.0; 1584.44; 20479.19; 22365.26; 415.57; 13141.03; 561.3; 13711.9; 14332.03; 1.56; 0.0; -36.66; -625.89; 8033.23; 22365.26
2021-09-30; 1081.92; 1265.11; 0.0; 0.0; 0.0; 2444.47; 18268.93; 0.0; 0.0; 1512.6; 20404.34; 22848.81; 419.1; 13621.91; 540.14; 14170.83; 14794.06; 1.56; -657.02; -40.8; 0.0; 8054.75; 22848.81
2021-06-30; 637.28; 1231.04; 0.0; 0.0; 0.0; 1965.27; 18072.45; 0.0; 0.0; 1394.01; 20093.8; 22059.08; 413.36; 12779.45; 540.71; 13329.13; 13969.08; 1.56; -612.25; -43.17; 0.0; 8089.99; 22059.08
2021-03-31; 949.18; 1196.34; 0.0; 0.0; 0.0; 2242.05; 17873.02; 0.0; 0.0; 1475.83; 19971.5; 22213.55; 337.55; 12775.63; 570.97; 13554.27; 14092.21; 1.56; -570.98; -45.14; 0.0; 8121.35; 22213.55
2020-12-31; 1719.33; 1199.91; 0.0; 0.0; 0.0; 3015.52; 17818.81; 0.0; 0.0; 1383.78; 19842.67; 22858.19; 442.55; 13284.25; 583.17; 13874.31; 14518.58; 1.56; 0.0; -49.89; -509.65; 8339.61; 22858.19
2020-09-30; 1764.79; 1187.41; 0.0; 0.0; 0.0; 3055.09; 17741.34; 0.0; 0.0; 1518.75; 19904.12; 22959.21; 434.79; 13281.45; 541.0; 13828.05; 14464.18; 1.56; -364.72; -52.62; 0.0; 8495.04; 22959.21
2020-06-30; 1991.65; 1151.55; 0.0; 0.0; 0.0; 3247.2; 17668.42; 0.0; 0.0; 1429.34; 19753.57; 23000.78; 423.57; 13278.72; 544.36; 13829.09; 14453.63; 1.56; -302.51; -54.92; 0.0; 8547.15; 23000.78
2020-03-31; 858.58; 1149.11; 0.0; 0.0; 0.0; 2102.28; 17518.17; 0.0; 0.0; 1542.17; 19727.42; 21829.7; 376.22; 12288.29; 537.88; 12832.02; 13408.82; 1.55; -416.74; -55.7; 0.0; 8420.88; 21829.7
2019-12-31; 691.89; 1151.6; 0.0; 0.0; 0.0; 1939.4; 17622.21; 0.0; 0.0; 1034.08; 19345.5; 21284.9; 467.57; 12035.85; 558.71; 12602.92; 13270.66; 1.55; -760.52; -48.34; 0.0; 8014.24; 21284.9
2019-09-30; 804.76; 1105.19; 0.0; 0.0; 0.0; 2009.8; 17511.07; 0.0; 0.0; 1077.94; 19278.78; 21288.57; 504.45; 12059.77; 521.76; 12588.61; 13292.81; 1.55; -749.67; -52.0; 0.0; 7995.77; 21288.57
2019-06-30; 1162.92; 1060.89; 0.0; 0.0; 0.0; 2323.54; 17229.71; 0.0; 0.0; 1038.95; 18944.74; 21268.28; 507.72; 12019.14; 521.4; 12540.55; 13247.61; 1.55; -710.59; -51.34; 0.0; 8020.67; 21268.28
2019-03-31; 432.3; 1046.53; 0.0; 0.0; 0.0; 1578.42; 17116.76; 0.0; 0.0; 1140.1; 18923.19; 20501.6; 418.06; 11178.68; 534.93; 11713.61; 12331.32; 1.54; -728.08; -48.73; 0.0; 8170.29; 20501.6
2018-12-31; 639.19; 1021.52; 0.0; 0.0; 0.0; 1760.18; 16752.12; 0.0; 0.0; 1065.45; 18496.29; 20256.48; 365.91; 11007.76; 668.84; 11676.6; 12042.51; 1.54; -675.53; -47.74; 0.0; 8213.97; 20256.48
2018-09-30; 423.78; 1024.78; 0.0; 0.0; 0.0; 1528.56; 16849.14; 0.0; 0.0; 1090.25; 18608.94; 20137.5; 408.27; 10889.7; 633.55; 11523.25; 11931.52; 1.54; -677.31; -45.14; 0.0; 8205.97; 20137.5
2018-06-30; 727.06; 976.31; 0.0; 0.0; 0.0; 1703.37; 16780.93; 0.0; 0.0; 798.54; 18257.79; 19961.16; 423.91; 10721.88; 602.13; 11324.01; 11747.92; 1.54; -649.75; -47.7; 0.0; 8213.24; 19961.16
2018-03-31; 455.13; 962.31; 0.0; 0.0; 0.0; 1417.44; 16641.81; 0.0; 0.0; 843.33; 18166.5; 19583.94; 451.18; 10339.31; 609.36; 10948.67; 11399.85; 1.54; -654.88; -49.06; 0.0; 8184.09; 19583.94
2017-12-31; 505.37; 953.76; 0.0; 0.0; 0.0; 1459.13; 16507.01; 0.0; 0.0; 727.06; 17913.1; 19372.23; 415.15; 10271.61; 583.02; 10854.63; 11269.78; 1.54; 0.0; -50.43; -712.34; 8102.46; 19372.23
2017-09-30; 576.83; 915.16; 0.0; 0.0; 0.0; 1492.0; 16374.45; 0.0; 0.0; 784.6; 17816.52; 19308.52; 424.54; 10234.63; 549.65; 10784.28; 11208.82; 1.54; -692.74; -51.8; 0.0; 8099.69; 19308.52
2017-06-30; 539.78; 908.71; 0.0; 0.0; 0.0; 1448.49; 16234.92; 0.0; 0.0; 940.13; 17833.27; 19281.76; 388.73; 10236.64; 583.04; 10819.68; 11208.41; 1.54; -694.32; -53.16; 0.0; 8073.35; 19281.76
2017-03-31; 354.18; 885.14; 0.0; 0.0; 0.0; 1239.32; 16089.98; 0.0; 0.0; 970.65; 17727.31; 18966.63; 760.44; 9706.85; 576.91; 10283.75; 11044.19; 1.54; -712.27; -50.98; 0.0; 7922.44; 18966.63
2016-12-31; 420.09; 891.69; 0.0; 0.0; 0.0; 1311.77; 15925.03; 0.0; 0.0; 928.68; 17539.87; 18851.64; 722.46; 9616.13; 581.13; 10197.26; 10919.72; 1.54; -693.69; -52.25; 0.0; 7931.92; 18851.64
2016-09-30; 483.3; 861.83; 0.0; 0.0; 0.0; 1345.13; 15789.2; 0.0; 0.0; 975.37; 17444.77; 18789.9; 727.61; 9628.92; 574.12; 10203.04; 10930.65; 1.54; -725.52; -73.94; 0.0; 7859.25; 18789.9
2016-06-30; 1245.7; 861.68; 0.0; 0.0; 0.0; 2107.38; 15740.15; 0.0; 0.0; 418.62; 16856.59; 18963.96; 689.64; 9754.08; 622.02; 10376.11; 11065.75; 1.54; -702.36; -79.75; 0.0; 7898.22; 18963.96
2016-03-31; 1677.03; 841.62; 0.0; 0.0; 0.0; 2518.65; 15569.42; 0.0; 0.0; 393.78; 16657.18; 19175.83; 654.31; 9980.37; 611.37; 10591.74; 11246.04; 1.54; -699.05; -56.71; 0.0; 7929.79; 19175.83
2015-12-31; 797.51; 852.75; 0.0; 0.0; 0.0; 1650.26; 15555.64; 0.0; 0.0; 440.72; 16701.23; 18351.49; 645.1; 9008.54; 810.92; 9819.46; 10464.56; 1.54; -780.95; -14.11; 0.0; 7886.93; 18351.49
2015-09-30; 1477.39; 803.59; 0.0; 0.0; 0.0; 2280.98; 15569.01; 0.0; 0.0; 380.65; 16699.29; 18980.26; 626.12; 9729.8; 561.59; 10291.39; 10917.5; 1.54; -627.05; -20.62; 0.0; 8062.76; 18980.26
2015-06-30; 1595.31; 785.98; 0.0; 0.0; 0.0; 2381.29; 15612.33; 0.0; 0.0; 348.92; 16732.67; 19113.96; 590.45; 9867.46; 561.37; 10535.06; 11125.51; 1.53; -711.24; 1.85; 0.0; 7988.45; 19113.96
2015-03-31; 1652.61; 761.64; 0.0; 0.0; 0.0; 2414.26; 15575.44; 0.0; 0.0; 382.91; 16764.81; 19179.07; 590.72; 9886.69; 596.56; 10589.41; 11180.12; 1.53; -690.99; -11.91; 0.0; 7998.95; 19179.07
2014-12-31; 2250.4; 738.59; 0.0; 0.0; 0.0; 2988.99; 15688.74; 0.0; 0.0; 377.29; 16897.77; 19886.77; 586.79; 9906.98; 1384.73; 11397.04; 11983.83; 1.53; -762.46; -9.3; -0.0; 7902.94; 19886.77
2014-09-30; 999.83; 733.1; 0.0; 0.0; 0.0; 1732.92; 15886.28; 0.0; 0.0; 418.06; 17142.24; 18875.16; 615.55; 10475.75; 630.14; 11212.01; 11827.57; 1.53; -148.57; -9.87; 0.0; 7047.59; 18875.16
2014-06-30; 1095.82; 724.93; 0.0; 0.0; 0.0; 1820.76; 15894.95; 0.0; 0.0; 328.9; 17077.77; 18898.53; 552.1; 10558.61; 652.14; 11332.53; 11884.63; 1.53; -176.93; -10.43; 0.0; 7013.9; 18898.53
2014-03-31; 1233.81; 699.54; 0.0; 0.0; 0.0; 1933.36; 15860.78; 0.0; 0.0; 323.87; 17046.21; 18979.57; 576.68; 10577.14; 671.57; 11400.35; 11977.02; 1.53; 0.0; -10.99; -153.98; 7002.54; 18979.57
2013-12-31; 2422.34; 711.07; 0.0; 0.0; 0.0; 3133.41; 15817.19; 0.0; 0.0; 341.21; 17042.86; 20176.26; 549.99; 11341.51; 1090.22; 12582.65; 13132.65; 1.53; -108.55; -11.56; 0.0; 7043.62; 20176.26
2013-09-30; 1694.77; 696.43; 0.0; 0.0; 0.0; 2391.21; 15826.6; 0.0; 0.0; 383.1; 17128.5; 19519.71; 577.09; 11354.37; 679.93; 12200.76; 12777.85; 1.52; 0.0; -12.12; 246.21; 6741.86; 19519.71
2013-06-30; 1663.56; 691.69; 0.0; 0.0; 0.0; 2355.25; 15835.91; 0.0; 0.0; 331.94; 17107.53; 19462.78; 534.67; 11365.54; 669.15; 12243.74; 12778.41; 1.52; 192.49; -12.69; 0.0; 6684.37; 19462.78
2013-03-31; 964.79; 794.2; 0.0; 0.0; 0.0; 2041.3; 12270.71; 0.0; 0.0; 738.39; 13581.98; 15623.28; 309.85; 8871.52; 427.57; 9508.18; 9818.03; 1.52; -160.7; -13.25; 0.0; 5805.25; 15623.28
2012-12-31; 1097.16; 772.57; 0.0; 0.0; 0.0; 2152.22; 11959.17; 0.0; 0.0; 762.7; 13310.1; 15462.32; 271.56; 8912.37; 435.1; 9555.9; 9827.47; 1.52; -109.98; -13.82; 0.0; 5634.85; 15462.32
2012-09-30; 1255.47; 726.71; 0.0; 0.0; 0.0; 2264.39; 11534.07; 0.0; 0.0; 808.59; 12877.56; 15141.94; 292.09; 8650.86; 402.46; 9164.2; 9456.29; 1.51; -59.62; -14.38; 0.0; 5685.65; 15141.94
2012-06-30; 1703.38; 702.02; 0.0; 0.0; 0.0; 2687.81; 11365.17; 0.0; 0.0; 723.17; 12592.82; 15280.63; 225.44; 8896.21; 401.71; 9349.45; 9574.89; 1.51; -34.46; -14.98; 0.0; 5705.73; 15280.63
2012-03-31; 621.89; 704.55; 0.0; 0.0; 0.0; 1607.62; 11352.57; 0.0; 0.0; 751.7; 12605.23; 14212.86; 263.44; 7960.63; 417.44; 8429.6; 8693.04; 1.49; -70.61; -15.56; 0.0; 5519.81; 14212.86
2011-12-31; 1863.54; 692.37; 0.0; 0.0; 0.0; 2836.35; 10746.49; 0.0; 0.0; 754.73; 11946.62; 14782.97; 224.24; 8704.14; 385.42; 9145.21; 9369.45; 1.48; -53.08; -16.14; 0.0; 5413.52; 14782.97
2011-09-30; 1099.78; 641.17; 0.0; 0.0; 0.0; 2017.33; 10639.18; 0.0; 0.0; 882.59; 11963.47; 13980.8; 262.48; 7950.36; 328.14; 8334.15; 8596.64; 1.48; -72.94; -16.72; 0.0; 5384.16; 13980.8
2011-06-30; 1083.02; 616.23; 0.0; 0.0; 0.0; 1975.63; 10584.62; 0.0; 0.0; 874.95; 11908.58; 13884.21; 235.3; 7941.64; 315.07; 8312.36; 8547.67; 1.46; -69.54; -17.29; 0.0; 5336.54; 13884.21
2011-03-31; 1053.0; 593.14; 0.0; 0.0; 0.0; 1916.13; 10597.04; 0.0; 0.0; 873.22; 11919.34; 13835.47; 259.69; 7937.26; 293.41; 8286.33; 8546.01; 1.45; -56.48; -17.87; 0.0; 5289.46; 13835.47
2010-12-31; 786.98; 572.5; 0.0; 0.0; 0.0; 1629.48; 10441.12; 0.0; 0.0; 841.65; 11718.78; 13348.26; 223.92; 7786.0; 318.5; 8160.15; 8384.07; 1.4; -24.76; -18.44; 0.0; 4964.19; 13348.26
2010-09-30; 1570.85; 534.66; 0.0; 0.0; 0.0; 2375.51; 9529.71; 0.0; 0.0; 842.74; 10673.33; 13048.84; 284.22; 7444.89; 185.98; 7630.87; 7915.09; 1.4; 58.05; -19.53; 0.0; 5133.75; 13048.84
2010-06-30; 1728.83; 499.66; 0.0; 0.0; 0.0; 2498.49; 9175.77; 0.0; 0.0; 824.06; 10289.21; 12787.7; 257.52; 7229.3; 176.29; 7461.24; 7718.76; 1.39; 70.43; -20.16; 0.0; 5068.94; 12787.7
2010-03-31; 1241.24; 479.03; 0.0; 0.0; 0.0; 1990.27; 9112.76; 0.0; 0.0; 856.75; 10261.08; 12251.34; 258.8; 6674.9; 196.51; 6927.06; 7185.86; 1.39; 78.64; -21.14; 0.0; 5065.48; 12251.34
2009-12-31; 1470.8; 456.36; 0.0; 0.0; 0.0; 2197.16; 9065.88; 0.0; 0.0; 791.27; 10151.54; 12348.7; 296.15; 6719.77; 208.07; 6983.5; 7279.64; 1.39; 95.43; -21.78; 0.0; 5069.06; 12348.7
2009-09-30; 802.79; 425.55; 0.0; 0.0; 0.0; 1498.34; 9020.21; 0.0; 0.0; 824.58; 10133.44; 11631.78; 278.71; 6008.99; 211.66; 6276.3; 6555.01; 1.39; 111.46; -22.41; 0.0; 5076.77; 11631.78
2009-06-30; 841.53; 418.62; 0.0; 0.0; 0.0; 1530.15; 8960.28; 0.0; 0.0; 806.4; 10050.51; 11580.66; 290.37; 5957.7; 207.03; 6220.38; 6510.76; 1.39; 115.03; -28.46; 0.0; 5069.91; 11580.66
2009-03-31; 163.21; 400.35; 0.0; 0.0; 0.0; 833.56; 8898.08; 0.0; 0.0; 838.41; 10038.37; 10871.94; 250.6; 6112.8; 231.21; 6399.66; 6650.26; 1.21; 117.08; -29.2; 0.0; 4221.68; 10871.94
