Date; Cash On Hand; Receivables; Inventory; Pre-Paid Expenses; Other Current Assets; Total Current Assets; Property, Plant, And Equipment; Long-Term Investments; Goodwill And Intangible Assets; Other Long-Term Assets; Total Long-Term Assets; Total Assets; Total Current Liabilities; Long Term Debt; Other Non-Current Liabilities; Total Long Term Liabilities; Total Liabilities; Common Stock Net; Retained Earnings (Accumulated Deficit); Comprehensive Income; Other Share Holders Equity; Share Holder Equity; Total Liabilities And Share Holders Equity
2022-09-30; 2965.0; 4799.0; 5543.0; 1091.0; 0.0; 14398.0; 5201.0; 1826.0; 4831.0; 1977.0; 15371.0; 29769.0; 10530.0; 5450.0; 2634.0; 9881.0; 20411.0; 2214.0; 17628.0; -2013.0; 0.0; 9358.0; 29769.0
2022-06-30; 2998.0; 4156.0; 4765.0; 843.0; 0.0; 12762.0; 4389.0; 1544.0; 2445.0; 1876.0; 11715.0; 24477.0; 7671.0; 3490.0; 2220.0; 7151.0; 14822.0; 2423.0; 17450.0; -1696.0; 0.0; 9655.0; 24477.0
2022-03-31; 2803.0; 4368.0; 4586.0; 839.0; 0.0; 12596.0; 4381.0; 1592.0; 2203.0; 1844.0; 11526.0; 24122.0; 7512.0; 3502.0; 2275.0; 7247.0; 14759.0; 2411.0; 16952.0; -1515.0; 0.0; 9363.0; 24122.0
2021-12-31; 3187.0; 3990.0; 4355.0; 777.0; 0.0; 12309.0; 4422.0; 1538.0; 2187.0; 1766.0; 11401.0; 23710.0; 7084.0; 3579.0; 2192.0; 7591.0; 14675.0; 2099.0; 16741.0; -1571.0; 0.0; 9035.0; 23710.0
2021-09-30; 3018.0; 4152.0; 4322.0; 828.0; 0.0; 12320.0; 4185.0; 1543.0; 2210.0; 1705.0; 10743.0; 23063.0; 6861.0; 3602.0; 2138.0; 7199.0; 14060.0; 2412.0; 16555.0; -1911.0; 0.0; 9003.0; 23063.0
2021-06-30; 2919.0; 4132.0; 4076.0; 804.0; 0.0; 11931.0; 4174.0; 1494.0; 2233.0; 1680.0; 10677.0; 22608.0; 6604.0; 3620.0; 2146.0; 7211.0; 13815.0; 2405.0; 16228.0; -1929.0; 0.0; 8793.0; 22608.0
2021-03-31; 3355.0; 4209.0; 3753.0; 805.0; 0.0; 12122.0; 4196.0; 1592.0; 2254.0; 1713.0; 10840.0; 22962.0; 6660.0; 3620.0; 2202.0; 7271.0; 13931.0; 2393.0; 15825.0; -1937.0; 0.0; 9031.0; 22962.0
2020-12-31; 3862.0; 3820.0; 3425.0; 790.0; 0.0; 11897.0; 4255.0; 1441.0; 2256.0; 1733.0; 10727.0; 22624.0; 6335.0; 3610.0; 2220.0; 7300.0; 13635.0; 2404.0; 15419.0; -1982.0; 0.0; 8989.0; 22624.0
2020-09-30; 3312.0; 3628.0; 3470.0; 652.0; 0.0; 11062.0; 4087.0; 1418.0; 2278.0; 1713.0; 10506.0; 21568.0; 5709.0; 3609.0; 2201.0; 7218.0; 12927.0; 2385.0; 15118.0; -2107.0; 0.0; 8641.0; 21568.0
2020-06-30; 2104.0; 3441.0; 3655.0; 634.0; 0.0; 9834.0; 4067.0; 1362.0; 2301.0; 1752.0; 10480.0; 20314.0; 6916.0; 1639.0; 2222.0; 5268.0; 12184.0; 2353.0; 14811.0; -2242.0; 0.0; 8130.0; 20314.0
2020-03-31; 2030.0; 3505.0; 3579.0; 676.0; 0.0; 9790.0; 4128.0; 1304.0; 2248.0; 1617.0; 10286.0; 20076.0; 6982.0; 1580.0; 2071.0; 5076.0; 12058.0; 2335.0; 14728.0; -2250.0; 0.0; 8018.0; 20076.0
2019-12-31; 1470.0; 3670.0; 3486.0; 761.0; 0.0; 9387.0; 4245.0; 1237.0; 2289.0; 1578.0; 10350.0; 19737.0; 6260.0; 1576.0; 2024.0; 5012.0; 11272.0; 2346.0; 14416.0; -2028.0; 0.0; 8465.0; 19737.0
2019-09-30; 1863.0; 3934.0; 3821.0; 610.0; 0.0; 10228.0; 4056.0; 1250.0; 2310.0; 1532.0; 10118.0; 20346.0; 6725.0; 1619.0; 1959.0; 4868.0; 11593.0; 2322.0; 14315.0; -2040.0; 0.0; 8753.0; 20346.0
2019-06-30; 1732.0; 4179.0; 3896.0; 643.0; 0.0; 10450.0; 4077.0; 1274.0; 2026.0; 1467.0; 9804.0; 20254.0; 6289.0; 1624.0; 1897.0; 4769.0; 11058.0; 2307.0; 13897.0; -1840.0; 0.0; 9196.0; 20254.0
2019-03-31; 1574.0; 4025.0; 3893.0; 599.0; 0.0; 10091.0; 4066.0; 1303.0; 2020.0; 1427.0; 9755.0; 19846.0; 6427.0; 1605.0; 1870.0; 4692.0; 11119.0; 2273.0; 13401.0; -1739.0; 0.0; 8727.0; 19846.0
2018-12-31; 1525.0; 3866.0; 3759.0; 668.0; 0.0; 9818.0; 4096.0; 1222.0; 2035.0; 962.0; 9244.0; 19062.0; 6384.0; 1597.0; 1632.0; 4419.0; 10803.0; 2271.0; 12917.0; -1807.0; 0.0; 8259.0; 19062.0
2018-09-30; 1407.0; 3929.0; 3831.0; 696.0; 0.0; 9863.0; 3870.0; 1255.0; 2060.0; 922.0; 9129.0; 18992.0; 6416.0; 1563.0; 2341.0; 4516.0; 10932.0; 2151.0; 12519.0; -1799.0; 0.0; 8060.0; 18992.0
2018-06-30; 1532.0; 4095.0; 3559.0; 649.0; 0.0; 9835.0; 3824.0; 1303.0; 2019.0; 912.0; 9080.0; 18915.0; 6104.0; 1556.0; 2441.0; 4617.0; 10721.0; 2239.0; 12009.0; -1667.0; 0.0; 8194.0; 18915.0
2018-03-31; 1387.0; 3845.0; 3411.0; 558.0; 0.0; 9201.0; 3892.0; 1288.0; 2045.0; 908.0; 9191.0; 18392.0; 5832.0; 1571.0; 2078.0; 4264.0; 10096.0; 2217.0; 11641.0; -1397.0; 0.0; 8296.0; 18392.0
2017-12-31; 1567.0; 3618.0; 3166.0; 577.0; 0.0; 8928.0; 3927.0; 1156.0; 2055.0; 966.0; 9147.0; 18075.0; 5677.0; 1588.0; 1423.0; 4234.0; 9911.0; 2210.0; 11464.0; -1503.0; 0.0; 8164.0; 18075.0
2017-09-30; 1444.0; 3810.0; 3146.0; 656.0; 0.0; 9056.0; 3816.0; 1213.0; 2000.0; 995.0; 8936.0; 17992.0; 5758.0; 1615.0; 1411.0; 3673.0; 9431.0; 2198.0; 11791.0; -1504.0; 0.0; 8561.0; 17992.0
2017-06-30; 1467.0; 3553.0; 2982.0; 600.0; 0.0; 8602.0; 3787.0; 1162.0; 827.0; 1030.0; 7658.0; 16260.0; 4894.0; 1564.0; 1335.0; 3544.0; 8438.0; 2184.0; 11517.0; -1615.0; 0.0; 7822.0; 16260.0
2017-03-31; 1467.0; 3247.0; 2894.0; 551.0; 0.0; 8159.0; 3802.0; 1059.0; 827.0; 1002.0; 7475.0; 15634.0; 4662.0; 1576.0; 1278.0; 3496.0; 8158.0; 2163.0; 11265.0; -1732.0; 0.0; 7476.0; 15634.0
2016-12-31; 1380.0; 3025.0; 2675.0; 627.0; 0.0; 7707.0; 3800.0; 946.0; 812.0; 1015.0; 7304.0; 15011.0; 4325.0; 1568.0; 1289.0; 3512.0; 7837.0; 2153.0; 11040.0; -1821.0; 0.0; 7174.0; 15011.0
2016-09-30; 1501.0; 2873.0; 2820.0; 600.0; 0.0; 7794.0; 3677.0; 1077.0; 801.0; 1014.0; 7342.0; 15136.0; 4308.0; 1593.0; 1344.0; 3564.0; 7872.0; 2209.0; 10833.0; -1632.0; 0.0; 7264.0; 15136.0
2016-06-30; 1280.0; 3023.0; 2778.0; 549.0; 0.0; 7630.0; 3703.0; 1073.0; 809.0; 1041.0; 7390.0; 15020.0; 4150.0; 1614.0; 1434.0; 3675.0; 7825.0; 2196.0; 10716.0; -1620.0; 0.0; 7195.0; 15020.0
2016-03-31; 1274.0; 2921.0; 2759.0; 514.0; 0.0; 7468.0; 3712.0; 1053.0; 829.0; 1002.0; 7359.0; 14827.0; 3917.0; 1614.0; 1399.0; 3650.0; 7567.0; 2076.0; 10473.0; -1417.0; 0.0; 7260.0; 14827.0
2015-12-31; 1811.0; 2820.0; 2707.0; 609.0; 0.0; 7947.0; 3745.0; 975.0; 810.0; 922.0; 7187.0; 15134.0; 3803.0; 1576.0; 1358.0; 3581.0; 7384.0; 2178.0; 10322.0; -1348.0; 0.0; 7750.0; 15134.0
2015-09-30; 1723.0; 3159.0; 3059.0; 921.0; 0.0; 8862.0; 3717.0; 959.0; 818.0; 656.0; 6935.0; 15797.0; 3968.0; 1595.0; 1514.0; 3748.0; 7716.0; 2173.0; 10331.0; -1258.0; 0.0; 8081.0; 15797.0
2015-06-30; 1849.0; 3422.0; 2986.0; 746.0; 0.0; 9003.0; 3653.0; 995.0; 812.0; 631.0; 6875.0; 15878.0; 4053.0; 1576.0; 1393.0; 3611.0; 7664.0; 2164.0; 10123.0; -1071.0; 0.0; 8214.0; 15878.0
2015-03-31; 2112.0; 3240.0; 2936.0; 712.0; 0.0; 9000.0; 3637.0; 968.0; 810.0; 607.0; 6736.0; 15736.0; 4057.0; 1602.0; 1359.0; 3610.0; 7667.0; 2146.0; 9792.0; -1245.0; 0.0; 8069.0; 15736.0
2014-12-31; 2394.0; 2946.0; 2866.0; 849.0; 0.0; 9055.0; 3686.0; 981.0; 822.0; 583.0; 6709.0; 15764.0; 4021.0; 1577.0; 1415.0; 3650.0; 7671.0; 2139.0; 9545.0; -1078.0; 0.0; 8093.0; 15764.0
2014-09-30; 2381.0; 3059.0; 2833.0; 795.0; 0.0; 9068.0; 3464.0; 981.0; 811.0; 619.0; 6576.0; 15644.0; 4038.0; 1584.0; 1358.0; 3509.0; 7547.0; 2125.0; 9243.0; -827.0; 0.0; 8097.0; 15644.0
2014-06-30; 2377.0; 3188.0; 2745.0; 770.0; 0.0; 9080.0; 3329.0; 934.0; 818.0; 668.0; 6420.0; 15500.0; 3809.0; 1627.0; 1332.0; 3533.0; 7342.0; 2113.0; 8961.0; -669.0; 0.0; 8158.0; 15500.0
2014-03-31; 2307.0; 2949.0; 2580.0; 663.0; 0.0; 8499.0; 3232.0; 966.0; 821.0; 611.0; 6252.0; 14751.0; 3555.0; 1632.0; 1251.0; 3462.0; 7017.0; 2101.0; 8629.0; -755.0; 0.0; 7734.0; 14751.0
2013-12-31; 2849.0; 2649.0; 2381.0; 760.0; 0.0; 8639.0; 3156.0; 931.0; 818.0; 670.0; 6089.0; 14728.0; 3368.0; 1672.0; 1230.0; 3490.0; 6858.0; 2099.0; 8406.0; -784.0; 0.0; 7870.0; 14728.0
2013-09-30; 2661.0; 2709.0; 2513.0; 643.0; 0.0; 8526.0; 2948.0; 966.0; 819.0; 1077.0; 5810.0; 14336.0; 3390.0; 1731.0; 1344.0; 3482.0; 6872.0; 2095.0; 8089.0; -968.0; 0.0; 7464.0; 14336.0
2013-06-30; 1587.0; 2745.0; 2475.0; 597.0; 0.0; 7404.0; 2882.0; 924.0; 810.0; 1028.0; 5644.0; 13048.0; 3462.0; 754.0; 1325.0; 2493.0; 5955.0; 2082.0; 7850.0; -1099.0; 0.0; 7093.0; 13048.0
2013-03-31; 1679.0; 2496.0; 2387.0; 658.0; 0.0; 7220.0; 2769.0; 944.0; 810.0; 1013.0; 5536.0; 12756.0; 3257.0; 736.0; 1296.0; 2454.0; 5711.0; 2064.0; 7530.0; -1095.0; 0.0; 7045.0; 12756.0
2012-12-31; 1616.0; 2475.0; 2221.0; 855.0; 0.0; 7167.0; 2724.0; 897.0; 814.0; 764.0; 5381.0; 12548.0; 3136.0; 698.0; 1064.0; 2438.0; 5574.0; 2058.0; 7343.0; -950.0; 0.0; 6974.0; 12548.0
2012-09-30; 1272.0; 2503.0; 2570.0; 770.0; 0.0; 7115.0; 2557.0; 962.0; 808.0; 972.0; 5299.0; 12414.0; 3309.0; 670.0; 1184.0; 2271.0; 5580.0; 2046.0; 7068.0; -808.0; 0.0; 6834.0; 12414.0
2012-06-30; 1406.0; 2620.0; 2581.0; 639.0; 0.0; 7246.0; 2424.0; 890.0; 613.0; 996.0; 4923.0; 12169.0; 3570.0; 653.0; 966.0; 2162.0; 5732.0; 2036.0; 6810.0; -946.0; 0.0; 6437.0; 12169.0
2012-03-31; 1569.0; 2684.0; 2382.0; 682.0; 0.0; 7317.0; 2391.0; 903.0; 592.0; 916.0; 4802.0; 12119.0; 3630.0; 650.0; 896.0; 2131.0; 5761.0; 2017.0; 6416.0; -813.0; 0.0; 6358.0; 12119.0
2011-12-31; 1761.0; 2526.0; 2141.0; 663.0; 0.0; 7091.0; 2288.0; 838.0; 566.0; 885.0; 4577.0; 11668.0; 3657.0; 658.0; 1090.0; 2180.0; 5837.0; 2001.0; 6038.0; -938.0; 0.0; 5831.0; 11668.0
2011-09-30; 1438.0; 2666.0; 2295.0; 350.0; 0.0; 7026.0; 2168.0; 830.0; 561.0; 628.0; 4312.0; 11338.0; 3742.0; 665.0; 866.0; 2052.0; 5794.0; 1982.0; 5567.0; -811.0; 0.0; 5544.0; 11338.0
2011-06-30; 1474.0; 2780.0; 2275.0; 303.0; 0.0; 7137.0; 2117.0; 761.0; 564.0; 619.0; 4176.0; 11313.0; 3713.0; 702.0; 839.0; 2083.0; 5796.0; 1968.0; 5191.0; -645.0; 0.0; 5517.0; 11313.0
2011-03-31; 1086.0; 2570.0; 2202.0; 329.0; 0.0; 6494.0; 2064.0; 822.0; 585.0; 574.0; 4232.0; 10726.0; 3451.0; 685.0; 810.0; 2076.0; 5527.0; 1949.0; 4737.0; -642.0; 0.0; 5199.0; 10726.0
2010-12-31; 1362.0; 2243.0; 1977.0; 393.0; 0.0; 6289.0; 2041.0; 734.0; 589.0; 749.0; 4113.0; 10402.0; 3260.0; 709.0; 803.0; 2146.0; 5406.0; 1934.0; 4445.0; -720.0; 0.0; 4996.0; 10402.0
2010-09-30; 1245.0; 2235.0; 1910.0; 260.0; 0.0; 5978.0; 1891.0; 689.0; 584.0; 417.0; 3894.0; 9872.0; 3071.0; 732.0; 765.0; 2307.0; 5378.0; 1922.0; 4135.0; -864.0; 0.0; 4494.0; 9872.0
2010-06-30; 1193.0; 2052.0; 1652.0; 236.0; 0.0; 5445.0; 1838.0; 622.0; 588.0; 340.0; 3765.0; 9210.0; 2807.0; 669.0; 743.0; 2243.0; 5050.0; 1868.0; 3900.0; -960.0; 0.0; 4160.0; 9210.0
2010-03-31; 1102.0; 1727.0; 1549.0; 240.0; 0.0; 4920.0; 1862.0; 638.0; 604.0; 332.0; 3849.0; 8769.0; 2486.0; 640.0; 719.0; 2231.0; 4717.0; 1862.0; 3689.0; -955.0; 0.0; 4052.0; 8769.0
2009-12-31; 1120.0; 2004.0; 1341.0; 294.0; 0.0; 5003.0; 1886.0; 574.0; 592.0; 325.0; 3813.0; 8816.0; 2432.0; 637.0; 760.0; 2364.0; 4796.0; 1860.0; 3575.0; -895.0; 0.0; 4020.0; 8816.0
2009-09-30; 834.0; 1731.0; 1461.0; 254.0; 0.0; 4643.0; 1859.0; 538.0; 592.0; 323.0; 3712.0; 8355.0; 2311.0; 621.0; 740.0; 2241.0; 4552.0; 1842.0; 3340.0; -862.0; 0.0; 3803.0; 8355.0
2009-06-30; 551.0; 1725.0; 1535.0; 198.0; 0.0; 4373.0; 1860.0; 527.0; 603.0; 259.0; 3748.0; 8121.0; 2114.0; 617.0; 792.0; 2412.0; 4526.0; 1796.0; 3280.0; -931.0; 0.0; 3595.0; 8121.0
2009-03-31; 418.0; 1729.0; 1738.0; 196.0; 0.0; 4434.0; 1833.0; 526.0; 607.0; 271.0; 3744.0; 8178.0; 2281.0; 651.0; 781.0; 2470.0; 4751.0; 1790.0; 3260.0; -1052.0; 0.0; 3427.0; 8178.0
