Date; Cash On Hand; Receivables; Inventory; Pre-Paid Expenses; Other Current Assets; Total Current Assets; Property, Plant, And Equipment; Long-Term Investments; Goodwill And Intangible Assets; Other Long-Term Assets; Total Long-Term Assets; Total Assets; Total Current Liabilities; Long Term Debt; Other Non-Current Liabilities; Total Long Term Liabilities; Total Liabilities; Common Stock Net; Retained Earnings (Accumulated Deficit); Comprehensive Income; Other Share Holders Equity; Share Holder Equity; Total Liabilities And Share Holders Equity
2022-10-31; 19784.0; 5439.0; 2664.0; 0.0; 4571.0; 36141.0; 1972.0; 0.0; 40520.0; 5912.0; 56913.0; 93054.0; 24896.0; 7629.0; 9816.0; 27886.0; 52782.0; 42984.0; -594.0; -2118.0; 0.0; 40272.0; 93054.0
2022-07-31; 19267.0; 6622.0; 2568.0; 0.0; 4355.0; 36717.0; 1997.0; 0.0; 40873.0; 5957.0; 57285.0; 94002.0; 25640.0; 8416.0; 9693.0; 28589.0; 54229.0; 42714.0; -1319.0; -1622.0; 0.0; 39773.0; 94002.0
2022-04-30; 20108.0; 5783.0; 2231.0; 0.0; 4055.0; 35981.0; 2046.0; 0.0; 41263.0; 5272.0; 56816.0; 92797.0; 24150.0; 8418.0; 9785.0; 28247.0; 52397.0; 42587.0; -724.0; -1463.0; 0.0; 40400.0; 92797.0
2022-01-31; 21113.0; 6003.0; 2059.0; 0.0; 3627.0; 36799.0; 2140.0; 0.0; 41758.0; 5272.0; 57463.0; 94262.0; 25915.0; 8969.0; 9837.0; 28851.0; 54766.0; 42291.0; -2006.0; -789.0; 0.0; 39496.0; 94262.0
2021-10-31; 23346.0; 5306.0; 1832.0; 0.0; 3034.0; 37588.0; 2238.0; 0.0; 42152.0; 5259.0; 58393.0; 95981.0; 23238.0; 8996.0; 10991.0; 30042.0; 53280.0; 42621.0; 553.0; -473.0; 0.0; 42701.0; 95981.0
2021-07-31; 24518.0; 5766.0; 1559.0; 0.0; 2889.0; 39112.0; 2338.0; 0.0; 41787.0; 5016.0; 58385.0; 97497.0; 26257.0; 9018.0; 10931.0; 29965.0; 56222.0; 42346.0; -654.0; -417.0; 0.0; 41275.0; 97497.0
2021-04-30; 23579.0; 4425.0; 1579.0; 0.0; 2829.0; 37060.0; 2367.0; 0.0; 41406.0; 3925.0; 56836.0; 93896.0; 24262.0; 9532.0; 10500.0; 29429.0; 53691.0; 41949.0; -1456.0; -288.0; 0.0; 40205.0; 93896.0
2021-01-31; 30588.0; 4307.0; 1436.0; 0.0; 2553.0; 43911.0; 2386.0; 0.0; 36195.0; 3900.0; 51690.0; 95601.0; 27268.0; 9554.0; 10364.0; 29212.0; 56480.0; 41690.0; -2351.0; -218.0; 0.0; 39121.0; 95601.0
2020-10-31; 30012.0; 3980.0; 1303.0; 0.0; 2589.0; 42989.0; 2412.0; 0.0; 36116.0; 3832.0; 52014.0; 95003.0; 26991.0; 9564.0; 11089.0; 29855.0; 56846.0; 41360.0; -2756.0; -447.0; 0.0; 38157.0; 95003.0
2020-07-31; 29419.0; 5472.0; 1282.0; 0.0; 2349.0; 43573.0; 2453.0; 0.0; 35382.0; 3741.0; 51280.0; 94853.0; 25331.0; 11578.0; 10984.0; 31602.0; 56933.0; 41202.0; -2763.0; -519.0; 0.0; 37920.0; 94853.0
2020-04-30; 28574.0; 4569.0; 1212.0; 0.0; 2249.0; 41307.0; 2535.0; 0.0; 35197.0; 3676.0; 50087.0; 91394.0; 25937.0; 11578.0; 10233.0; 29749.0; 55686.0; 40691.0; -3874.0; -1109.0; 0.0; 35708.0; 91394.0
2020-01-31; 27062.0; 4330.0; 1353.0; 0.0; 2481.0; 40053.0; 2621.0; 0.0; 35518.0; 3581.0; 50373.0; 90426.0; 22088.0; 14494.0; 10263.0; 32805.0; 54893.0; 40617.0; -4384.0; -700.0; 0.0; 35533.0; 90426.0
2019-10-31; 28035.0; 4878.0; 1344.0; 0.0; 2433.0; 41716.0; 2669.0; 0.0; 35685.0; 3628.0; 50776.0; 92492.0; 24597.0; 14497.0; 11019.0; 33472.0; 58069.0; 40321.0; -5083.0; -815.0; 0.0; 34423.0; 92492.0
2019-07-31; 33413.0; 5491.0; 1383.0; 0.0; 2373.0; 47755.0; 2789.0; 0.0; 35730.0; 2496.0; 50038.0; 97793.0; 31712.0; 14475.0; 10236.0; 32510.0; 64222.0; 40266.0; -5903.0; -792.0; 0.0; 33571.0; 97793.0
2019-04-30; 34643.0; 3795.0; 1513.0; 0.0; 2331.0; 47311.0; 2834.0; 0.0; 35942.0; 2315.0; 49976.0; 97287.0; 27913.0; 15921.0; 9310.0; 32570.0; 60483.0; 40577.0; -2877.0; -896.0; 0.0; 36804.0; 97287.0
2019-01-31; 40383.0; 3745.0; 1701.0; 0.0; 2231.0; 53117.0; 2931.0; 0.0; 35563.0; 2205.0; 49345.0; 102462.0; 29479.0; 15893.0; 9016.0; 32194.0; 61673.0; 41361.0; 538.0; -1110.0; 0.0; 40789.0; 102462.0
2018-10-31; 42593.0; 4536.0; 1572.0; 0.0; 2134.0; 55686.0; 2956.0; 0.0; 36102.0; 2081.0; 49743.0; 105429.0; 26414.0; 18323.0; 9667.0; 35167.0; 61581.0; 41897.0; 3169.0; -1218.0; 0.0; 43848.0; 105429.0
2018-07-31; 46548.0; 5554.0; 1846.0; 0.0; 2940.0; 61837.0; 3006.0; 0.0; 34258.0; 1582.0; 46947.0; 108784.0; 27035.0; 20331.0; 10019.0; 38545.0; 65580.0; 42820.0; 1233.0; -849.0; 0.0; 43204.0; 108784.0
2018-04-30; 54431.0; 4274.0; 1900.0; 0.0; 1668.0; 67141.0; 3082.0; 0.0; 34335.0; 1491.0; 46867.0; 114008.0; 28642.0; 20336.0; 10717.0; 38705.0; 67347.0; 43556.0; 3709.0; -604.0; 0.0; 46661.0; 114008.0
2018-01-31; 73683.0; 3963.0; 1896.0; 0.0; 1583.0; 86050.0; 3113.0; 0.0; 32865.0; 1472.0; 45460.0; 131510.0; 35364.0; 25625.0; 10853.0; 44164.0; 79528.0; 44535.0; 7364.0; 83.0; 0.0; 51982.0; 131510.0
2017-10-31; 71588.0; 4206.0; 1693.0; 0.0; 1555.0; 84080.0; 3202.0; 0.0; 32910.0; 1448.0; 46442.0; 130522.0; 29284.0; 25684.0; 2359.0; 35688.0; 64972.0; 44872.0; 20647.0; 31.0; 0.0; 65550.0; 130522.0
2017-07-31; 70492.0; 5146.0; 1616.0; 0.0; 1593.0; 83703.0; 3322.0; 0.0; 32305.0; 1511.0; 46115.0; 129818.0; 27583.0; 25725.0; 2700.0; 36098.0; 63681.0; 45253.0; 20838.0; 46.0; 0.0; 66137.0; 129818.0
2017-04-30; 67974.0; 4635.0; 1366.0; 0.0; 1348.0; 79962.0; 3395.0; 0.0; 32220.0; 1454.0; 45988.0; 125950.0; 22718.0; 28222.0; 2650.0; 37850.0; 60568.0; 45003.0; 20721.0; -342.0; 0.0; 65382.0; 125950.0
2017-01-31; 71845.0; 4458.0; 1264.0; 0.0; 1329.0; 83392.0; 3422.0; 0.0; 28939.0; 1538.0; 42856.0; 126248.0; 22708.0; 30471.0; 2408.0; 39722.0; 62430.0; 44585.0; 20027.0; -801.0; 0.0; 63818.0; 126248.0
2016-10-31; 70968.0; 4805.0; 1176.0; 0.0; 1651.0; 83141.0; 3499.0; 0.0; 29120.0; 1686.0; 43146.0; 126287.0; 23217.0; 30634.0; 2287.0; 39657.0; 62874.0; 44236.0; 19694.0; -524.0; 0.0; 63413.0; 126287.0
2016-07-31; 65756.0; 5847.0; 1217.0; 0.0; 1627.0; 78719.0; 3506.0; 0.0; 29126.0; 1844.0; 42933.0; 121652.0; 24911.0; 24483.0; 2356.0; 33156.0; 58067.0; 44516.0; 19396.0; -326.0; 0.0; 63585.0; 121652.0
2016-04-30; 63512.0; 4047.0; 1343.0; 0.0; 2230.0; 78571.0; 3529.0; 0.0; 29506.0; 3148.0; 40083.0; 118654.0; 24003.0; 24431.0; 2252.0; 32293.0; 56296.0; 44137.0; 18448.0; -227.0; 0.0; 62358.0; 118654.0
2016-01-31; 60375.0; 4302.0; 1362.0; 0.0; 1618.0; 75005.0; 3386.0; 0.0; 27280.0; 3068.0; 37637.0; 112642.0; 22799.0; 21591.0; 1985.0; 28965.0; 51764.0; 43857.0; 17821.0; -807.0; 0.0; 60878.0; 112642.0
2015-10-31; 59107.0; 4712.0; 1482.0; 0.0; 1433.0; 73946.0; 3346.0; 0.0; 27174.0; 3270.0; 37827.0; 111773.0; 22100.0; 21594.0; 2753.0; 29688.0; 51788.0; 43643.0; 16586.0; -252.0; 0.0; 59985.0; 111773.0
2015-07-31; 60416.0; 5344.0; 1627.0; 0.0; 1490.0; 73368.0; 3332.0; 0.0; 26845.0; 1516.0; 40005.0; 113373.0; 23412.0; 21457.0; 3438.0; 30254.0; 53666.0; 43592.0; 16045.0; 61.0; 0.0; 59707.0; 113373.0
2015-04-30; 54419.0; 4889.0; 1760.0; 0.0; 1476.0; 69331.0; 3276.0; 0.0; 27024.0; 3075.0; 36881.0; 106212.0; 23245.0; 16586.0; 2738.0; 24134.0; 47379.0; 43133.0; 15503.0; 187.0; 0.0; 58833.0; 106212.0
2015-01-31; 53022.0; 4541.0; 1890.0; 0.0; 1565.0; 67882.0; 3212.0; 0.0; 27137.0; 3142.0; 37040.0; 104922.0; 20034.0; 19667.0; 2836.0; 27155.0; 47189.0; 42685.0; 14847.0; 186.0; 0.0; 57733.0; 104922.0
2014-10-31; 52107.0; 4375.0; 1676.0; 0.0; 1284.0; 66396.0; 3233.0; 0.0; 27430.0; 3228.0; 37582.0; 103978.0; 20056.0; 19615.0; 3297.0; 27207.0; 47263.0; 41984.0; 14273.0; 451.0; 0.0; 56715.0; 103978.0
2014-07-31; 52074.0; 5157.0; 1591.0; 0.0; 1331.0; 67114.0; 3252.0; 0.0; 27519.0; 3267.0; 37956.0; 105070.0; 19809.0; 20337.0; 3599.0; 28600.0; 48409.0; 41884.0; 14093.0; 677.0; 0.0; 56661.0; 105070.0
2014-04-30; 50469.0; 4443.0; 1528.0; 0.0; 1273.0; 64288.0; 3310.0; 0.0; 27537.0; 3184.0; 37568.0; 101856.0; 18515.0; 20384.0; 3208.0; 27545.0; 46060.0; 41241.0; 13849.0; 697.0; 0.0; 55796.0; 101856.0
2014-01-31; 47065.0; 4378.0; 1548.0; 0.0; 1263.0; 60689.0; 3234.0; 0.0; 27779.0; 3097.0; 37738.0; 98427.0; 22944.0; 12385.0; 3120.0; 19399.0; 42343.0; 41438.0; 13928.0; 703.0; 0.0; 56084.0; 98427.0
2013-10-31; 48201.0; 5188.0; 1466.0; 0.0; 1476.0; 62796.0; 3273.0; 0.0; 27639.0; 3140.0; 37945.0; 100741.0; 21728.0; 12947.0; 3162.0; 20104.0; 41832.0; 42166.0; 15959.0; 772.0; 0.0; 58909.0; 100741.0
2013-07-31; 50610.0; 5470.0; 1476.0; 0.0; 1312.0; 65521.0; 3322.0; 0.0; 25322.0; 3115.0; 35670.0; 101191.0; 21996.0; 12928.0; 2978.0; 20067.0; 42063.0; 42297.0; 16215.0; 608.0; 0.0; 59128.0; 101191.0
2013-04-30; 47388.0; 4942.0; 1469.0; 0.0; 1363.0; 61417.0; 3330.0; 0.0; 25048.0; 3451.0; 35667.0; 97084.0; 21063.0; 12956.0; 2637.0; 19223.0; 40286.0; 40431.0; 15668.0; 689.0; 0.0; 56798.0; 97084.0
2013-01-31; 46376.0; 4462.0; 1574.0; 0.0; 2122.0; 60725.0; 3403.0; 0.0; 24903.0; 3510.0; 35653.0; 96378.0; 17950.0; 16254.0; 2436.0; 22903.0; 40853.0; 39970.0; 14647.0; 898.0; 0.0; 55525.0; 96378.0
2012-10-31; 45000.0; 3942.0; 1709.0; 0.0; 1277.0; 57907.0; 3409.0; 0.0; 23892.0; 3740.0; 34736.0; 92643.0; 17114.0; 16272.0; 2654.0; 22828.0; 39942.0; 39290.0; 12563.0; 833.0; 0.0; 52701.0; 92643.0
2012-07-31; 48716.0; 4369.0; 1663.0; 0.0; 1230.0; 61933.0; 3402.0; 0.0; 18957.0; 3882.0; 29826.0; 91759.0; 17731.0; 16297.0; 2402.0; 22727.0; 40458.0; 39271.0; 11354.0; 661.0; 0.0; 51301.0; 91759.0
2012-04-30; 48412.0; 3980.0; 1497.0; 0.0; 1510.0; 61212.0; 3634.0; 0.0; 19140.0; 3650.0; 29942.0; 91154.0; 17124.0; 16286.0; 2286.0; 22652.0; 39776.0; 39510.0; 10869.0; 978.0; 0.0; 51378.0; 91154.0
2012-01-31; 46742.0; 3876.0; 1590.0; 0.0; 1441.0; 59298.0; 3711.0; 0.0; 19077.0; 3701.0; 29961.0; 89259.0; 17598.0; 16299.0; 2169.0; 22396.0; 39994.0; 38906.0; 9490.0; 850.0; 0.0; 49265.0; 89259.0
2011-10-31; 44388.0; 4300.0; 1622.0; 0.0; 1499.0; 57267.0; 3753.0; 0.0; 19192.0; 3543.0; 29697.0; 86964.0; 17461.0; 16264.0; 2073.0; 22289.0; 39750.0; 38297.0; 7910.0; 981.0; 0.0; 47214.0; 86964.0
2011-07-31; 44585.0; 4698.0; 1486.0; 0.0; 941.0; 57231.0; 3916.0; 0.0; 19359.0; 3101.0; 29864.0; 87095.0; 17506.0; 16234.0; 1914.0; 22330.0; 39836.0; 38648.0; 7284.0; 1294.0; 0.0; 47259.0; 87095.0
2011-04-30; 43367.0; 4413.0; 1442.0; 0.0; 3862.0; 55204.0; 4023.0; 0.0; 19582.0; 6541.0; 30146.0; 85350.0; 16110.0; 16168.0; 1938.0; 22034.0; 38144.0; 38639.0; 7217.0; 1307.0; 0.0; 47206.0; 85350.0
2011-01-31; 40229.0; 4620.0; 1602.0; 0.0; 3561.0; 52066.0; 4031.0; 0.0; 19545.0; 6339.0; 29915.0; 81981.0; 18505.0; 12152.0; 1709.0; 17790.0; 36295.0; 38302.0; 6363.0; 976.0; 0.0; 45686.0; 81981.0
2010-10-31; 38925.0; 4471.0; 1523.0; 0.0; 3495.0; 50406.0; 3984.0; 0.0; 19918.0; 5707.0; 29609.0; 80015.0; 18120.0; 12214.0; 1670.0; 17200.0; 35320.0; 37691.0; 6034.0; 950.0; 0.0; 44695.0; 80015.0
2010-07-31; 39861.0; 4929.0; 1327.0; 0.0; 875.0; 51421.0; 3941.0; 0.0; 19948.0; 3206.0; 29709.0; 81130.0; 19233.0; 12188.0; 2005.0; 17612.0; 36845.0; 37793.0; 5851.0; 623.0; 0.0; 44285.0; 81130.0
2010-04-30; 39106.0; 4078.0; 1250.0; 0.0; 3047.0; 49758.0; 3994.0; 0.0; 20116.0; 5424.0; 29534.0; 79292.0; 18439.0; 12119.0; 1733.0; 17001.0; 35440.0; 37584.0; 5570.0; 676.0; 0.0; 43852.0; 79292.0
2010-01-31; 39638.0; 4237.0; 1215.0; 0.0; 2816.0; 50139.0; 3958.0; 0.0; 17084.0; 5222.0; 26264.0; 76403.0; 14405.0; 15194.0; 2366.0; 20466.0; 34871.0; 35687.0; 5086.0; 739.0; 0.0; 41532.0; 76403.0
2009-10-31; 35365.0; 3159.0; 1089.0; 0.0; 2879.0; 44697.0; 3976.0; 0.0; 14494.0; 5513.0; 23983.0; 68680.0; 13162.0; 10273.0; 2345.0; 15492.0; 28654.0; 34803.0; 4354.0; 845.0; 0.0; 40026.0; 68680.0
2009-07-31; 35001.0; 3177.0; 1074.0; 2605.0; 0.0; 44177.0; 4043.0; 0.0; 14627.0; 5281.0; 23951.0; 68128.0; 13655.0; 10295.0; 2546.0; 15796.0; 29451.0; 34344.0; 3868.0; 435.0; 0.0; 38677.0; 68128.0
2009-04-30; 33551.0; 2392.0; 1023.0; 2320.0; 0.0; 41336.0; 4089.0; 0.0; 14225.0; 5016.0; 23330.0; 64666.0; 12861.0; 10317.0; 1542.0; 14549.0; 27410.0; 33974.0; 3292.0; -10.0; 0.0; 37256.0; 64666.0
2009-01-31; 29531.0; 2893.0; 1107.0; 2330.0; 0.0; 37995.0; 4141.0; 0.0; 14364.0; 4857.0; 23362.0; 61357.0; 13604.0; 6348.0; 1896.0; 10970.0; 24574.0; 34092.0; 2695.0; -4.0; 0.0; 36783.0; 61357.0
