Date; Cash On Hand; Receivables; Inventory; Pre-Paid Expenses; Other Current Assets; Total Current Assets; Property, Plant, And Equipment; Long-Term Investments; Goodwill And Intangible Assets; Other Long-Term Assets; Total Long-Term Assets; Total Assets; Total Current Liabilities; Long Term Debt; Other Non-Current Liabilities; Total Long Term Liabilities; Total Liabilities; Common Stock Net; Retained Earnings (Accumulated Deficit); Comprehensive Income; Other Share Holders Equity; Share Holder Equity; Total Liabilities And Share Holders Equity
2022-09-30; 2371.9; 564.1; 311.0; 151.5; 0.0; 3398.5; 1002.5; 0.0; 49.1; 33.7; 1500.7; 4899.2; 900.5; 1968.8; 123.3; 2174.2; 3074.7; 0.4; 388.1; -41.1; 0.0; 1824.5; 4899.2
2022-06-30; 2754.8; 560.8; 339.5; 153.6; 0.0; 3808.7; 942.9; 0.0; 53.6; 24.8; 1408.7; 5217.4; 807.0; 1967.3; 99.5; 2154.5; 2961.5; 0.4; 286.9; -23.0; 0.0; 2255.9; 5217.4
2022-03-31; 2688.2; 544.5; 342.2; 171.7; 0.0; 3746.6; 856.5; 0.0; 58.0; 22.8; 1310.4; 5057.0; 711.4; 1965.9; 97.1; 2156.3; 2867.7; 0.1; 236.0; -6.1; 0.0; 2189.3; 5057.0
2021-12-31; 2731.2; 514.3; 357.3; 81.6; 0.0; 3684.4; 801.8; 0.0; 58.0; 10.5; 1248.9; 4933.3; 720.8; 1981.8; 90.0; 2170.4; 2891.2; 0.4; 138.7; 0.5; 0.0; 2042.1; 4933.3
2021-09-30; 2697.9; 529.1; 351.3; 77.9; 0.0; 3656.2; 742.2; 0.0; 23.9; 46.0; 1119.7; 4775.9; 734.9; 1703.5; 98.5; 1904.9; 2639.8; 0.1; -28.0; 1.4; 0.0; 2136.1; 4775.9
2021-06-30; 2584.9; 483.5; 319.3; 86.5; 0.0; 3474.2; 676.0; 0.0; 19.1; 23.3; 1029.6; 4503.8; 600.7; 1710.7; 87.7; 1905.5; 2506.2; 0.1; -98.9; 2.8; 0.0; 1997.6; 4503.8
2021-03-31; 2632.6; 443.4; 289.7; 79.4; 0.0; 3445.1; 589.9; 0.0; 18.9; 20.4; 944.7; 4389.8; 604.1; 1688.8; 82.4; 1882.5; 2486.6; 0.1; -161.8; 2.9; 0.0; 1903.2; 4389.8
2020-12-31; 2707.7; 428.5; 234.7; 53.9; 0.0; 3424.8; 515.3; 0.0; 40.7; 0.0; 865.7; 4290.5; 614.1; 1667.2; 80.9; 1849.9; 2464.0; 0.1; -202.1; 3.2; 0.0; 1826.5; 4290.5
2020-09-30; 2603.8; 370.0; 200.7; 62.6; 0.0; 3237.1; 461.8; 0.0; 19.0; 21.0; 596.1; 3833.2; 506.4; 1645.8; 78.5; 1827.5; 2333.9; 0.1; -557.3; 2.8; 0.0; 1499.3; 3833.2
2020-06-30; 2508.8; 296.5; 165.3; 62.4; 0.0; 3033.0; 384.3; 0.0; 18.7; 14.2; 488.8; 3521.8; 400.1; 1658.8; 35.3; 1767.8; 2167.9; 0.1; -629.5; 3.5; 0.0; 1353.9; 3521.8
2020-03-31; 1510.5; 300.7; 141.9; 42.6; 0.0; 1995.7; 346.1; 0.0; 18.6; 13.7; 452.2; 2447.9; 342.8; 1072.4; 20.9; 1170.6; 1513.4; 0.1; -675.8; 3.7; 0.0; 934.5; 2447.9
2019-12-31; 1533.3; 286.3; 119.8; 30.0; 0.0; 1969.4; 321.3; 0.0; 18.6; 14.2; 425.6; 2395.0; 360.2; 1059.7; 20.1; 1152.2; 1512.4; 0.1; -695.7; 2.3; 0.0; 882.6; 2395.0
2019-09-30; 1429.9; 234.9; 120.4; 30.5; 0.0; 1815.7; 301.0; 0.0; 18.4; 16.0; 370.0; 2185.7; 322.4; 1047.1; 17.6; 1099.0; 1421.4; 0.1; -788.4; 1.0; 0.0; 764.3; 2185.7
2019-06-30; 1377.5; 217.3; 117.9; 31.5; 0.0; 1744.2; 253.2; 0.0; 18.7; 14.0; 321.7; 2065.9; 288.2; 1034.7; 17.5; 1089.4; 1377.6; 0.1; -834.2; 2.0; 0.0; 688.3; 2065.9
2019-03-31; 1358.0; 204.7; 101.1; 27.0; 0.0; 1690.8; 221.4; 0.0; 18.6; 15.5; 283.2; 1974.0; 235.4; 1022.4; 18.1; 1070.0; 1305.4; 0.1; -823.7; 1.6; 0.0; 668.6; 1974.0
2018-12-31; 1385.6; 226.7; 70.7; 16.5; 0.0; 1699.5; 183.1; 0.0; 18.7; 14.7; 216.5; 1916.0; 222.4; 1010.3; 20.0; 1030.3; 1252.7; 0.1; -798.9; 1.5; 0.0; 663.3; 1916.0
2018-09-30; 668.7; 169.8; 55.2; 20.4; 0.0; 914.1; 169.6; 0.0; 18.4; 12.2; 200.2; 1114.3; 193.9; 338.8; 19.4; 358.2; 552.1; 0.1; -619.2; -0.3; 0.0; 562.2; 1114.3
2018-06-30; 606.1; 162.0; 46.2; 21.7; 0.0; 836.0; 156.8; 0.0; 11.9; 2.8; 171.5; 1007.5; 170.8; 335.0; 19.6; 354.6; 525.4; 0.1; -665.8; -1.3; 0.0; 482.1; 1007.5
2018-03-31; 533.9; 123.9; 51.6; 19.9; 0.0; 729.3; 152.4; 0.0; 12.3; 2.8; 167.5; 896.8; 125.1; 331.3; 18.7; 350.0; 475.1; 0.1; -696.0; -4.9; 0.0; 421.7; 896.8
2017-12-31; 548.6; 134.3; 45.2; 16.6; 0.0; 744.7; 145.6; 0.0; 12.1; 1.7; 159.4; 904.1; 138.9; 327.6; 18.2; 345.8; 484.7; 0.1; -671.8; -2.6; 0.0; 419.4; 904.1
2017-09-30; 525.8; 110.5; 43.3; 13.3; 0.0; 692.9; 136.1; 0.0; 12.0; 1.9; 150.0; 842.9; 118.2; 324.0; 16.7; 340.7; 458.9; 0.1; -662.4; -2.2; 0.0; 384.0; 842.9
2017-06-30; 496.6; 101.7; 42.8; 15.7; 0.0; 656.8; 125.0; 0.0; 11.9; 1.9; 138.8; 795.6; 105.1; 320.5; 16.3; 336.8; 441.9; 0.1; -660.4; -1.6; 0.0; 353.7; 795.6
2017-03-31; 181.1; 85.9; 46.5; 17.0; 0.0; 330.5; 123.4; 0.0; 11.4; 1.9; 136.7; 467.2; 171.7; 0.0; 17.7; 17.7; 189.4; 0.1; -663.3; -1.3; 0.0; 277.8; 467.2
2016-12-31; 123.7; 101.7; 45.4; 9.2; 0.0; 280.0; 109.4; 0.0; 11.3; 2.1; 122.8; 402.8; 102.4; 0.0; 16.6; 16.6; 119.0; 0.1; -621.0; -1.0; 0.0; 283.8; 402.8
2016-09-30; 127.3; 76.8; 44.7; 9.8; 0.0; 258.6; 88.4; 0.0; 13.4; 1.5; 103.3; 361.9; 86.1; 0.0; 14.0; 14.0; 100.1; 0.1; -613.6; -0.7; 0.0; 261.8; 361.9
2016-06-30; 115.6; 73.8; 42.9; 8.7; 0.0; 241.0; 77.0; 0.0; 13.6; 1.2; 91.8; 332.8; 73.9; 0.0; 12.5; 12.5; 86.4; 0.1; -594.8; -0.7; 0.0; 246.4; 332.8
2016-03-31; 106.5; 67.3; 46.1; 7.5; 0.0; 227.4; 65.9; 0.0; 5.7; 0.4; 72.0; 299.4; 64.1; 0.0; 4.1; 4.1; 68.2; 0.1; -574.6; -0.3; 0.0; 231.2; 299.4
2015-12-31; 115.2; 74.1; 35.2; 6.8; 0.0; 231.3; 54.7; 0.0; 5.9; 0.1; 60.7; 292.0; 66.9; 0.0; 3.9; 3.9; 70.8; 0.1; -555.4; -0.3; 0.0; 221.2; 292.0
2015-09-30; 113.3; 55.8; 30.6; 4.0; 0.0; 203.7; 46.6; 0.0; 6.1; 0.3; 53.0; 256.7; 58.8; 0.4; 4.2; 4.6; 63.4; 0.1; -556.9; -0.3; 0.0; 193.3; 256.7
2015-06-30; 97.5; 45.5; 22.4; 5.0; 0.0; 170.4; 40.6; 0.0; 6.2; 1.2; 48.0; 218.4; 44.2; 1.1; 2.4; 3.5; 47.7; 0.1; -514.4; -0.3; 0.0; 170.7; 218.4
2015-03-31; 83.8; 40.2; 18.4; 3.8; 0.0; 146.2; 35.7; 0.0; 5.8; 1.6; 43.1; 189.3; 37.0; 1.7; 2.0; 3.7; 40.7; 0.1; -510.7; -0.3; 0.0; 148.6; 189.3
2014-12-31; 83.6; 42.4; 16.0; 3.9; 0.0; 145.9; 31.2; 0.0; 5.9; 1.6; 38.7; 184.6; 40.6; 2.3; 1.5; 3.8; 44.4; 0.1; -497.8; -0.1; 0.0; 140.2; 184.6
2014-09-30; 74.9; 31.4; 14.3; 2.8; 0.0; 123.4; 28.0; 0.0; 6.3; 1.7; 36.0; 159.4; 40.6; 2.9; 0.9; 3.8; 44.4; 0.1; -499.1; -0.1; 0.0; 115.0; 159.4
2014-06-30; 61.3; 28.6; 11.6; 4.0; 0.0; 105.5; 26.0; 0.0; 6.5; 1.7; 34.2; 139.7; 35.6; 3.5; 1.0; 4.5; 40.1; 0.1; -493.9; -0.2; 0.0; 99.6; 139.7
2014-03-31; 57.4; 23.8; 8.9; 3.5; 0.0; 93.6; 22.9; 0.0; 6.6; 1.8; 31.3; 124.9; 29.7; 4.1; 1.1; 5.2; 34.9; 0.1; -487.9; -0.1; 0.0; 90.0; 124.9
2013-12-31; 54.6; 26.1; 9.0; 3.4; 0.0; 93.1; 20.7; 0.0; 6.8; 1.9; 29.4; 122.5; 32.1; 4.6; 1.7; 6.3; 38.4; 0.1; -475.4; -0.1; 0.0; 84.1; 122.5
2013-09-30; 47.6; 21.6; 10.0; 2.5; 0.0; 81.7; 19.7; 0.0; 6.9; 1.8; 28.4; 110.1; 27.4; 5.2; 2.8; 8.0; 35.4; 0.1; -472.8; -0.1; 0.0; 74.7; 110.1
2013-06-30; 46.4; 17.7; 7.3; 2.8; 0.0; 74.2; 19.1; 0.0; 7.1; 1.9; 28.1; 102.3; 21.1; 5.8; 3.1; 8.9; 30.0; 0.1; -466.8; -0.1; 0.0; 72.3; 102.3
2013-03-31; 45.3; 16.3; 7.5; 2.2; 0.0; 71.3; 18.3; 0.0; 7.2; 2.0; 27.5; 98.8; 16.2; 6.3; 2.7; 9.0; 25.2; 0.1; -456.7; -0.1; 0.0; 73.6; 98.8
2012-12-31; 48.7; 19.5; 7.4; 2.0; 0.0; 77.6; 18.9; 0.0; 7.4; 2.1; 28.4; 106.0; 19.5; 6.8; 2.1; 9.5; 29.0; 0.1; -445.6; -0.1; 0.0; 77.0; 106.0
2012-09-30; 53.38; 12.36; 7.14; 2.69; 0.0; 75.57; 18.61; 0.0; 7.47; 1.14; 27.23; 102.8; 20.4; 0.0; 1.57; 2.14; 22.54; 0.07; -437.14; -0.09; 0.0; 80.25; 102.8
2012-06-30; 61.19; 12.9; 7.38; 2.53; 0.0; 83.99; 17.77; 0.0; 7.62; 1.14; 26.53; 110.52; 16.96; 0.0; 1.55; 2.25; 19.21; 0.07; -419.88; -0.09; 0.0; 91.31; 110.52
2012-03-31; 70.18; 12.54; 8.04; 2.05; 0.0; 92.82; 16.21; 0.0; 7.77; 1.16; 25.14; 117.96; 16.08; 0.0; 1.5; 2.33; 18.41; 0.07; -405.19; -0.1; 0.0; 99.55; 117.96
2011-12-31; 82.0; 12.5; 8.2; 1.8; 0.0; 104.5; 15.0; 0.0; 0.0; 1.0; 16.0; 120.5; 14.7; 0.0; 1.0; 1.3; 16.0; 0.1; -391.1; -0.1; 0.0; 104.5; 120.5
2011-09-30; 97.32; 9.0; 6.46; 2.46; 0.0; 115.23; 12.52; 0.0; 0.0; 1.04; 13.56; 128.79; 14.74; 0.0; 0.98; 0.98; 15.73; 0.07; -378.87; -0.09; 0.0; 113.06; 128.79
2011-06-30; 106.02; 8.69; 6.26; 3.01; 0.0; 123.98; 12.02; 0.0; 0.0; 0.37; 12.39; 136.37; 13.78; 0.0; 1.02; 1.02; 14.79; 0.07; -365.6; -0.1; 0.0; 121.58; 136.37
2011-03-31; 38.55; 7.16; 6.42; 2.3; 0.0; 54.43; 11.75; 0.0; 0.0; 0.38; 12.12; 66.56; 11.6; 0.0; 1.03; 1.6; 13.19; 0.06; -358.23; -0.08; 0.0; 53.36; 66.56
2010-12-31; 47.89; 6.67; 8.11; 2.69; 0.0; 65.36; 10.76; 0.0; 0.0; 1.04; 11.8; 77.16; 15.13; 0.0; 1.04; 1.04; 16.17; 0.06; -346.38; -0.07; 0.0; 60.99; 77.16
2010-09-30; 31.57; 5.1; 6.35; 1.46; 0.0; 44.49; 9.24; 0.0; 0.0; 0.38; 9.62; 54.1; 17.01; 0.88; 0.97; 1.85; 18.86; 0.06; -336.57; -0.04; 0.0; 35.24; 54.1
2010-06-30; 40.08; 4.66; 4.09; 1.61; 0.0; 50.44; 7.78; 0.0; 0.0; 2.35; 10.12; 60.56; 15.51; 3.28; 0.75; 4.03; 19.55; 0.06; -323.17; -0.01; 0.0; 41.02; 60.56
2010-03-31; 49.92; 3.8; 3.85; 1.44; 0.0; 59.01; 6.88; 0.0; 0.0; 2.42; 9.3; 68.31; 15.83; 4.97; 0.79; 5.76; 21.59; 0.06; -311.48; -0.04; 0.0; 46.73; 68.31
2009-12-31; 28.02; 3.49; 2.64; 2.77; 0.0; 36.92; 6.42; 0.0; 0.0; 3.61; 10.03; 46.95; 18.8; 45.76; 0.84; 46.6; 65.39; 0.05; -291.21; -0.01; 0.0; -18.45; 46.95
2009-09-30; 37.72; 2.49; 1.93; 1.24; 0.0; 43.38; 6.73; 0.0; 0.0; 3.85; 10.58; 53.96; 17.54; 44.68; 0.84; 45.52; 63.06; 0.05; -279.68; 0.04; 0.0; -9.1; 53.96
2009-06-30; 48.87; 2.07; 1.36; 1.82; 0.0; 54.12; 6.5; 0.0; 0.0; 4.48; 10.98; 65.1; 16.62; 1.95; 0.88; 46.5; 63.12; 0.05; -266.16; 0.06; 0.0; 1.98; 65.1
2009-03-31; 61.45; 1.34; 2.37; 1.34; 0.0; 66.51; 6.4; 0.0; 0.0; 5.04; 11.44; 77.95; 15.0; 42.71; 0.92; 47.8; 62.79; 0.05; -250.83; 0.01; 0.0; 15.15; 77.95
