Date; Cash On Hand; Receivables; Inventory; Pre-Paid Expenses; Other Current Assets; Total Current Assets; Property, Plant, And Equipment; Long-Term Investments; Goodwill And Intangible Assets; Other Long-Term Assets; Total Long-Term Assets; Total Assets; Total Current Liabilities; Long Term Debt; Other Non-Current Liabilities; Total Long Term Liabilities; Total Liabilities; Common Stock Net; Retained Earnings (Accumulated Deficit); Comprehensive Income; Other Share Holders Equity; Share Holder Equity; Total Liabilities And Share Holders Equity
2022-11-30; 644.1; 1834.0; 2121.3; 731.2; 0.0; 5330.6; 3358.0; 0.0; 21450.8; 1180.4; 25989.2; 31319.8; 9208.2; 8622.5; 930.1; 11739.5; 20947.7; 75.5; 18991.9; -2078.0; 0.0; 10372.1; 31319.8
2022-08-31; 594.4; 1730.4; 2089.9; 719.3; 0.0; 5134.0; 3358.6; 0.0; 21434.0; 1180.6; 25973.2; 31107.2; 8595.5; 8474.6; 949.1; 11686.1; 20281.6; 75.5; 19027.6; -1998.4; 0.0; 10825.6; 31107.2
2022-05-31; 569.4; 1692.1; 1867.3; 802.1; 158.9; 5089.8; 3393.8; 0.0; 21378.4; 1228.1; 26000.3; 31090.1; 8019.9; 9134.8; 929.1; 12282.2; 20302.1; 75.5; 18532.6; -1970.5; 0.0; 10788.0; 31090.1
2022-02-28; 844.4; 1750.4; 1710.0; 723.8; 0.0; 5028.6; 3287.9; 0.0; 21557.6; 1269.7; 26115.2; 31143.8; 6839.0; 10944.7; 1118.4; 14229.1; 21068.1; 75.5; 17713.1; -2122.7; 0.0; 10075.7; 31143.8
2021-11-30; 1021.0; 1766.1; 1797.3; 764.8; 1263.2; 6612.4; 3291.5; 0.0; 21337.1; 1240.6; 25869.2; 32481.6; 7813.2; 10973.6; 1743.2; 14863.7; 22676.9; 75.5; 17363.2; -2364.1; 0.0; 9804.7; 32481.6
2021-08-31; 710.6; 1691.7; 1935.2; 734.3; 1248.4; 6320.2; 3343.2; 0.0; 21380.9; 1287.9; 26012.0; 32332.2; 8135.4; 10326.9; 1808.1; 14211.0; 22346.4; 75.5; 17384.5; -2397.7; 0.0; 9985.8; 32332.2
2021-05-31; 1505.2; 1638.5; 1820.5; 790.3; 0.0; 5754.5; 3606.8; 0.0; 21213.0; 1267.6; 26087.4; 31841.9; 8265.8; 9786.9; 1897.6; 13802.9; 22068.7; 75.5; 17069.8; -2429.2; 0.0; 9773.2; 31841.9
2021-02-28; 2754.2; 1776.2; 1758.8; 323.2; 0.0; 6612.4; 3505.5; 0.0; 21182.9; 1348.0; 26036.4; 32648.8; 9589.7; 9766.6; 2098.4; 13871.2; 23460.9; 75.5; 16655.0; -2842.7; 0.0; 9187.9; 32648.8
2020-11-30; 2582.8; 1784.3; 1712.5; 328.6; 0.0; 6408.2; 3529.8; 0.0; 21167.9; 1201.7; 25899.4; 32307.6; 8464.2; 10952.5; 2098.9; 14990.8; 23455.0; 75.5; 16374.2; -2867.6; 0.0; 8852.6; 32307.6
2020-08-31; 1796.7; 1633.0; 1605.1; 320.0; 0.0; 5354.8; 3557.0; 0.0; 21160.5; 1189.9; 25907.4; 31262.2; 7612.7; 10832.9; 2134.2; 14891.6; 22504.3; 75.5; 16312.5; -2908.7; 0.0; 8757.9; 31262.2
2020-05-31; 1677.8; 1615.1; 1426.3; 402.1; 0.0; 5121.3; 3580.6; 0.0; 21019.0; 1085.8; 25685.4; 30806.7; 7491.5; 10929.0; 2089.6; 14965.7; 22457.2; 75.5; 15982.1; -2914.4; 0.0; 8349.5; 30806.7
2020-02-29; 606.9; 1731.1; 1542.1; 428.4; 0.0; 4308.5; 3535.0; 0.0; 21059.2; 1346.0; 25940.2; 30248.7; 6696.6; 11589.6; 2075.2; 15692.0; 22388.6; 75.5; 15360.0; -2584.5; 0.0; 7860.1; 30248.7
2019-11-30; 560.2; 1772.7; 1719.5; 426.5; 0.0; 4478.9; 3588.5; 0.0; 21106.9; 1278.1; 25973.5; 30452.4; 7362.3; 10953.1; 2100.5; 15069.5; 22431.8; 75.5; 15501.8; -2589.8; 0.0; 8020.6; 30452.4
2019-08-31; 504.8; 1710.5; 1700.1; 346.0; 0.0; 4261.4; 3668.3; 0.0; 21135.0; 1248.5; 26051.8; 30313.2; 6903.4; 11619.8; 2102.7; 15714.2; 22617.6; 75.5; 15218.8; -2600.6; 0.0; 7695.6; 30313.2
2019-05-31; 450.0; 1679.7; 1559.3; 497.5; 0.0; 4186.5; 3787.2; 0.0; 21162.6; 974.9; 25924.7; 30111.2; 7087.1; 11624.8; 2000.6; 15656.4; 22743.5; 75.5; 14996.7; -2625.4; 0.0; 7367.7; 30111.2
2019-02-28; 547.1; 1704.1; 1544.5; 374.1; 0.0; 4169.8; 3822.9; 0.0; 21221.5; 1071.6; 26116.0; 30285.8; 7516.6; 11642.6; 1830.3; 15519.8; 23036.4; 75.5; 14724.5; -2360.3; 0.0; 7249.4; 30285.8
2018-11-30; 532.7; 1716.8; 1639.2; 345.1; 0.0; 4233.8; 3897.4; 0.0; 21221.0; 1031.8; 26150.2; 30384.0; 7298.1; 12208.6; 1861.0; 16106.5; 23404.6; 75.5; 14572.2; -2419.2; 0.0; 6979.4; 30384.0
2018-08-31; 432.9; 1709.1; 1685.5; 358.0; 0.0; 4185.5; 3955.1; 0.0; 21451.2; 963.0; 26369.3; 30554.8; 7187.8; 12665.1; 2097.4; 16791.2; 23979.0; 75.5; 14523.8; -2499.2; 0.0; 6575.8; 30554.8
2018-05-31; 399.0; 1684.2; 1642.2; 398.3; 0.0; 4123.7; 4047.2; 0.0; 21510.1; 943.0; 26500.3; 30624.0; 7341.9; 12668.7; 2117.2; 16789.7; 24131.6; 75.5; 14459.6; -2429.0; 0.0; 6492.4; 30624.0
2018-02-28; 953.1; 1496.5; 1452.5; 375.0; 0.0; 4277.1; 3626.2; 0.0; 13471.4; 865.9; 17963.5; 22240.6; 6209.6; 7163.6; 2298.8; 10696.3; 16905.9; 75.5; 14398.4; -2552.5; 0.0; 5334.7; 22240.6
2017-11-30; 962.1; 1510.5; 1516.5; 345.0; 0.0; 4334.1; 3631.4; 0.0; 13410.1; 815.9; 17857.4; 22191.5; 5349.5; 8228.3; 2233.1; 12252.3; 17601.8; 75.5; 13408.9; -2244.4; 0.0; 4589.7; 22191.5
2017-08-31; 820.8; 1546.5; 1595.2; 376.0; 0.0; 4338.5; 3648.1; 0.0; 13425.6; 797.4; 17871.1; 22209.6; 5889.9; 7822.7; 2453.1; 12036.8; 17926.7; 75.5; 13259.3; -2232.0; 0.0; 4282.9; 22209.6
2017-05-31; 766.1; 1430.1; 1483.6; 381.6; 0.0; 4061.4; 3687.7; 0.0; 13277.6; 785.9; 17751.2; 21812.6; 5330.8; 7642.9; 2434.0; 11796.3; 17127.1; 75.5; 13138.9; -2244.5; 0.0; 4685.5; 21812.6
2017-02-28; 899.1; 1427.5; 1461.0; 340.4; 0.0; 4128.0; 3575.2; 0.0; 13205.5; 761.6; 17542.3; 21670.3; 5743.5; 7176.4; 2799.2; 11523.3; 17266.8; 75.5; 13008.8; -2350.4; 0.0; 4403.5; 21670.3
2016-11-30; 809.7; 1382.7; 1525.5; 393.6; 0.0; 4111.5; 3571.3; 0.0; 13166.5; 752.8; 17490.6; 21602.1; 6244.4; 6542.0; 2783.5; 10831.9; 17076.3; 75.5; 12931.8; -2476.9; 0.0; 4525.8; 21602.1
2016-08-31; 765.7; 1446.1; 1547.5; 433.7; 0.0; 4193.0; 3655.3; 0.0; 13310.4; 754.4; 17720.1; 21913.1; 5215.1; 7078.0; 2888.7; 11409.4; 16624.5; 75.5; 12734.6; -2484.7; 0.0; 5288.6; 21913.1
2016-05-31; 763.7; 1360.8; 1413.7; 399.0; 0.0; 3937.2; 3743.6; 0.0; 13279.8; 751.7; 17775.1; 21712.3; 5014.7; 7057.7; 2933.2; 11390.5; 16405.2; 75.5; 12616.5; -2612.2; 0.0; 5307.1; 21712.3
2016-02-29; 782.7; 1390.9; 1350.2; 401.3; 0.0; 4011.3; 3604.5; 0.0; 13202.2; 813.6; 17620.3; 21631.6; 5253.7; 7024.4; 2514.2; 11114.2; 16367.9; 75.5; 12514.0; -2414.9; 0.0; 5263.7; 21631.6
2015-11-30; 649.8; 1461.3; 1455.0; 382.9; 0.0; 4047.6; 3588.4; 0.0; 13073.1; 879.6; 17541.1; 21588.7; 4969.4; 7416.6; 2529.2; 11454.1; 16423.5; 75.5; 12416.0; -2407.0; 0.0; 5165.2; 21588.7
2015-08-31; 450.6; 1531.5; 1795.8; 439.6; 0.0; 4305.1; 3679.2; 0.0; 13512.7; 825.9; 18017.8; 22322.9; 5299.9; 7609.7; 2500.6; 11671.0; 16970.9; 75.5; 12150.9; -2420.2; 0.0; 5352.0; 22322.9
2015-05-31; 334.2; 1386.7; 1540.9; 423.8; 0.0; 3685.6; 3783.3; 0.0; 13551.9; 811.2; 18146.4; 21832.0; 4890.1; 7575.3; 2523.7; 11549.2; 16439.3; 75.5; 11990.8; -2310.7; 0.0; 5392.7; 21832.0
2015-02-28; 784.2; 1585.3; 1585.1; 389.1; 0.0; 4464.4; 3725.4; 0.0; 13928.4; 1264.9; 18918.7; 23383.1; 6702.5; 6642.6; 2396.2; 10831.5; 17534.0; 75.5; 12070.4; -1837.8; 0.0; 5849.1; 23383.1
2014-11-30; 894.5; 1705.8; 1893.4; 394.2; 0.0; 4986.4; 3824.2; 0.0; 14206.6; 1186.5; 19217.3; 24203.7; 6093.7; 7713.1; 2525.2; 11999.8; 18093.5; 75.5; 11975.3; -1559.6; 0.0; 6110.2; 24203.7
2014-08-31; 841.2; 1623.3; 1823.3; 341.1; 0.0; 4695.5; 3907.0; 0.0; 13576.0; 1194.3; 18677.3; 23372.8; 5793.1; 6669.1; 2559.2; 10896.9; 16690.0; 75.5; 11878.0; -1374.9; 0.0; 6682.8; 23372.8
2014-05-31; 867.3; 1483.6; 1559.4; 409.1; 0.0; 4393.5; 3941.9; 0.0; 13664.8; 1145.5; 18752.2; 23145.7; 5423.5; 6423.5; 2627.3; 10716.8; 16140.3; 75.5; 11787.2; -1340.3; 0.0; 7005.4; 23145.7
2014-02-28; 847.1; 1648.1; 1559.6; 399.2; 0.0; 4557.6; 3797.0; 0.0; 13660.6; 909.8; 18367.4; 22925.0; 4683.6; 7179.6; 2809.3; 11463.3; 16146.9; 75.5; 11636.5; -1640.6; 0.0; 6778.1; 22925.0
2013-11-30; 774.2; 1725.5; 1752.3; 413.0; 0.0; 4775.8; 3809.0; 0.0; 13666.9; 900.4; 18376.3; 23152.1; 4990.1; 6740.6; 2884.6; 11075.5; 16065.6; 75.5; 11465.5; -1606.7; 0.0; 7086.5; 23152.1
2013-08-31; 758.9; 1637.5; 1773.6; 408.9; 0.0; 4693.2; 3789.4; 0.0; 13619.1; 842.9; 18251.4; 22944.6; 5462.9; 5913.5; 2864.8; 10187.9; 15650.8; 75.5; 11157.9; -1670.4; 0.0; 7293.8; 22944.6
2013-05-31; 741.4; 1446.4; 1545.5; 437.6; 0.0; 4298.9; 3878.1; 0.0; 13637.3; 843.7; 18359.1; 22658.0; 5293.9; 5926.1; 2920.4; 10235.6; 15529.5; 75.5; 10702.6; -1585.3; 0.0; 7128.5; 22658.0
2013-02-28; 751.2; 1591.5; 1606.4; 329.1; 0.0; 4365.8; 3806.8; 0.0; 13726.1; 894.7; 18427.6; 22793.4; 4282.6; 6631.9; 3197.1; 11031.4; 15314.0; 75.5; 10795.8; -1544.0; 0.0; 7479.4; 22793.4
2012-11-30; 734.9; 1673.8; 1770.2; 334.7; 0.0; 4565.5; 3814.0; 0.0; 13630.1; 943.3; 18387.4; 22952.9; 5736.4; 5571.9; 3055.9; 9776.5; 15512.9; 75.5; 10614.5; -1603.3; 0.0; 7440.0; 22952.9
2012-08-31; 1508.4; 1473.5; 1808.5; 363.8; 0.0; 5217.4; 3603.5; 0.0; 12931.4; 883.0; 17417.9; 22635.3; 5975.5; 5462.0; 2977.1; 9566.6; 15542.1; 75.5; 10289.6; -1662.5; 0.0; 7093.2; 22635.3
2012-05-31; 471.2; 1323.6; 1478.8; 358.1; 0.0; 3691.4; 3652.7; 0.0; 12887.4; 865.3; 17405.4; 21096.8; 3843.2; 6161.9; 3037.6; 10370.9; 14214.1; 75.5; 9958.5; -1743.7; 0.0; 6882.7; 21096.8
2012-02-29; 485.3; 1437.1; 1528.0; 358.1; 0.0; 3836.3; 3549.9; 0.0; 12933.4; 1119.4; 17602.7; 21439.0; 3849.0; 6194.8; 2623.2; 10185.6; 14034.6; 75.5; 9833.7; -1111.9; 0.0; 7404.4; 21439.0
2011-11-30; 509.1; 1510.4; 1628.7; 353.2; 0.0; 4021.6; 3507.4; 0.0; 12911.4; 1026.4; 17445.2; 21466.8; 5142.0; 5247.6; 2650.0; 9271.7; 14413.7; 75.5; 9642.2; -1204.6; 0.0; 7053.1; 21466.8
2011-08-31; 338.2; 1504.0; 1788.1; 452.7; 0.0; 4096.4; 3565.2; 0.0; 13237.2; 994.4; 17796.8; 21893.2; 4884.0; 5901.1; 2682.0; 10000.2; 14884.2; 75.5; 9396.6; -1014.7; 0.0; 7009.0; 21893.2
2011-05-31; 619.6; 1162.3; 1609.3; 483.5; 0.0; 3902.0; 3345.9; 0.0; 10564.1; 862.5; 14772.5; 18674.5; 3659.2; 5542.5; 1733.2; 8403.1; 12062.3; 75.5; 9191.3; -1010.8; 0.0; 6612.2; 18674.5
2011-02-28; 540.3; 1185.9; 1668.1; 417.7; 0.0; 3842.9; 3180.4; 0.0; 10505.7; 752.5; 14438.6; 18281.5; 4511.3; 4843.1; 1826.3; 7658.0; 12169.3; 75.5; 9053.0; -1162.2; 0.0; 6112.2; 18281.5
2010-11-30; 566.3; 1299.1; 1706.0; 416.7; 0.0; 4016.6; 3146.1; 0.0; 10375.2; 840.6; 14361.9; 18378.5; 3733.6; 5864.1; 1930.8; 8760.1; 12493.7; 75.5; 8842.1; -1273.4; 0.0; 5884.8; 18378.5
2010-08-31; 697.0; 1173.1; 1665.2; 382.9; 0.0; 3953.8; 3111.7; 0.0; 10341.2; 803.8; 14256.7; 18210.5; 4091.5; 5771.6; 2090.9; 8747.6; 12839.1; 75.5; 8410.4; -1390.9; 0.0; 5371.4; 18210.5
2010-05-31; 673.2; 1041.6; 1344.0; 378.5; 0.0; 3480.0; 3127.7; 0.0; 10307.8; 763.4; 14198.9; 17678.9; 3769.1; 5268.5; 2118.7; 8261.8; 12030.9; 75.5; 8122.4; -1486.9; 0.0; 5648.0; 17678.9
2010-02-28; 691.3; 1180.2; 1474.6; 322.9; 0.0; 3677.1; 3004.4; 0.0; 10386.6; 1148.1; 14539.1; 18216.2; 2986.4; 5671.6; 1939.7; 8752.7; 11739.1; 37.7; 8075.9; -859.7; 0.0; 6477.1; 18216.2
2009-11-30; 858.4; 1211.6; 1628.7; 429.1; 0.0; 4127.8; 2987.5; 0.0; 10464.3; 981.7; 14433.5; 18561.3; 3459.5; 5648.0; 1956.8; 8768.1; 12227.6; 37.7; 7908.8; -722.8; 0.0; 6333.7; 18561.3
2009-08-31; 711.6; 1139.0; 1645.7; 375.8; 0.0; 3873.5; 2992.1; 0.0; 10418.8; 905.7; 14316.6; 18190.1; 3712.3; 5753.9; 1928.3; 8839.2; 12551.5; 37.7; 7500.0; -837.7; 0.0; 5638.6; 18190.1
2009-05-31; 749.8; 953.4; 1346.8; 469.3; 0.0; 3534.9; 3034.9; 0.0; 10410.0; 895.0; 14339.9; 17874.8; 3606.0; 5754.8; 1932.2; 8852.3; 12458.3; 75.5; 7235.6; -877.8; 0.0; 5416.5; 17874.8
2009-02-28; 937.3; 1136.0; 1360.6; 419.9; 0.0; 3888.9; 2973.6; 0.0; 10287.9; 1928.3; 15189.8; 19078.7; 4028.1; 5755.4; 2095.4; 9513.5; 13541.6; 37.7; 7018.5; -312.9; 0.0; 5537.1; 19078.7
