Date; Cash On Hand; Receivables; Inventory; Pre-Paid Expenses; Other Current Assets; Total Current Assets; Property, Plant, And Equipment; Long-Term Investments; Goodwill And Intangible Assets; Other Long-Term Assets; Total Long-Term Assets; Total Assets; Total Current Liabilities; Long Term Debt; Other Non-Current Liabilities; Total Long Term Liabilities; Total Liabilities; Common Stock Net; Retained Earnings (Accumulated Deficit); Comprehensive Income; Other Share Holders Equity; Share Holder Equity; Total Liabilities And Share Holders Equity
2022-09-30; 629.2; 2215.03; 4300.71; 1678.26; 0.0; 8823.2; 1241.57; 0.0; 4209.19; 1029.27; 7553.88; 16377.08; 7495.12; 3231.67; 500.99; 5203.77; 12698.89; 140.96; 4465.56; -1074.32; 0.0; 3678.19; 16377.08
2022-06-30; 519.13; 2235.45; 4296.19; 1475.49; 0.0; 8526.27; 1236.86; 0.0; 4391.46; 1015.98; 7711.92; 16238.19; 7293.86; 3304.22; 514.79; 5290.76; 12584.62; 141.28; 4329.11; -953.23; 0.0; 3653.56; 16238.19
2022-03-31; 610.78; 2137.81; 4211.5; 1467.36; 0.0; 8427.43; 1239.05; 0.0; 4469.67; 1011.35; 7845.88; 16273.31; 7249.53; 3387.85; 516.47; 5415.9; 12665.43; 141.63; 4132.93; -804.88; 0.0; 3607.88; 16273.31
2021-12-31; 714.7; 1797.95; 3889.92; 1353.85; 0.0; 7756.42; 1234.4; 0.0; 3321.71; 985.88; 6595.68; 14352.1; 6581.58; 2409.36; 522.78; 4267.23; 10848.81; 142.18; 4086.32; -857.74; 0.0; 3503.29; 14352.1
2021-09-30; 919.1; 1888.25; 3748.42; 1226.42; 0.0; 7782.18; 1107.37; 0.0; 3300.71; 700.22; 6192.75; 13974.94; 6537.32; 2432.54; 549.57; 4241.06; 10778.38; 142.5; 3995.54; -1073.09; 0.0; 3196.56; 13974.94
2021-06-30; 987.39; 1899.98; 3679.11; 1155.11; 0.0; 7721.59; 1175.95; 0.0; 3384.43; 692.56; 6364.39; 14085.98; 6521.19; 2472.98; 562.95; 4319.64; 10840.84; 143.3; 3982.16; -1003.55; 0.0; 3245.14; 14085.98
2021-03-31; 1117.99; 1809.64; 3600.66; 1149.88; 0.0; 7678.16; 1165.24; 0.0; 3340.78; 663.33; 6265.38; 13943.54; 6336.35; 2458.02; 562.97; 4271.08; 10607.43; 144.46; 4086.0; -1023.76; 0.0; 3336.11; 13943.54
2020-12-31; 990.17; 1556.97; 3506.27; 1060.36; 0.0; 7113.76; 1162.04; 0.0; 3415.73; 644.14; 6326.45; 13440.21; 5894.08; 2516.61; 543.62; 4328.13; 10222.21; 144.35; 3979.78; -1036.5; 0.0; 3218.0; 13440.21
2020-09-30; 900.12; 1952.22; 3419.38; 1103.55; 0.0; 7375.28; 1141.42; 0.0; 3279.39; 587.32; 6100.18; 13475.46; 5976.7; 2700.62; 520.68; 4463.99; 10440.69; 144.29; 3923.11; -1166.57; 0.0; 3034.77; 13475.46
2020-06-30; 983.76; 1823.36; 3351.75; 1132.46; 0.0; 7291.33; 1133.99; 0.0; 3194.51; 570.83; 5972.63; 13263.96; 5968.73; 2727.93; 480.42; 4424.34; 10393.07; 144.26; 3809.56; -1212.37; 0.0; 2870.89; 13263.96
2020-03-31; 354.47; 2705.19; 3698.93; 1234.46; 0.0; 7993.05; 1180.2; 0.0; 3675.6; 491.39; 6458.31; 14451.36; 6581.22; 2726.39; 456.1; 4447.1; 11028.32; 144.25; 4487.9; -1333.33; 0.0; 3423.03; 14451.36
2019-12-31; 276.99; 2440.25; 3443.88; 1063.24; 0.0; 7938.62; 1173.69; 0.0; 3785.62; 457.35; 6707.01; 14645.63; 6394.12; 2802.06; 445.65; 4556.01; 10950.13; 145.38; 4571.86; -1141.31; 0.0; 3695.5; 14645.63
2019-09-30; 451.27; 2739.97; 3718.31; 1149.12; 0.0; 8058.67; 1118.91; 0.0; 3801.72; 455.12; 6454.52; 14513.19; 6372.81; 2795.88; 444.34; 4475.64; 10848.45; 145.29; 4674.92; -1268.58; 0.0; 3664.74; 14513.19
2019-06-30; 562.55; 2836.88; 3750.78; 1034.47; 0.0; 8184.67; 1089.76; 0.0; 3847.17; 528.2; 6454.8; 14639.47; 6498.23; 2871.11; 437.17; 4453.27; 10951.5; 146.08; 4630.48; -1195.18; 0.0; 3687.97; 14639.47
2019-03-31; 356.93; 2741.92; 3684.58; 1102.97; 0.0; 7886.39; 1044.79; 0.0; 3641.99; 522.62; 6184.14; 14070.53; 6545.33; 2389.24; 429.85; 3952.36; 10497.7; 146.06; 4517.43; -1189.99; 0.0; 3572.83; 14070.53
2018-12-31; 333.55; 2493.64; 3609.39; 1139.12; 0.0; 7575.69; 1027.23; 0.0; 3540.42; 510.19; 5107.35; 12683.04; 5900.73; 2432.13; 446.11; 3310.32; 9211.05; 145.94; 4341.21; -1115.08; 0.0; 3471.99; 12683.04
2018-09-30; 359.11; 2655.89; 3536.5; 999.0; 0.0; 7550.49; 937.74; 0.0; 3518.47; 627.52; 5106.62; 12657.12; 5661.19; 2463.45; 480.37; 3332.85; 8994.04; 146.76; 4349.01; -962.28; 0.0; 3663.08; 12657.12
2018-06-30; 355.14; 2669.65; 3484.95; 1013.63; 0.0; 7523.37; 918.58; 0.0; 3498.97; 600.12; 5043.15; 12566.52; 5656.89; 2490.55; 482.05; 3347.3; 9004.19; 146.75; 4236.36; -943.35; 0.0; 3562.33; 12566.52
2018-03-31; 325.97; 2641.15; 3772.92; 841.57; 0.0; 7581.61; 931.29; 0.0; 3618.43; 588.24; 5177.78; 12759.39; 5757.47; 2564.11; 491.79; 3440.54; 9198.01; 146.74; 4114.47; -819.26; 0.0; 3561.38; 12759.39
2017-12-31; 314.9; 2421.56; 3771.09; 805.34; 0.0; 7312.89; 936.7; 0.0; 3554.38; 568.25; 5099.49; 12412.38; 5474.02; 2550.02; 501.0; 3474.2; 8948.23; 146.65; 4049.97; -852.59; 0.0; 3464.16; 12412.38
2017-09-30; 210.08; 2155.95; 3354.18; 596.4; 0.0; 6316.61; 760.21; 0.0; 1713.57; 581.05; 3177.63; 9494.23; 4802.67; 550.0; 441.09; 1301.44; 6104.11; 146.61; 4042.4; -876.93; 0.0; 3390.13; 9494.23
2017-06-30; 203.15; 2169.97; 3330.19; 598.11; 0.0; 6301.42; 740.78; 0.0; 1677.75; 565.9; 3110.73; 9412.14; 4801.17; 550.0; 438.98; 1309.63; 6110.8; 146.83; 4001.07; -921.39; 0.0; 3301.34; 9412.14
2017-03-31; 177.92; 2084.87; 3287.04; 644.23; 0.0; 6194.06; 737.21; 0.0; 1608.47; 497.55; 2972.76; 9166.83; 4579.83; 550.0; 467.73; 1354.65; 5934.48; 147.39; 3964.18; -950.27; 0.0; 3232.34; 9166.83
2016-12-31; 242.88; 1938.56; 3210.32; 556.67; 0.0; 5948.43; 728.12; 0.0; 1574.66; 475.53; 2910.97; 8859.4; 4244.15; 550.0; 468.06; 1407.89; 5652.04; 148.41; 4001.73; -1013.02; 0.0; 3207.36; 8859.4
2016-09-30; 225.18; 2032.55; 3146.16; 504.6; 0.0; 5908.48; 688.85; 0.0; 1550.43; 491.93; 2840.89; 8749.37; 4401.53; 300.0; 458.94; 1012.55; 5414.08; 148.74; 3983.98; -865.51; 0.0; 3335.29; 8749.37
2016-06-30; 233.63; 2031.09; 3062.67; 538.75; 0.0; 5866.14; 685.38; 0.0; 1478.3; 491.97; 2767.97; 8634.11; 4406.17; 250.0; 458.95; 977.71; 5383.88; 148.91; 3920.78; -882.16; 0.0; 3250.23; 8634.11
2016-03-31; 205.13; 1981.65; 3074.64; 508.84; 0.0; 5770.27; 648.2; 0.0; 1412.98; 504.15; 2680.26; 8450.53; 4211.93; 250.0; 462.5; 994.89; 5206.81; 149.62; 3899.58; -862.52; 0.0; 3243.71; 8450.53
2015-12-31; 211.63; 1822.42; 2999.97; 521.3; 0.0; 5555.32; 648.22; 0.0; 1361.8; 460.92; 2589.45; 8144.77; 3940.65; 250.0; 459.96; 1044.88; 4985.53; 150.08; 3885.75; -930.62; 0.0; 3159.24; 8144.77
2015-09-30; 199.29; 1963.16; 2967.72; 493.31; 0.0; 5623.48; 628.46; 0.0; 1328.43; 486.14; 2579.65; 8203.13; 3764.07; 500.0; 456.91; 1268.04; 5032.1; 150.76; 3883.4; -914.59; 0.0; 3171.02; 8203.13
2015-06-30; 223.84; 2008.44; 3025.16; 506.07; 0.0; 5763.52; 640.53; 0.0; 1382.77; 486.88; 2650.11; 8413.63; 3867.62; 500.0; 460.3; 1290.51; 5158.14; 151.71; 3867.3; -809.5; 0.0; 3255.5; 8413.63
2015-03-31; 166.5; 1978.23; 3007.3; 482.68; 0.0; 5634.7; 646.12; 0.0; 1346.34; 467.09; 2603.66; 8238.35; 3759.36; 500.0; 444.81; 1287.95; 5047.31; 152.32; 3825.72; -827.68; 0.0; 3191.04; 8238.35
2014-12-31; 137.73; 1872.37; 3043.85; 538.58; 0.0; 5592.52; 670.1; 0.0; 1386.59; 451.69; 2653.71; 8246.24; 3584.11; 500.0; 447.75; 1349.76; 4933.87; 153.11; 3841.93; -720.21; 0.0; 3312.36; 8246.24
2014-09-30; 135.54; 1976.06; 3014.1; 459.68; 0.0; 5585.38; 662.25; 0.0; 1444.36; 558.93; 2756.08; 8341.46; 3635.78; 500.0; 482.43; 1197.53; 4833.31; 152.86; 3764.81; -446.85; 0.0; 3508.15; 8341.46
2014-06-30; 152.86; 1909.27; 2987.14; 463.09; 0.0; 5512.36; 661.3; 0.0; 1432.86; 555.83; 2739.19; 8251.55; 3506.85; 500.0; 484.0; 1207.2; 4714.05; 153.31; 3703.46; -351.42; 0.0; 3537.49; 8251.55
2014-03-31; 103.47; 1828.31; 2974.31; 440.34; 0.0; 5346.43; 664.69; 0.0; 1409.81; 468.9; 2635.94; 7982.37; 3422.74; 500.0; 423.06; 1148.43; 4571.16; 153.6; 3624.64; -393.76; 0.0; 3411.21; 7982.37
2013-12-31; 196.89; 1664.82; 2946.02; 413.76; 0.0; 5221.49; 670.06; 0.0; 1289.36; 401.83; 2458.81; 7680.3; 3183.04; 500.0; 415.0; 1138.48; 4321.53; 153.77; 3578.02; -397.65; 0.0; 3358.77; 7680.3
2013-09-30; 320.87; 1759.52; 2832.11; 382.98; 0.0; 5295.48; 648.5; 0.0; 1280.18; 462.17; 2648.43; 7943.9; 3454.09; 250.0; 514.72; 1336.63; 4790.73; 154.36; 3570.36; -581.65; 0.0; 3153.18; 7943.9
2013-06-30; 196.77; 1759.18; 2799.15; 352.64; 0.0; 5107.74; 642.96; 0.0; 1270.45; 459.32; 2552.57; 7660.31; 3322.95; 250.0; 506.65; 1251.23; 4574.17; 154.86; 3521.74; -600.22; 0.0; 3086.14; 7660.31
2013-03-31; 841.89; 1624.95; 2560.08; 324.68; 0.0; 5351.6; 581.28; 0.0; 492.76; 639.34; 1986.86; 7338.46; 3023.31; 250.0; 485.16; 1240.7; 4264.02; 154.97; 3407.32; -497.93; 0.0; 3074.44; 7338.46
2012-12-31; 403.1; 1490.03; 2602.56; 324.45; 0.0; 4820.13; 566.37; 0.0; 497.84; 643.26; 1986.93; 6807.06; 2487.64; 250.0; 488.26; 1311.24; 3798.88; 154.84; 3344.54; -501.49; 0.0; 3008.18; 6807.06
2012-09-30; 398.12; 1606.3; 2351.32; 308.84; 0.0; 4664.57; 560.9; 0.0; 504.19; 483.37; 1781.31; 6445.88; 2101.62; 500.0; 301.99; 1278.1; 3379.71; 155.13; 3321.52; -420.85; 0.0; 3066.17; 6445.88
2012-06-30; 171.58; 1605.7; 2333.59; 312.51; 0.0; 4423.38; 567.01; 0.0; 498.29; 455.99; 1761.55; 6184.93; 1978.26; 500.0; 289.53; 1274.85; 3253.11; 155.1; 3225.15; -458.44; 0.0; 2931.82; 6184.93
2012-03-31; 424.42; 1605.47; 2264.4; 307.25; 0.0; 4601.55; 500.85; 0.0; 292.89; 453.95; 1494.28; 6095.83; 1931.37; 500.0; 282.53; 1270.47; 3201.84; 155.91; 3182.12; -453.52; 0.0; 2893.99; 6095.83
2011-12-31; 525.05; 1461.01; 2440.11; 328.53; 0.0; 4754.71; 500.2; 0.0; 279.77; 406.48; 1448.06; 6202.77; 2012.55; 500.0; 442.91; 1436.63; 3449.18; 155.65; 3070.39; -482.04; 0.0; 2753.59; 6202.77
2011-09-30; 534.8; 1531.05; 2250.31; 330.16; 0.0; 4646.31; 479.55; 0.0; 277.92; 227.62; 1138.4; 5784.72; 2240.66; 250.0; 189.79; 652.67; 2893.33; 155.65; 3051.47; -325.39; 0.0; 2891.39; 5784.72
2011-06-30; 516.73; 1565.89; 2251.59; 299.08; 0.0; 4633.29; 486.28; 0.0; 227.94; 218.45; 1083.71; 5717.0; 2107.41; 250.0; 184.36; 678.29; 2785.7; 156.77; 3023.74; -258.48; 0.0; 2931.3; 5717.0
2011-03-31; 465.88; 1490.74; 2236.76; 301.85; 0.0; 4495.23; 479.82; 0.0; 229.28; 209.66; 1074.29; 5569.52; 2003.64; 250.0; 184.58; 687.02; 2690.65; 157.54; 2982.75; -270.03; 0.0; 2878.87; 5569.52
2010-12-31; 529.97; 1364.41; 2224.72; 295.8; 0.0; 4414.89; 484.13; 0.0; 209.55; 199.09; 1050.16; 5465.04; 1971.81; 250.0; 181.71; 690.52; 2662.33; 157.64; 2934.53; -298.35; 0.0; 2802.71; 5465.04
2010-09-30; 531.73; 1394.87; 2182.41; 282.29; 0.0; 4391.3; 478.44; 0.0; 207.24; 184.55; 1022.47; 5413.77; 1720.88; 500.0; 175.78; 915.1; 2635.99; 157.53; 2880.16; -268.5; 0.0; 2777.78; 5413.77
2010-06-30; 411.87; 1353.92; 2164.55; 280.16; 0.0; 4210.5; 469.15; 0.0; 201.33; 173.73; 1008.86; 5219.36; 1575.37; 500.0; 173.96; 970.78; 2546.15; 157.61; 2815.43; -308.54; 0.0; 2673.21; 5219.36
2010-03-31; 333.54; 1323.98; 2211.46; 277.26; 0.0; 4146.23; 477.27; 0.0; 204.91; 172.72; 1022.53; 5168.76; 1514.13; 500.0; 169.5; 969.07; 2483.2; 158.79; 2802.37; -283.58; 0.0; 2685.57; 5168.76
2009-12-31; 336.8; 1187.08; 2214.08; 294.87; 0.0; 4032.83; 485.02; 0.0; 171.53; 147.58; 971.86; 5004.69; 1408.28; 500.0; 166.84; 967.03; 2375.32; 158.92; 2772.31; -309.9; 0.0; 2629.37; 5004.69
2009-09-30; 363.13; 1250.58; 2188.13; 232.45; 0.0; 4034.29; 485.65; 0.0; 171.57; 132.94; 942.95; 4977.24; 1444.51; 500.0; 128.73; 918.39; 2362.9; 159.55; 2752.45; -313.79; 0.0; 2614.34; 4977.24
2009-06-30; 238.59; 1239.32; 2215.71; 222.4; 0.0; 3916.01; 487.31; 0.0; 166.68; 124.36; 938.93; 4854.94; 1412.57; 500.0; 121.17; 926.69; 2339.26; 159.53; 2708.63; -366.97; 0.0; 2515.68; 4854.94
2009-03-31; 133.28; 1211.34; 2253.04; 222.25; 0.0; 3819.91; 412.37; 0.0; 158.43; 117.5; 904.95; 4724.85; 1257.37; 500.0; 110.21; 1059.05; 2316.43; 159.45; 2671.22; -491.92; 0.0; 2408.43; 4724.85
