Date; Cash On Hand; Receivables; Inventory; Pre-Paid Expenses; Other Current Assets; Total Current Assets; Property, Plant, And Equipment; Long-Term Investments; Goodwill And Intangible Assets; Other Long-Term Assets; Total Long-Term Assets; Total Assets; Total Current Liabilities; Long Term Debt; Other Non-Current Liabilities; Total Long Term Liabilities; Total Liabilities; Common Stock Net; Retained Earnings (Accumulated Deficit); Comprehensive Income; Other Share Holders Equity; Share Holder Equity; Total Liabilities And Share Holders Equity
2022-09-30; 551.6; 1188.8; 844.5; 658.8; 0.0; 3260.5; 411.8; 0.0; 4549.5; 1404.3; 6365.6; 9626.1; 2356.9; 3725.1; 545.1; 4270.2; 6627.1; 110.1; 4297.8; -324.9; 0.0; 2999.0; 9626.1
2022-06-30; 628.2; 870.5; 867.5; 719.2; 0.0; 3085.4; 409.9; 0.0; 4640.1; 1367.6; 6417.6; 9503.0; 2158.2; 3739.0; 570.0; 4332.0; 6490.2; 110.1; 4265.9; -259.6; 0.0; 3012.8; 9503.0
2022-03-31; 1057.9; 931.7; 644.3; 621.4; 0.0; 3255.3; 422.6; 0.0; 4555.9; 1284.9; 6263.4; 9518.7; 2043.0; 3737.9; 633.6; 4395.0; 6438.0; 110.1; 4220.9; -246.9; 0.0; 3080.7; 9518.7
2021-12-31; 1019.2; 1500.4; 552.1; 656.4; 0.0; 3728.1; 421.1; 0.0; 4591.6; 1297.0; 6309.7; 10037.8; 2455.9; 3824.2; 670.7; 4518.8; 6974.7; 110.1; 4257.8; -235.3; 0.0; 3063.1; 10037.8
2021-09-30; 1181.2; 1476.6; 544.1; 528.5; 0.0; 3730.4; 441.9; 0.0; 4629.7; 1428.4; 6500.0; 10230.4; 2450.4; 3977.4; 722.5; 4722.8; 7173.2; 110.1; 4269.6; -208.6; 0.0; 3057.2; 10230.4
2021-06-30; 1228.2; 865.9; 499.6; 543.2; 0.0; 3616.4; 466.2; 0.0; 4669.1; 1350.5; 6485.8; 10102.2; 2045.6; 4388.7; 753.0; 5166.2; 7211.8; 110.1; 4110.3; -183.5; 0.0; 2890.4; 10102.2
2021-03-31; 1430.4; 810.4; 429.2; 566.0; 0.0; 3236.0; 482.7; 0.0; 5204.4; 1266.0; 6953.1; 10189.1; 1753.4; 4674.1; 777.7; 5475.8; 7229.2; 110.1; 4226.8; -206.4; 0.0; 2959.9; 10189.1
2020-12-31; 1449.7; 1391.7; 395.6; 609.6; 0.0; 3846.6; 489.0; 0.0; 5222.5; 1260.3; 6971.8; 10818.4; 2403.3; 4660.0; 794.0; 5478.4; 7881.7; 110.1; 4204.2; -195.0; 0.0; 2936.7; 10818.4
2020-09-30; 1132.4; 1438.4; 540.0; 648.2; 0.0; 3759.0; 477.2; 0.0; 5190.9; 1276.1; 6944.2; 10703.2; 2315.6; 4777.8; 778.5; 5579.2; 7894.8; 110.1; 4192.4; -280.3; 0.0; 2808.4; 10703.2
2020-06-30; 1038.0; 911.3; 564.2; 672.2; 0.0; 3185.7; 482.2; 0.0; 5225.1; 1329.1; 7036.4; 10222.1; 1981.6; 4802.5; 771.7; 5598.3; 7579.9; 110.1; 4064.8; -308.1; 0.0; 2642.2; 10222.1
2020-03-31; 1237.9; 963.8; 444.4; 672.4; 0.0; 3318.5; 455.9; 0.0; 5188.5; 1461.5; 7105.9; 10424.4; 1738.6; 5156.3; 739.0; 5921.3; 7659.9; 110.1; 4191.8; -294.8; 0.0; 2764.5; 10424.4
2019-12-31; 4580.37; 1410.6; 446.11; 310.45; 0.0; 6747.52; 382.25; 0.0; 1140.89; 584.97; 2108.11; 8855.63; 1257.08; 4046.46; 556.56; 4603.02; 5860.1; 110.14; 4354.62; -184.22; 0.0; 2995.53; 8855.63
2019-09-30; 1060.43; 1416.88; 589.13; 346.69; 0.0; 3413.13; 371.88; 0.0; 1143.39; 626.22; 2141.49; 5554.62; 1466.73; 1696.2; 550.78; 2246.98; 3713.72; 104.85; 4180.33; -185.38; 0.0; 1840.91; 5554.62
2019-06-30; 1151.04; 805.29; 564.77; 309.0; 0.0; 2830.09; 387.37; 0.0; 1155.98; 665.16; 2208.51; 5038.61; 1072.7; 1695.83; 554.21; 2250.05; 3322.74; 104.85; 4053.27; -173.18; 0.0; 1715.87; 5038.61
2019-03-31; 1196.63; 638.42; 491.75; 305.06; 0.0; 2631.86; 395.62; 0.0; 1167.59; 739.7; 2302.91; 4934.77; 948.73; 1695.46; 636.05; 2331.52; 3280.24; 104.85; 4125.69; -282.34; 0.0; 1654.53; 4934.77
2018-12-31; 1182.37; 1188.05; 443.38; 268.7; 0.0; 3082.5; 256.47; 0.0; 1179.72; 744.29; 2180.48; 5262.99; 1274.32; 1695.09; 539.09; 2234.18; 3508.5; 104.85; 4184.37; -294.51; 0.0; 1754.49; 5262.99
2018-09-30; 907.11; 1391.24; 610.92; 283.18; 0.0; 3192.45; 255.15; 0.0; 1304.62; 743.11; 2302.88; 5495.33; 1321.92; 1694.72; 591.4; 2286.12; 3608.05; 104.85; 4254.92; -296.74; 0.0; 1887.28; 5495.33
2018-06-30; 1159.07; 739.27; 610.25; 319.05; 0.0; 2827.63; 265.9; 0.0; 1313.56; 706.75; 2286.22; 5113.86; 1052.44; 1694.35; 600.31; 2294.66; 3347.11; 104.85; 4070.66; -295.08; 0.0; 1766.75; 5113.86
2018-03-31; 1598.94; 612.7; 517.44; 292.76; 0.0; 3021.84; 262.42; 0.0; 784.48; 660.34; 1707.23; 4729.07; 852.53; 1693.98; 611.21; 2305.19; 3157.71; 104.85; 4090.64; -292.39; 0.0; 1571.36; 4729.07
2017-12-31; 1581.23; 1405.4; 433.29; 214.0; 0.0; 3633.93; 259.71; 0.0; 790.45; 605.9; 1656.06; 5289.98; 1251.7; 1693.61; 514.72; 2208.33; 3460.03; 104.85; 4260.22; -239.43; 0.0; 1829.96; 5289.98
2017-09-30; 1244.78; 1655.75; 629.12; 232.59; 0.0; 3762.24; 263.86; 0.0; 796.46; 722.09; 1782.41; 5544.65; 1484.76; 1693.26; 410.38; 2103.64; 3588.4; 104.85; 4336.42; -234.79; 0.0; 1956.25; 5544.65
2017-06-30; 1433.5; 846.55; 557.51; 257.25; 0.0; 3094.8; 268.97; 0.0; 802.33; 746.63; 1817.94; 4912.74; 1472.25; 1199.11; 408.89; 1608.0; 3080.25; 104.85; 4141.9; -226.61; 0.0; 1832.49; 4912.74
2017-03-31; 1463.08; 676.95; 416.23; 243.47; 0.0; 2799.73; 270.02; 0.0; 809.01; 767.11; 1846.14; 4645.87; 1201.81; 1198.9; 393.52; 1592.41; 2794.23; 104.85; 4145.47; -197.17; 0.0; 1851.64; 4645.87
2016-12-31; 1282.29; 1319.96; 387.68; 237.68; 0.0; 3227.61; 267.4; 0.0; 816.5; 779.86; 1863.76; 5091.37; 1617.86; 1198.68; 389.39; 1610.77; 3228.63; 104.85; 4148.72; -194.57; 0.0; 1862.74; 5091.37
2016-09-30; 830.37; 1452.93; 607.7; 255.98; 0.0; 3146.99; 247.23; 0.0; 859.34; 701.59; 1808.16; 4955.15; 1615.72; 1198.46; 364.38; 1597.67; 3213.39; 104.85; 4019.37; -203.99; 0.0; 1741.76; 4955.15
2016-06-30; 924.1; 703.82; 572.39; 323.05; 0.0; 2523.36; 242.61; 0.0; 856.23; 722.19; 1821.03; 4344.39; 745.02; 1547.75; 402.61; 1986.83; 2731.85; 104.85; 3825.29; -174.3; 0.0; 1612.53; 4344.39
2016-03-31; 1095.88; 670.66; 461.73; 295.81; 0.0; 2524.08; 241.25; 0.0; 864.91; 734.45; 1840.61; 4364.69; 768.37; 1547.43; 402.35; 1988.93; 2757.3; 104.85; 3837.37; -164.35; 0.0; 1607.39; 4364.69
2015-12-31; 976.75; 1217.85; 384.49; 286.51; 0.0; 2865.6; 237.53; 0.0; 873.5; 744.09; 1855.12; 4720.72; 1064.65; 1547.12; 404.88; 1992.17; 3056.82; 104.85; 3852.32; -146.0; 0.0; 1663.9; 4720.72
2015-09-30; 551.29; 1390.27; 447.09; 320.89; 0.0; 2709.55; 219.66; 0.0; 881.98; 755.96; 1857.6; 4567.15; 1039.57; 1546.8; 396.77; 1984.74; 3024.31; 104.85; 3733.99; -126.19; 0.0; 1542.84; 4567.15
2015-06-30; 858.46; 709.44; 403.79; 360.1; 0.0; 2331.78; 225.91; 0.0; 891.03; 768.96; 1885.9; 4217.69; 800.89; 1546.48; 400.43; 1988.3; 2789.18; 104.85; 3583.8; -103.48; 0.0; 1428.51; 4217.69
2015-03-31; 1081.4; 563.3; 340.65; 346.73; 0.0; 2332.08; 243.59; 0.0; 904.3; 767.15; 1915.04; 4247.12; 817.07; 1546.17; 396.14; 1984.54; 2801.61; 104.85; 3599.57; -87.0; 0.0; 1445.51; 4247.12
2014-12-31; 893.17; 1094.67; 339.57; 316.09; 0.0; 2643.51; 237.49; 0.0; 917.97; 719.14; 1874.6; 4518.1; 1071.68; 1545.85; 392.17; 1980.75; 3052.44; 104.85; 3630.07; -95.45; 0.0; 1465.66; 4518.1
2014-09-30; 452.18; 1314.02; 499.15; 380.83; 0.0; 2646.19; 228.02; 0.0; 931.61; 702.98; 1862.61; 4508.8; 1014.03; 1559.89; 392.37; 1996.21; 3010.24; 104.85; 3513.55; -36.8; 0.0; 1498.56; 4508.8
2014-06-30; 586.15; 738.9; 492.82; 386.33; 0.0; 2204.2; 236.88; 0.0; 945.02; 752.48; 1934.39; 4138.6; 724.69; 1559.89; 357.77; 1961.86; 2686.55; 104.85; 3387.01; -51.78; 0.0; 1452.05; 4138.6
2014-03-31; 792.25; 552.47; 390.82; 406.56; 0.0; 2142.11; 236.9; 0.0; 956.96; 693.47; 1887.33; 4029.44; 1093.72; 959.89; 337.22; 1341.29; 2435.01; 104.85; 3408.26; -48.56; 0.0; 1594.42; 4029.44
2013-12-31; 682.45; 1093.62; 348.79; 355.59; 0.0; 2480.46; 236.26; 0.0; 970.32; 715.23; 1921.81; 4402.27; 1363.28; 959.89; 351.3; 1356.64; 2719.92; 104.85; 3432.18; -34.13; 0.0; 1682.34; 4402.27
2013-09-30; 588.67; 1215.29; 447.11; 346.21; 0.0; 2597.28; 231.2; 0.0; 1008.24; 753.42; 1992.86; 4590.15; 1648.88; 959.89; 410.67; 1417.84; 3066.72; 104.85; 3354.82; -78.72; 0.0; 1523.43; 4590.15
2013-06-30; 1022.35; 640.5; 359.97; 343.38; 0.0; 2366.2; 237.77; 0.0; 867.98; 706.34; 1812.1; 4178.3; 1296.72; 959.89; 465.66; 1425.55; 2722.27; 104.85; 3280.22; -77.87; 0.0; 1456.03; 4178.3
2013-03-31; 1067.04; 509.28; 323.75; 350.33; 0.0; 2250.4; 232.9; 0.0; 879.97; 697.38; 1810.25; 4060.64; 741.67; 1394.39; 461.5; 1855.88; 2597.56; 104.85; 3296.14; -68.17; 0.0; 1463.09; 4060.64
2012-12-31; 849.7; 1029.96; 316.05; 312.49; 0.0; 2508.2; 230.41; 0.0; 891.58; 695.19; 1817.18; 4325.39; 960.43; 1396.42; 461.15; 1857.57; 2818.01; 104.85; 3354.55; -72.31; 0.0; 1507.38; 4325.39
2012-09-30; 696.73; 1195.52; 463.43; 263.3; 0.0; 2618.98; 217.64; 0.0; 907.14; 702.53; 1827.31; 4446.29; 1126.62; 1398.91; 393.87; 1792.78; 2919.4; 104.85; 3270.53; -38.23; 0.0; 1526.89; 4446.29
2012-06-30; 779.93; 651.41; 416.9; 297.58; 0.0; 2145.83; 223.38; 0.0; 919.68; 725.83; 1868.89; 4014.72; 838.69; 1399.56; 376.98; 1776.54; 2615.23; 104.85; 3152.65; -39.64; 0.0; 1399.49; 4014.72
2012-03-31; 883.82; 456.58; 396.98; 281.52; 0.0; 2018.9; 222.82; 0.0; 931.63; 723.78; 1878.23; 3897.14; 725.88; 1400.94; 372.93; 1773.87; 2499.74; 104.85; 3156.15; -24.23; 0.0; 1397.39; 3897.14
2011-12-31; 641.69; 1034.58; 333.99; 243.43; 0.0; 2253.69; 218.02; 0.0; 942.09; 716.98; 1877.08; 4130.77; 942.34; 1400.87; 370.04; 1770.91; 2713.26; 104.85; 3205.42; -35.94; 0.0; 1417.52; 4130.77
2011-09-30; 186.96; 1260.52; 518.87; 243.96; 0.0; 2210.3; 220.41; 0.0; 954.86; 699.15; 1874.42; 4084.73; 942.44; 1405.07; 355.97; 1761.04; 2703.48; 104.85; 3104.74; -14.96; 0.0; 1381.24; 4084.73
2011-06-30; 584.78; 837.97; 426.93; 196.43; 0.0; 2046.11; 239.2; 0.0; 964.86; 690.58; 1894.64; 3940.74; 706.52; 1403.03; 362.57; 1765.6; 2472.13; 104.85; 2972.32; 4.17; 0.0; 1468.62; 3940.74
2011-03-31; 927.42; 558.98; 401.31; 173.07; 0.0; 2060.78; 238.4; 0.0; 965.25; 675.9; 1879.56; 3940.34; 626.53; 1396.69; 386.13; 1782.82; 2409.35; 104.85; 2954.52; -1.76; 0.0; 1530.99; 3940.34
2010-12-31; 727.8; 961.25; 364.19; 167.81; 0.0; 2221.05; 233.58; 0.0; 975.41; 663.19; 1872.18; 4093.23; 718.8; 1397.68; 361.32; 1759.01; 2477.81; 104.85; 2978.32; 8.15; 0.0; 1615.42; 4093.23
2010-09-30; 497.9; 1210.46; 467.95; 170.39; 0.0; 2346.71; 221.16; 0.0; 987.7; 660.04; 1868.91; 4215.62; 978.49; 1404.56; 345.26; 1749.82; 2728.31; 104.85; 2872.7; 23.12; 0.0; 1487.31; 4215.62
2010-06-30; 872.27; 663.48; 342.11; 201.96; 0.0; 2079.83; 218.85; 0.0; 1005.49; 669.5; 1893.84; 3973.68; 656.86; 1396.98; 330.92; 1727.89; 2384.75; 104.85; 2751.11; 27.8; 0.0; 1588.93; 3973.68
2010-03-31; 1259.8; 526.03; 226.78; 200.23; 0.0; 2212.84; 220.52; 0.0; 1017.34; 627.32; 1865.18; 4078.02; 691.84; 1390.48; 325.84; 1716.33; 2408.17; 104.85; 2744.52; 56.04; 0.0; 1669.85; 4078.02
2009-12-31; 636.04; 1038.8; 207.9; 162.29; 0.0; 2045.03; 220.71; 0.0; 1030.5; 600.66; 1851.86; 3896.89; 815.89; 1132.0; 354.23; 1486.23; 2302.12; 104.85; 2720.55; 58.63; 0.0; 1594.77; 3896.89
2009-09-30; 297.36; 1116.03; 399.92; 178.6; 0.0; 1991.9; 216.26; 0.0; 1056.61; 596.55; 1869.42; 3861.33; 887.12; 1134.72; 351.56; 1486.28; 2373.39; 104.85; 2582.27; 42.59; 0.0; 1487.93; 3861.33
2009-06-30; 392.03; 652.56; 346.81; 210.82; 0.0; 1602.23; 222.94; 0.0; 1077.52; 575.49; 1875.95; 3478.18; 612.72; 1134.72; 341.06; 1475.78; 2088.51; 104.85; 2459.7; 47.29; 0.0; 1389.67; 3478.18
2009-03-31; 590.39; 365.04; 295.25; 199.15; 0.0; 1449.82; 217.92; 0.0; 1022.34; 237.75; 1478.0; 2927.82; 571.25; 709.72; 265.99; 975.72; 1546.97; 104.85; 2448.41; 58.78; 0.0; 1380.86; 2927.82
