Date; Cash On Hand; Receivables; Inventory; Pre-Paid Expenses; Other Current Assets; Total Current Assets; Property, Plant, And Equipment; Long-Term Investments; Goodwill And Intangible Assets; Other Long-Term Assets; Total Long-Term Assets; Total Assets; Total Current Liabilities; Long Term Debt; Other Non-Current Liabilities; Total Long Term Liabilities; Total Liabilities; Common Stock Net; Retained Earnings (Accumulated Deficit); Comprehensive Income; Other Share Holders Equity; Share Holder Equity; Total Liabilities And Share Holders Equity
2022-09-30; 4867.7; 14567.7; 2382.1; 0.0; 719.7; 22537.2; 3299.4; 0.0; 0.0; 4787.0; 8086.4; 30623.6; 8470.1; 7082.3; 1363.0; 9260.0; 17730.1; 347.8; 13760.8; -1393.1; 0.0; 12893.5; 30623.6
2022-06-30; 4790.5; 14608.9; 2232.2; 0.0; 692.1; 22323.7; 3368.0; 0.0; 0.0; 4897.0; 8265.0; 30588.7; 8504.5; 7293.8; 1419.2; 9566.2; 18070.7; 347.7; 13109.9; -1111.7; 0.0; 12518.0; 30588.7
2022-03-31; 4830.1; 14491.7; 2222.1; 0.0; 720.5; 22264.4; 3420.0; 0.0; 0.0; 4901.7; 8321.7; 30586.1; 9008.9; 7097.4; 1407.0; 9433.9; 18442.8; 347.7; 12507.9; -877.7; 0.0; 12143.3; 30586.1
2021-12-31; 4987.7; 13495.9; 1976.0; 0.0; 732.9; 21192.5; 3398.1; 0.0; 0.0; 4918.8; 8316.9; 29509.4; 8379.5; 7128.8; 1487.6; 9535.9; 17915.4; 347.3; 12025.8; -921.1; 0.0; 11594.0; 29509.4
2021-09-30; 3777.2; 12878.2; 2516.7; 0.0; 667.9; 19840.0; 3336.7; 0.0; 0.0; 4733.2; 8069.9; 27909.9; 7433.5; 6849.5; 1398.6; 9146.0; 16579.5; 347.2; 11998.1; -1145.2; 0.0; 11330.4; 27909.9
2021-06-30; 4504.4; 13425.0; 2054.6; 0.0; 796.9; 20780.9; 3318.5; 0.0; 0.0; 4912.8; 8231.3; 29012.2; 8093.6; 7158.7; 1821.5; 9734.8; 17828.4; 347.2; 11738.7; -1029.6; 0.0; 11183.8; 29012.2
2021-03-31; 4741.1; 13389.5; 1465.4; 0.0; 572.2; 20168.2; 3242.5; 0.0; 0.0; 5092.7; 8335.2; 28503.4; 7626.7; 7521.8; 1458.6; 10159.0; 17785.7; 347.2; 11364.0; -1116.4; 0.0; 10717.7; 28503.4
2020-12-31; 4968.6; 13018.2; 1221.9; 0.0; 515.6; 19724.3; 3270.4; 0.0; 0.0; 5265.3; 8535.7; 28260.0; 7561.9; 7508.9; 1944.6; 10308.1; 17870.0; 346.6; 11005.2; -1050.3; 0.0; 10390.0; 28260.0
2020-09-30; 4538.6; 12689.2; 1124.5; 0.0; 541.5; 18893.8; 3137.8; 0.0; 0.0; 5202.1; 8339.9; 27233.7; 6015.2; 7776.5; 1384.1; 11034.1; 17049.3; 347.0; 10953.6; -1189.0; 0.0; 10184.4; 27233.7
2020-06-30; 4275.2; 12381.4; 1136.4; 0.0; 492.1; 18285.1; 3025.0; 0.0; 0.0; 5096.3; 8121.3; 26406.4; 7379.7; 7416.8; 1327.1; 9249.9; 16629.6; 346.5; 10679.1; -1289.9; 0.0; 9776.8; 26406.4
2020-03-31; 4420.1; 12976.8; 1270.1; 0.0; 529.9; 19196.9; 2925.3; 0.0; 0.0; 5172.5; 8097.8; 27294.7; 7715.5; 7226.0; 1392.8; 9941.8; 17657.3; 346.4; 10642.2; -1383.9; 0.0; 9637.4; 27294.7
2019-12-31; 5337.2; 13392.1; 1153.2; 0.0; 388.0; 20270.5; 2883.8; 0.0; 0.0; 5206.8; 8090.6; 28361.1; 8729.9; 7112.5; 1435.1; 9925.1; 18655.0; 346.3; 10398.5; -1100.1; 0.0; 9706.1; 28361.1
2019-09-30; 4777.3; 13400.7; 1292.6; 0.0; 387.3; 19857.9; 2690.8; 0.0; 0.0; 5219.0; 7909.8; 27767.7; 8317.3; 6716.0; 1372.0; 9487.7; 17805.0; 347.4; 10798.7; -1190.0; 0.0; 9962.7; 27767.7
2019-06-30; 4336.7; 13315.7; 1336.6; 0.0; 403.7; 19392.7; 2624.4; 0.0; 0.0; 5151.1; 7775.5; 27168.2; 7973.8; 6732.1; 1336.3; 9559.0; 17532.8; 347.2; 10301.8; -1062.2; 0.0; 9635.4; 27168.2
2019-03-31; 3924.2; 13091.9; 1272.6; 0.0; 401.7; 18690.4; 2521.5; 0.0; 0.0; 4945.1; 7466.6; 26157.0; 7502.5; 6771.6; 1272.2; 9549.0; 17051.5; 347.0; 9793.1; -1095.5; 0.0; 9105.5; 26157.0
2018-12-31; 4456.3; 12155.2; 1184.7; 0.0; 364.7; 18160.9; 2480.9; 0.0; 0.0; 4840.6; 7321.5; 25482.4; 7786.8; 6409.7; 1145.7; 9102.7; 16889.5; 346.6; 9275.4; -1098.5; 0.0; 8592.9; 25482.4
2018-09-30; 3914.3; 12187.6; 1292.0; 0.0; 376.8; 17770.7; 2443.6; 0.0; 0.0; 4889.1; 7332.7; 25103.4; 6766.4; 6584.7; 1053.3; 9166.0; 15932.4; 352.2; 9718.4; -895.0; 0.0; 9171.0; 25103.4
2018-06-30; 3540.1; 11732.4; 1258.5; 0.0; 492.9; 17023.9; 2397.4; 0.0; 0.0; 4734.5; 7131.9; 24155.8; 6743.7; 6077.1; 1115.3; 8632.7; 15376.4; 352.2; 9271.3; -893.7; 0.0; 8779.4; 24155.8
2018-03-31; 3550.6; 11572.7; 1068.3; 0.0; 396.6; 16588.2; 2454.7; 0.0; 0.0; 4738.8; 7193.5; 23781.7; 6764.1; 5895.8; 1137.7; 8450.3; 15214.4; 352.1; 8810.1; -718.3; 0.0; 8567.3; 23781.7
2017-12-31; 3731.8; 10825.0; 928.4; 0.0; 404.4; 15889.6; 2464.4; 0.0; 0.0; 5086.2; 7550.6; 23440.2; 6391.7; 5945.5; 939.8; 8998.0; 15389.7; 351.8; 8369.1; -793.6; 0.0; 8050.5; 23440.2
2017-09-30; 3529.3; 10872.5; 983.0; 0.0; 252.4; 15637.2; 2389.1; 0.0; 0.0; 5077.6; 7466.7; 23103.9; 6099.0; 5966.9; 805.3; 9069.3; 15168.3; 351.5; 8290.7; -816.2; 0.0; 7935.6; 23103.9
2017-06-30; 3124.4; 10509.9; 885.3; 0.0; 269.9; 14789.5; 2325.6; 0.0; 0.0; 4938.2; 7263.8; 22053.3; 5905.1; 5655.2; 770.7; 8647.7; 14552.8; 351.3; 7975.9; -925.2; 0.0; 7500.5; 22053.3
2017-03-31; 2970.8; 10116.6; 772.2; 0.0; 223.9; 14083.5; 2270.4; 0.0; 0.0; 4685.8; 6956.2; 21039.7; 5293.4; 5849.4; 748.0; 8667.0; 13960.4; 351.3; 7690.9; -1058.0; 0.0; 7079.3; 21039.7
2016-12-31; 3056.6; 9699.6; 727.8; 0.0; 225.6; 13709.6; 2260.0; 0.0; 0.0; 4669.3; 6929.3; 20638.9; 5087.0; 6027.7; 739.1; 8774.3; 13861.3; 350.7; 7484.9; -1128.1; 0.0; 6777.6; 20638.9
2016-09-30; 2866.8; 10104.2; 824.1; 0.0; 218.3; 14013.4; 2251.3; 0.0; 0.0; 4704.2; 6955.5; 20968.9; 5186.8; 6014.3; 737.4; 8803.9; 13990.7; 351.7; 7516.7; -926.7; 0.0; 6978.2; 20968.9
2016-06-30; 3491.2; 10124.9; 824.9; 0.0; 245.7; 14686.7; 2210.5; 0.0; 0.0; 4530.0; 6740.5; 21427.2; 5976.4; 6018.1; 716.6; 8741.1; 14717.5; 351.6; 7254.8; -927.1; 0.0; 6709.7; 21427.2
2016-03-31; 3313.4; 10345.9; 829.1; 0.0; 266.3; 14754.7; 2207.7; 0.0; 0.0; 4394.5; 6602.2; 21356.9; 6434.6; 5822.6; 747.7; 8579.1; 15013.7; 351.5; 6857.7; -889.2; 0.0; 6343.2; 21356.9
2015-12-31; 3464.5; 10182.6; 796.5; 0.0; 245.7; 14689.3; 2176.4; 0.0; 0.0; 4244.1; 6420.5; 21109.8; 5717.7; 5795.0; 720.2; 8451.7; 14169.4; 351.3; 7536.8; -1017.0; 0.0; 6940.4; 21109.8
2015-09-30; 3524.9; 10425.8; 893.1; 0.0; 355.6; 15199.4; 2140.7; 0.0; 0.0; 4179.7; 6320.4; 21519.8; 5389.8; 6143.7; 723.6; 8786.2; 14176.0; 355.0; 7879.0; -958.2; 0.0; 7343.8; 21519.8
2015-06-30; 3360.4; 10541.2; 888.2; 0.0; 363.4; 15153.2; 2162.4; 0.0; 0.0; 4099.7; 6262.1; 21415.3; 5699.3; 5914.2; 710.2; 8497.4; 14196.7; 354.9; 7533.1; -809.6; 0.0; 7218.6; 21415.3
2015-03-31; 2791.9; 10277.1; 865.7; 0.0; 340.8; 14275.5; 2157.0; 0.0; 0.0; 3894.3; 6051.3; 20326.8; 5061.6; 6000.0; 729.3; 8533.6; 13595.2; 354.7; 7164.0; -917.3; 0.0; 6731.6; 20326.8
2014-12-31; 3009.6; 10089.7; 925.7; 0.0; 290.5; 14315.5; 2313.3; 0.0; 0.0; 3990.0; 6303.3; 20618.8; 5678.0; 5588.7; 718.8; 8187.6; 13865.6; 355.2; 6863.8; -579.8; 0.0; 6753.2; 20618.8
2014-09-30; 2969.0; 10166.0; 988.1; 0.0; 308.3; 14431.4; 2383.6; 0.0; 0.0; 4211.1; 6594.7; 21026.1; 5903.9; 5292.4; 772.8; 7959.5; 13863.4; 354.8; 6902.4; -198.6; 0.0; 7162.7; 21026.1
2014-06-30; 2715.3; 10111.8; 969.1; 0.0; 301.3; 14097.5; 2499.8; 0.0; 0.0; 4310.1; 6809.9; 20907.4; 5396.1; 5609.4; 768.1; 8352.0; 13748.1; 354.7; 6609.2; 63.5; 0.0; 7159.3; 20907.4
2014-03-31; 2540.3; 10050.5; 958.0; 0.0; 312.4; 13861.2; 2508.6; 0.0; 0.0; 4227.8; 6736.4; 20597.6; 5631.9; 5368.0; 758.6; 8102.2; 13734.1; 354.7; 6368.1; 14.0; 0.0; 6863.5; 20597.6
2013-12-31; 3017.6; 9831.7; 813.6; 0.0; 308.1; 13971.0; 2513.3; 0.0; 0.0; 4241.2; 6754.5; 20725.5; 5524.4; 5765.3; 734.4; 8566.8; 14091.2; 354.3; 6165.1; 8.7; 0.0; 6634.3; 20725.5
2013-09-30; 2911.5; 9788.3; 893.1; 0.0; 370.9; 13963.8; 2460.9; 0.0; 0.0; 3886.9; 6347.8; 20311.6; 5657.9; 5493.6; 671.8; 8172.8; 13830.7; 354.1; 6221.5; -191.1; 0.0; 6480.9; 20311.6
2013-06-30; 2623.7; 9322.7; 832.0; 0.0; 349.8; 13128.2; 2390.3; 0.0; 0.0; 3683.5; 6073.8; 19202.0; 5681.7; 4937.5; 626.8; 7408.7; 13090.4; 353.8; 5983.0; -309.9; 0.0; 6111.6; 19202.0
2013-03-31; 2439.1; 9345.2; 818.2; 0.0; 345.6; 12948.1; 2333.4; 0.0; 0.0; 3552.6; 5886.0; 18834.1; 5809.4; 4639.7; 630.3; 7076.8; 12886.2; 353.7; 5762.3; -239.0; 0.0; 5947.9; 18834.1
2012-12-31; 2465.1; 9200.4; 782.4; 0.0; 331.7; 12779.6; 2312.9; 0.0; 0.0; 3535.3; 5848.2; 18627.8; 5945.4; 4317.4; 674.6; 6835.5; 12780.9; 353.4; 5596.4; -159.5; 0.0; 5846.9; 18627.8
2012-09-30; 2706.4; 9136.6; 915.6; 0.0; 333.2; 13091.8; 2182.2; 0.0; 0.0; 3418.5; 5600.7; 18692.5; 6240.6; 4293.0; 531.2; 6589.8; 12830.4; 357.2; 5755.8; -160.6; 0.0; 5862.1; 18692.5
2012-06-30; 2648.4; 9038.7; 883.2; 0.0; 356.4; 12926.7; 2096.6; 0.0; 0.0; 3221.5; 5318.1; 18244.8; 6324.4; 4018.8; 500.0; 6208.3; 12532.7; 357.1; 5663.5; -235.9; 0.0; 5712.1; 18244.8
2012-03-31; 2870.9; 8930.5; 818.8; 0.0; 350.4; 12970.6; 2062.9; 0.0; 0.0; 3124.3; 5187.2; 18157.8; 7189.7; 3118.7; 493.0; 5249.0; 12438.7; 357.1; 5437.6; -123.9; 0.0; 5719.1; 18157.8
2011-12-31; 3016.8; 8237.5; 710.4; 0.0; 249.1; 12213.8; 1973.3; 0.0; 0.0; 2985.6; 4958.9; 17172.7; 6901.0; 2745.5; 507.0; 4907.3; 11808.3; 356.8; 5174.5; -219.0; 0.0; 5364.4; 17172.7
2011-09-30; 2795.3; 7668.0; 725.1; 0.0; 259.3; 11447.7; 1867.8; 0.0; 0.0; 3038.8; 4906.6; 16354.3; 6220.9; 2763.9; 324.9; 4539.5; 10760.4; 365.5; 5407.6; -31.0; 0.0; 5593.9; 16354.3
2011-06-30; 2925.6; 7498.0; 742.7; 0.0; 266.5; 11432.8; 1818.9; 0.0; 0.0; 3049.3; 4868.2; 16301.0; 6244.2; 2383.5; 339.3; 4142.8; 10387.0; 365.5; 5191.5; 239.4; 0.0; 5914.0; 16301.0
2011-03-31; 2691.4; 7108.4; 590.3; 0.0; 207.8; 10597.9; 1724.0; 0.0; 0.0; 2811.8; 4535.8; 15133.7; 4975.6; 2797.3; 380.3; 4509.2; 9484.8; 365.4; 4995.6; 173.5; 0.0; 5648.9; 15133.7
2010-12-31; 2491.3; 6681.3; 534.0; 0.0; 218.6; 9925.2; 1673.7; 0.0; 0.0; 2635.2; 4308.9; 14234.1; 4347.6; 2880.8; 934.1; 4528.7; 8876.3; 365.3; 4846.1; 41.3; 0.0; 5357.8; 14234.1
2010-09-30; 2412.1; 6549.8; 512.8; 0.0; 214.9; 9689.6; 1677.2; 0.0; 0.0; 2616.7; 4293.9; 13983.5; 3923.0; 3181.1; 360.6; 4744.5; 8667.5; 364.6; 4829.9; 38.4; 0.0; 5316.0; 13983.5
2010-06-30; 2193.0; 6416.1; 481.4; 0.0; 222.5; 9313.0; 1592.2; 0.0; 0.0; 2517.1; 4109.3; 13422.3; 3819.5; 3123.6; 340.5; 4608.4; 8427.9; 364.5; 4742.8; -190.9; 0.0; 4994.4; 13422.3
2010-03-31; 2101.4; 6771.8; 545.5; 0.0; 222.2; 9640.9; 1696.2; 0.0; 0.0; 2652.9; 4349.1; 13990.0; 4315.2; 3011.3; 357.7; 4582.2; 8897.4; 364.7; 4676.0; -18.1; 0.0; 5092.6; 13990.0
2009-12-31; 2131.5; 7052.4; 632.1; 0.0; 224.3; 10040.3; 1757.7; 0.0; 0.0; 2771.0; 4528.7; 14569.0; 4716.4; 3061.6; 952.5; 4748.9; 9465.3; 364.4; 4640.5; 36.2; 0.0; 5103.7; 14569.0
2009-09-30; 2039.5; 7466.7; 629.0; 0.0; 0.0; 10391.7; 1761.9; 0.0; 0.0; 2643.8; 4405.7; 14797.4; 5020.9; 3113.8; 0.0; 4743.6; 9764.5; 363.9; 4627.2; -7.9; 0.0; 5032.9; 14797.4
2009-06-30; 2034.8; 7667.1; 644.6; 0.0; 0.0; 10648.2; 1733.2; 0.0; 0.0; 2541.1; 4274.3; 14922.5; 4721.8; 3660.5; 0.0; 5284.7; 10006.5; 363.7; 4646.8; -136.4; 0.0; 4916.0; 14922.5
2009-03-31; 2102.2; 7885.0; 602.7; 0.0; 0.0; 10845.5; 1703.0; 0.0; 0.0; 2519.6; 4222.6; 15068.1; 4306.9; 4407.3; 0.0; 6029.9; 10336.8; 363.6; 4685.9; -356.0; 0.0; 4731.3; 15068.1
