Date; Cash On Hand; Receivables; Inventory; Pre-Paid Expenses; Other Current Assets; Total Current Assets; Property, Plant, And Equipment; Long-Term Investments; Goodwill And Intangible Assets; Other Long-Term Assets; Total Long-Term Assets; Total Assets; Total Current Liabilities; Long Term Debt; Other Non-Current Liabilities; Total Long Term Liabilities; Total Liabilities; Common Stock Net; Retained Earnings (Accumulated Deficit); Comprehensive Income; Other Share Holders Equity; Share Holder Equity; Total Liabilities And Share Holders Equity
2022-09-30; 1497.0; 3103.0; 3883.0; 835.0; 0.0; 9318.0; 2798.0; 0.0; 20046.0; 2431.0; 26665.0; 35983.0; 4571.0; 12751.0; 1577.0; 14949.0; 19520.0; 38.0; 14486.0; -89.0; 0.0; 16463.0; 35983.0
2022-06-30; 1127.0; 3145.0; 3749.0; 804.0; 0.0; 8825.0; 2803.0; 0.0; 20360.0; 2419.0; 27207.0; 36032.0; 4404.0; 13374.0; 1793.0; 15954.0; 20358.0; 38.0; 13933.0; -286.0; 0.0; 15674.0; 36032.0
2022-03-31; 1530.0; 2991.0; 3525.0; 679.0; 0.0; 8725.0; 2793.0; 0.0; 20658.0; 2359.0; 27412.0; 36137.0; 4408.0; 13885.0; 1881.0; 16683.0; 21091.0; 38.0; 13540.0; -479.0; 0.0; 15046.0; 36137.0
2021-12-31; 3019.0; 3022.0; 3314.0; 662.0; 0.0; 10017.0; 2833.0; 0.0; 17758.0; 2263.0; 24614.0; 34631.0; 4549.0; 12472.0; 1820.0; 15205.0; 19754.0; 38.0; 13480.0; -531.0; 0.0; 14877.0; 34631.0
2021-09-30; 2639.0; 2817.0; 3434.0; 570.0; 0.0; 9460.0; 2746.0; 0.0; 17951.0; 2128.0; 24685.0; 34145.0; 4449.0; 12629.0; 1960.0; 15518.0; 19967.0; 38.0; 13081.0; -816.0; 0.0; 14178.0; 34145.0
2021-06-30; 2325.0; 2714.0; 3431.0; 562.0; 0.0; 9032.0; 2738.0; 0.0; 18063.0; 2114.0; 24666.0; 33698.0; 4252.0; 12734.0; 1965.0; 15626.0; 19878.0; 38.0; 12881.0; -943.0; 0.0; 13820.0; 33698.0
2021-03-31; 2312.0; 2616.0; 3473.0; 578.0; 0.0; 8979.0; 2710.0; 0.0; 18181.0; 2066.0; 24476.0; 33455.0; 3953.0; 13059.0; 1955.0; 16000.0; 19953.0; 38.0; 12525.0; -867.0; 0.0; 13502.0; 33455.0
2020-12-31; 3024.0; 2701.0; 3494.0; 488.0; 0.0; 9707.0; 2752.0; 0.0; 18332.0; 2009.0; 24623.0; 34330.0; 5041.0; 13230.0; 1985.0; 16205.0; 21246.0; 38.0; 12462.0; -1157.0; 0.0; 13084.0; 34330.0
2020-09-30; 7161.0; 2426.0; 3459.0; 499.0; 0.0; 13545.0; 2529.0; 0.0; 13045.0; 1540.0; 18741.0; 32286.0; 4689.0; 12008.0; 1604.0; 14611.0; 19300.0; 38.0; 12129.0; -917.0; 0.0; 12986.0; 32286.0
2020-06-30; 6619.0; 2203.0; 3442.0; 537.0; 0.0; 12801.0; 2527.0; 0.0; 13086.0; 1499.0; 18682.0; 31483.0; 4405.0; 11811.0; 1523.0; 14324.0; 18729.0; 38.0; 11725.0; -715.0; 0.0; 12754.0; 31483.0
2020-03-31; 4048.0; 2646.0; 3359.0; 683.0; 0.0; 10736.0; 2607.0; 0.0; 13132.0; 1428.0; 18704.0; 29440.0; 4162.0; 9404.0; 1733.0; 12163.0; 16325.0; 38.0; 12024.0; -623.0; 0.0; 13115.0; 29440.0
2019-12-31; 4425.0; 2893.0; 2980.0; 760.0; 0.0; 11058.0; 2567.0; 0.0; 13296.0; 1671.0; 19109.0; 30167.0; 4400.0; 10231.0; 1661.0; 12960.0; 17360.0; 37.0; 11748.0; -606.0; 0.0; 12807.0; 30167.0
2019-09-30; 2036.0; 2438.0; 3269.0; 823.0; 0.0; 8566.0; 2460.0; 0.0; 12760.0; 1287.0; 18093.0; 26659.0; 3921.0; 7889.0; 1439.0; 10423.0; 14344.0; 37.0; 11238.0; -553.0; 0.0; 12315.0; 26659.0
2019-06-30; 1839.0; 2408.0; 3198.0; 740.0; 0.0; 8185.0; 2387.0; 0.0; 12946.0; 1223.0; 18169.0; 26354.0; 3946.0; 7974.0; 1385.0; 10465.0; 14411.0; 37.0; 10967.0; -630.0; 0.0; 11943.0; 26354.0
2019-03-31; 1758.0; 2284.0; 3064.0; 782.0; 0.0; 7888.0; 2297.0; 0.0; 12950.0; 1171.0; 18049.0; 25937.0; 3713.0; 7950.0; 1363.0; 10531.0; 14244.0; 37.0; 10683.0; -565.0; 0.0; 11693.0; 25937.0
2018-12-31; 3699.0; 2332.0; 2955.0; 747.0; 0.0; 9733.0; 2291.0; 0.0; 12726.0; 801.0; 17496.0; 27229.0; 4807.0; 8486.0; 978.0; 10692.0; 15499.0; 37.0; 10765.0; -631.0; 0.0; 11730.0; 27229.0
2018-09-30; 2210.0; 2076.0; 2893.0; 739.0; 0.0; 7918.0; 2178.0; 0.0; 11097.0; 891.0; 14166.0; 22084.0; 4153.0; 5928.0; 892.0; 8071.0; 12224.0; 37.0; 8892.0; -604.0; 0.0; 9860.0; 22084.0
2018-06-30; 1920.0; 2089.0; 2740.0; 664.0; 0.0; 7413.0; 2101.0; 0.0; 11203.0; 853.0; 14157.0; 21570.0; 4046.0; 5925.0; 877.0; 8064.0; 12110.0; 37.0; 8477.0; -557.0; 0.0; 9460.0; 21570.0
2018-03-31; 2455.0; 2108.0; 2664.0; 624.0; 0.0; 7851.0; 2054.0; 0.0; 11412.0; 816.0; 14282.0; 22133.0; 4800.0; 5920.0; 912.0; 8110.0; 12910.0; 37.0; 8201.0; -510.0; 0.0; 9223.0; 22133.0
2017-12-31; 2793.0; 2198.0; 2465.0; 537.0; 0.0; 7993.0; 1975.0; 0.0; 10645.0; 1301.0; 14204.0; 22197.0; 3485.0; 6590.0; 881.0; 8732.0; 12217.0; 37.0; 8986.0; -553.0; 0.0; 9980.0; 22197.0
2017-09-30; 2689.0; 1965.0; 2454.0; 602.0; 0.0; 7710.0; 1852.0; 0.0; 10496.0; 1427.0; 13775.0; 21485.0; 3258.0; 6593.0; 1209.0; 7802.0; 11060.0; 37.0; 9411.0; -498.0; 0.0; 10425.0; 21485.0
2017-06-30; 3747.0; 1905.0; 2279.0; 547.0; 0.0; 8478.0; 1758.0; 0.0; 9853.0; 1203.0; 12814.0; 21292.0; 3552.0; 6592.0; 1113.0; 7705.0; 11257.0; 37.0; 9136.0; -590.0; 0.0; 10035.0; 21292.0
2017-03-31; 3279.0; 1875.0; 2172.0; 563.0; 0.0; 7889.0; 1655.0; 0.0; 9839.0; 1134.0; 12628.0; 20517.0; 2554.0; 7184.0; 1075.0; 8259.0; 10813.0; 37.0; 8903.0; -675.0; 0.0; 9704.0; 20517.0
2016-12-31; 3384.0; 1967.0; 2030.0; 480.0; 0.0; 7861.0; 1569.0; 0.0; 9864.0; 1141.0; 12574.0; 20435.0; 3148.0; 6686.0; 764.0; 7737.0; 10885.0; 37.0; 8842.0; -761.0; 0.0; 9550.0; 20435.0
2016-09-30; 3022.0; 1803.0; 2092.0; 449.0; 0.0; 7366.0; 1505.0; 0.0; 10083.0; 1233.0; 12821.0; 20187.0; 3026.0; 6713.0; 1116.0; 7829.0; 10855.0; 37.0; 8491.0; -600.0; 0.0; 9332.0; 20187.0
2016-06-30; 3656.0; 1758.0; 1989.0; 421.0; 0.0; 7824.0; 1446.0; 0.0; 10100.0; 1150.0; 12696.0; 20520.0; 3605.0; 6717.0; 1100.0; 7817.0; 11422.0; 37.0; 8278.0; -595.0; 0.0; 9098.0; 20520.0
2016-03-31; 7483.0; 1591.0; 1768.0; 483.0; 0.0; 11325.0; 1224.0; 0.0; 5945.0; 1174.0; 8343.0; 19668.0; 3186.0; 6706.0; 968.0; 7674.0; 10860.0; 37.0; 8040.0; -622.0; 0.0; 8808.0; 19668.0
2015-12-31; 4079.0; 1662.0; 1639.0; 563.0; 0.0; 7943.0; 1199.0; 0.0; 5930.0; 1151.0; 8280.0; 16223.0; 3502.0; 3230.0; 980.0; 4210.0; 7712.0; 37.0; 7792.0; -639.0; 0.0; 8511.0; 16223.0
2015-09-30; 3372.0; 1496.0; 1665.0; 567.0; 0.0; 8033.0; 1128.0; 0.0; 6021.0; 735.0; 7884.0; 15917.0; 3553.0; 2511.0; 1369.0; 3880.0; 7433.0; 38.0; 7656.0; -529.0; 0.0; 8484.0; 15917.0
2015-06-30; 4277.0; 1500.0; 1619.0; 585.0; 0.0; 8936.0; 1102.0; 0.0; 6050.0; 731.0; 7883.0; 16819.0; 3723.0; 3242.0; 1349.0; 4591.0; 8314.0; 38.0; 7600.0; -431.0; 0.0; 8505.0; 16819.0
2015-03-31; 4263.0; 1521.0; 1582.0; 467.0; 0.0; 8727.0; 1069.0; 0.0; 6059.0; 725.0; 7853.0; 16580.0; 3695.0; 3257.0; 1307.0; 4564.0; 8259.0; 38.0; 7527.0; -521.0; 0.0; 8321.0; 16580.0
2014-12-31; 5000.0; 1572.0; 1588.0; 524.0; 0.0; 8684.0; 1098.0; 0.0; 6204.0; 1293.0; 8595.0; 17279.0; 4461.0; 3246.0; 977.0; 4223.0; 8684.0; 38.0; 7559.0; -254.0; 0.0; 8595.0; 17279.0
2014-09-30; 4677.0; 1529.0; 1666.0; 467.0; 0.0; 9326.0; 1104.0; 0.0; 6365.0; 720.0; 8189.0; 17515.0; 4211.0; 3231.0; 1449.0; 4680.0; 8891.0; 38.0; 7430.0; -74.0; 0.0; 8624.0; 17515.0
2014-06-30; 4745.0; 1503.0; 1587.0; 605.0; 0.0; 9381.0; 1127.0; 0.0; 6191.0; 530.0; 7848.0; 17229.0; 3713.0; 3237.0; 1277.0; 4514.0; 8227.0; 38.0; 7525.0; 231.0; 0.0; 9002.0; 17229.0
2014-03-31; 4047.0; 1430.0; 1498.0; 553.0; 0.0; 8446.0; 1117.0; 0.0; 6082.0; 514.0; 7713.0; 16159.0; 3558.0; 2244.0; 1294.0; 3538.0; 7096.0; 38.0; 7571.0; 268.0; 0.0; 9063.0; 16159.0
2013-12-31; 3980.0; 1518.0; 1422.0; 535.0; 0.0; 8335.0; 1081.0; 0.0; 5833.0; 494.0; 7408.0; 15743.0; 2657.0; 2739.0; 1300.0; 4039.0; 6696.0; 38.0; 7617.0; 232.0; 0.0; 9047.0; 15743.0
2013-09-30; 5138.0; 1370.0; 1404.0; 518.0; 0.0; 9187.0; 1036.0; 0.0; 4142.0; 518.0; 5696.0; 14883.0; 2324.0; 2743.0; 1079.0; 3822.0; 6146.0; 38.0; 7411.0; 146.0; 0.0; 8737.0; 14883.0
2013-06-30; 4652.0; 1413.0; 1345.0; 498.0; 0.0; 8689.0; 1021.0; 0.0; 4118.0; 554.0; 5693.0; 14382.0; 1971.0; 2742.0; 1066.0; 3808.0; 5779.0; 38.0; 7410.0; 31.0; 0.0; 8603.0; 14382.0
2013-03-31; 4487.0; 1408.0; 1323.0; 412.0; 0.0; 8421.0; 1002.0; 0.0; 4112.0; 554.0; 5668.0; 14089.0; 1808.0; 2738.0; 1087.0; 3825.0; 5633.0; 38.0; 7296.0; 17.0; 0.0; 8456.0; 14089.0
2012-12-31; 4285.0; 1430.0; 1265.0; 357.0; 0.0; 8148.0; 948.0; 0.0; 3566.0; 544.0; 5058.0; 13206.0; 1876.0; 1746.0; 987.0; 2733.0; 4609.0; 38.0; 7332.0; 129.0; 0.0; 8597.0; 13206.0
2012-09-30; 3863.0; 1356.0; 1315.0; 246.0; 0.0; 7640.0; 929.0; 0.0; 3402.0; 169.0; 5137.0; 12777.0; 1576.0; 1751.0; 1089.0; 2840.0; 4416.0; 38.0; 7162.0; 78.0; 0.0; 8361.0; 12777.0
2012-06-30; 3460.0; 1368.0; 1289.0; 290.0; 0.0; 7198.0; 898.0; 0.0; 3377.0; 158.0; 5064.0; 12262.0; 1489.0; 1750.0; 1071.0; 2821.0; 4310.0; 38.0; 6908.0; -60.0; 0.0; 7952.0; 12262.0
2012-03-31; 3297.0; 1472.0; 1318.0; 336.0; 0.0; 7229.0; 909.0; 0.0; 3507.0; 161.0; 5230.0; 12459.0; 1549.0; 1751.0; 1137.0; 2888.0; 4437.0; 38.0; 6701.0; 235.0; 0.0; 8022.0; 12459.0
2011-12-31; 3418.0; 1417.0; 1283.0; 312.0; 0.0; 7207.0; 888.0; 0.0; 3514.0; 537.0; 4939.0; 12146.0; 1840.0; 1751.0; 872.0; 2623.0; 4463.0; 38.0; 6479.0; 144.0; 0.0; 7683.0; 12146.0
2011-09-30; 3213.0; 1319.0; 1297.0; 327.0; 0.0; 6931.0; 888.0; 0.0; 3496.0; 161.0; 5152.0; 12083.0; 1562.0; 1755.0; 1209.0; 2964.0; 4526.0; 38.0; 6240.0; 272.0; 0.0; 7557.0; 12083.0
2011-06-30; 2675.0; 1348.2; 1284.4; 416.5; 0.0; 6502.7; 886.0; 0.0; 3425.7; 161.9; 5093.7; 11596.4; 1603.5; 996.7; 1218.2; 2214.9; 3818.4; 38.8; 6254.1; 484.3; 0.0; 7778.0; 11596.4
2011-03-31; 2885.9; 1310.3; 1220.5; 343.5; 0.0; 6501.2; 845.0; 0.0; 3165.5; 160.0; 4729.8; 11231.0; 1586.8; 996.6; 1195.2; 2191.8; 3778.6; 38.8; 6014.8; 416.3; 0.0; 7452.4; 11231.0
2010-12-31; 4380.0; 1252.0; 1057.0; 290.0; 0.0; 7632.0; 798.0; 0.0; 1775.0; 151.0; 3263.0; 10895.0; 1605.0; 996.0; 1120.0; 2116.0; 3721.0; 39.0; 6017.0; 154.0; 0.0; 7174.0; 10895.0
2010-09-30; 4514.6; 1158.6; 1035.3; 218.0; 0.0; 7543.7; 931.6; 0.0; 1604.5; 144.4; 3228.2; 10771.9; 1406.0; 996.4; 1063.5; 2059.9; 3465.9; 39.7; 6091.2; 209.8; 0.0; 7306.0; 10771.9
2010-06-30; 4028.5; 1108.2; 968.2; 195.4; 0.0; 6899.8; 898.7; 0.0; 1586.9; 136.4; 3160.3; 10060.1; 1295.1; 996.3; 1023.2; 2019.5; 3314.6; 39.7; 5813.1; -51.8; 0.0; 6745.5; 10060.1
2010-03-31; 3937.6; 1120.6; 961.0; 239.4; 0.0; 6875.4; 925.0; 0.0; 1617.5; 135.8; 3223.0; 10098.4; 1404.8; 996.2; 1026.6; 2022.8; 3427.6; 39.7; 5553.7; 152.0; 0.0; 6670.8; 10098.4
2009-12-31; 2954.8; 1147.1; 943.0; 204.1; 0.0; 5851.2; 947.6; 0.0; 1591.5; 136.7; 3220.1; 9071.3; 1441.0; 0.0; 1035.2; 1035.2; 2476.2; 39.8; 5397.4; 258.0; 0.0; 6595.1; 9071.3
2009-09-30; 2929.4; 1113.5; 977.3; 146.3; 0.0; 5761.8; 954.1; 0.0; 954.9; 296.4; 2697.4; 8459.2; 1198.0; 0.0; 820.3; 820.3; 2018.3; 39.8; 5190.9; 326.6; 0.0; 6440.9; 8459.2
2009-06-30; 2427.9; 1097.3; 991.7; 152.8; 0.0; 5240.3; 950.3; 0.0; 942.0; 299.5; 2683.2; 7923.5; 1075.1; 0.0; 790.9; 790.9; 1866.0; 39.7; 4961.9; 189.0; 0.0; 6057.5; 7923.5
2009-03-31; 2245.1; 1054.8; 990.2; 157.1; 0.0; 4999.9; 944.3; 0.0; 909.5; 237.0; 2585.3; 7585.2; 1181.8; 0.0; 778.3; 778.3; 1960.1; 39.7; 4670.6; 69.3; 0.0; 5625.1; 7585.2
