Date; Cash On Hand; Receivables; Inventory; Pre-Paid Expenses; Other Current Assets; Total Current Assets; Property, Plant, And Equipment; Long-Term Investments; Goodwill And Intangible Assets; Other Long-Term Assets; Total Long-Term Assets; Total Assets; Total Current Liabilities; Long Term Debt; Other Non-Current Liabilities; Total Long Term Liabilities; Total Liabilities; Common Stock Net; Retained Earnings (Accumulated Deficit); Comprehensive Income; Other Share Holders Equity; Share Holder Equity; Total Liabilities And Share Holders Equity
2022-09-30; 1313.0; 2052.0; 794.0; 0.0; 246.0; 4405.0; 55689.0; 2314.0; 0.0; 1232.0; 60938.0; 65343.0; 5712.0; 31744.0; 1973.0; 47888.0; 53600.0; 2782.0; 58047.0; -832.0; 0.0; 11743.0; 65343.0
2022-06-30; 834.0; 2052.0; 790.0; 0.0; 300.0; 3976.0; 55315.0; 2287.0; 0.0; 1156.0; 60464.0; 64440.0; 6002.0; 29673.0; 1983.0; 45728.0; 51730.0; 2781.0; 56958.0; -841.0; 0.0; 12710.0; 64440.0
2022-03-31; 955.0; 1958.0; 726.0; 0.0; 237.0; 3876.0; 55064.0; 2279.0; 0.0; 1105.0; 60175.0; 64051.0; 5462.0; 30680.0; 1982.0; 46692.0; 52154.0; 2782.0; 55937.0; -878.0; 0.0; 11897.0; 64051.0
2021-12-31; 1006.0; 1722.0; 621.0; 0.0; 202.0; 3551.0; 54871.0; 2241.0; 0.0; 1075.0; 59974.0; 63525.0; 5744.0; 27563.0; 1953.0; 43620.0; 49364.0; 2781.0; 55049.0; -914.0; 0.0; 14161.0; 63525.0
2021-09-30; 1240.0; 1679.0; 664.0; 0.0; 227.0; 3810.0; 54362.0; 2273.0; 0.0; 285.0; 58550.0; 62360.0; 5111.0; 27560.0; 2010.0; 43332.0; 48443.0; 2781.0; 54094.0; -1533.0; 0.0; 13917.0; 62360.0
2021-06-30; 1161.0; 1666.0; 688.0; 0.0; 249.0; 3764.0; 54148.0; 2277.0; 0.0; 249.0; 58309.0; 62073.0; 4357.0; 27702.0; 2066.0; 43413.0; 47770.0; 2781.0; 53116.0; -1551.0; 0.0; 14303.0; 62073.0
2021-03-31; 1243.0; 1610.0; 659.0; 0.0; 207.0; 3719.0; 54062.0; 2167.0; 0.0; 264.0; 58074.0; 61793.0; 4871.0; 25117.0; 2073.0; 40668.0; 45539.0; 2781.0; 52019.0; -1594.0; 0.0; 16254.0; 61793.0
2020-12-31; 1859.0; 1505.0; 638.0; 0.0; 212.0; 4214.0; 54161.0; 2164.0; 0.0; 249.0; 58184.0; 62398.0; 4173.0; 25660.0; 2077.0; 41267.0; 45440.0; 2781.0; 51326.0; -1593.0; 0.0; 16958.0; 62398.0
2020-09-30; 2661.0; 1565.0; 649.0; 0.0; 255.0; 5130.0; 54375.0; 2071.0; 0.0; 496.0; 58584.0; 63714.0; 4841.0; 26080.0; 1973.0; 41674.0; 46515.0; 2781.0; 50600.0; -1351.0; 0.0; 17199.0; 63714.0
2020-06-30; 2766.0; 1388.0; 668.0; 0.0; 261.0; 5083.0; 54270.0; 2042.0; 0.0; 460.0; 58472.0; 63555.0; 5279.0; 26439.0; 1894.0; 41824.0; 47103.0; 2781.0; 49892.0; -1372.0; 0.0; 16452.0; 63555.0
2020-03-31; 1190.0; 1669.0; 692.0; 0.0; 253.0; 3804.0; 54121.0; 2078.0; 0.0; 440.0; 58412.0; 62216.0; 4641.0; 26365.0; 1792.0; 41584.0; 46225.0; 2781.0; 49419.0; -1329.0; 0.0; 15991.0; 62216.0
2019-12-31; 891.0; 1595.0; 751.0; 0.0; 222.0; 3459.0; 53916.0; 2050.0; 0.0; 436.0; 58214.0; 61673.0; 4351.0; 23943.0; 1788.0; 39194.0; 43545.0; 2780.0; 48605.0; -1356.0; 0.0; 18128.0; 61673.0
2019-09-30; 1310.0; 1650.0; 771.0; 0.0; 342.0; 4073.0; 53488.0; 2003.0; 0.0; 483.0; 57905.0; 61978.0; 4587.0; 24314.0; 1775.0; 39375.0; 43962.0; 2780.0; 47875.0; -1305.0; 0.0; 18016.0; 61978.0
2019-06-30; 1109.0; 1809.0; 775.0; 0.0; 393.0; 4086.0; 53115.0; 1989.0; 0.0; 442.0; 57622.0; 61708.0; 5665.0; 22955.0; 1731.0; 37872.0; 43537.0; 2780.0; 46997.0; -1298.0; 0.0; 18171.0; 61708.0
2019-03-31; 1119.0; 1672.0; 780.0; 0.0; 382.0; 3953.0; 52856.0; 1951.0; 0.0; 413.0; 57366.0; 61319.0; 5262.0; 23409.0; 1835.0; 38315.0; 43577.0; 2780.0; 46049.0; -1378.0; 0.0; 17742.0; 61319.0
2018-12-31; 1333.0; 1755.0; 742.0; 0.0; 333.0; 4163.0; 52679.0; 1912.0; 0.0; 393.0; 54984.0; 59147.0; 4626.0; 20925.0; 1871.0; 34098.0; 38724.0; 2779.0; 45284.0; -1415.0; 0.0; 20423.0; 59147.0
2018-09-30; 1900.0; 1792.0; 789.0; 0.0; 335.0; 4816.0; 52210.0; 1887.0; 0.0; 399.0; 54496.0; 59312.0; 4529.0; 20943.0; 1925.0; 34138.0; 38667.0; 2779.0; 44313.0; -1392.0; 0.0; 20645.0; 59312.0
2018-06-30; 1694.0; 1634.0; 772.0; 0.0; 394.0; 4494.0; 51947.0; 1856.0; 0.0; 392.0; 54195.0; 58689.0; 4372.0; 21357.0; 1942.0; 34408.0; 38780.0; 2779.0; 43311.0; -1428.0; 0.0; 19909.0; 58689.0
2018-03-31; 1138.0; 1571.0; 808.0; 0.0; 380.0; 3897.0; 51696.0; 1810.0; 0.0; 386.0; 53892.0; 57789.0; 4746.0; 15697.0; 1907.0; 28654.0; 33400.0; 2779.0; 42359.0; -1422.0; 0.0; 24389.0; 57789.0
2017-12-31; 1365.0; 1493.0; 749.0; 0.0; 399.0; 4006.0; 51605.0; 1809.0; 0.0; 386.0; 53800.0; 57806.0; 3939.0; 16144.0; 1931.0; 29011.0; 32950.0; 2778.0; 41317.0; -1141.0; 0.0; 24856.0; 57806.0
2017-09-30; 1937.0; 1428.0; 742.0; 0.0; 342.0; 4449.0; 51036.0; 1566.0; 0.0; 346.0; 52948.0; 57397.0; 3831.0; 15930.0; 1961.0; 34415.0; 38246.0; 2778.0; 34561.0; -1172.0; 0.0; 19151.0; 57397.0
2017-06-30; 1376.0; 1357.0; 726.0; 0.0; 410.0; 3869.0; 50814.0; 1504.0; 0.0; 291.0; 52609.0; 56478.0; 3406.0; 15229.0; 1899.0; 33457.0; 36863.0; 2778.0; 33847.0; -1221.0; 0.0; 19615.0; 56478.0
2017-03-31; 1139.0; 1279.0; 760.0; 0.0; 410.0; 3588.0; 50550.0; 1480.0; 0.0; 282.0; 52312.0; 55900.0; 3848.0; 14310.0; 1862.0; 32329.0; 36177.0; 2779.0; 33167.0; -1252.0; 0.0; 19723.0; 55900.0
2016-12-31; 1337.0; 1258.0; 717.0; 0.0; 284.0; 3596.0; 50389.0; 1457.0; 0.0; 276.0; 52122.0; 55718.0; 3640.0; 14249.0; 1901.0; 32146.0; 35786.0; 2777.0; 32587.0; -1272.0; 0.0; 19932.0; 55718.0
2016-09-30; 2239.0; 1351.0; 690.0; 0.0; 322.0; 4602.0; 49939.0; 1446.0; 0.0; 318.0; 51703.0; 56305.0; 3257.0; 15205.0; 1785.0; 32764.0; 36021.0; 2777.0; 31940.0; -1185.0; 0.0; 20284.0; 56305.0
2016-06-30; 2160.0; 1373.0; 660.0; 0.0; 373.0; 4566.0; 49461.0; 1408.0; 0.0; 255.0; 51124.0; 55690.0; 3095.0; 14777.0; 1803.0; 32173.0; 35268.0; 2778.0; 31266.0; -1198.0; 0.0; 20422.0; 55690.0
2016-03-31; 2673.0; 1355.0; 716.0; 0.0; 339.0; 5083.0; 49071.0; 1404.0; 0.0; 214.0; 50689.0; 55772.0; 3287.0; 14791.0; 1815.0; 32010.0; 35297.0; 2778.0; 30747.0; -1208.0; 0.0; 20475.0; 55772.0
2015-12-31; 1391.0; 1356.0; 736.0; 0.0; 647.0; 4130.0; 48866.0; 1410.0; 0.0; 194.0; 50470.0; 54600.0; 3206.0; 13607.0; 1844.0; 30692.0; 33898.0; 2776.0; 30233.0; -1195.0; 0.0; 20702.0; 54600.0
2015-09-30; 1078.0; 1508.0; 741.0; 0.0; 397.0; 3942.0; 48149.0; 1373.0; 0.0; 299.0; 49821.0; 53763.0; 3508.0; 12798.0; 1796.0; 29656.0; 33164.0; 2776.0; 29583.0; -1212.0; 0.0; 20599.0; 53763.0
2015-06-30; 2041.0; 1513.0; 762.0; 0.0; 432.0; 4983.0; 47512.0; 1375.0; 0.0; 307.0; 49194.0; 54177.0; 3413.0; 12908.0; 1959.0; 29774.0; 33187.0; 2776.0; 28759.0; -1208.0; 0.0; 20990.0; 54177.0
2015-03-31; 1587.0; 1564.0; 744.0; 0.0; 334.0; 4479.0; 46928.0; 1375.0; 0.0; 363.0; 48666.0; 53145.0; 3390.0; 11884.0; 2040.0; 28698.0; 32088.0; 2776.0; 28034.0; -1218.0; 0.0; 21057.0; 53145.0
2014-12-31; 1586.0; 1611.0; 712.0; 0.0; 492.0; 4401.0; 46272.0; 1390.0; 0.0; 309.0; 47971.0; 52372.0; 3764.0; 10952.0; 2064.0; 27419.0; 31183.0; 2775.0; 27367.0; -1210.0; 0.0; 21189.0; 52372.0
2014-09-30; 1887.0; 1635.0; 736.0; 0.0; 304.0; 4780.0; 45553.0; 1384.0; 0.0; 851.0; 47788.0; 52568.0; 3833.0; 11045.0; 1716.0; 27182.0; 31015.0; 2775.0; 26380.0; -708.0; 0.0; 21553.0; 52568.0
2014-06-30; 1537.0; 1666.0; 739.0; 0.0; 322.0; 4503.0; 44901.0; 1369.0; 0.0; 789.0; 47059.0; 51562.0; 3777.0; 10385.0; 1659.0; 26345.0; 30122.0; 2775.0; 25456.0; -714.0; 0.0; 21440.0; 51562.0
2014-03-31; 1857.0; 1542.0; 705.0; 0.0; 316.0; 4679.0; 44189.0; 1344.0; 0.0; 686.0; 46219.0; 50898.0; 4188.0; 9544.0; 1665.0; 25438.0; 29626.0; 1388.0; 25962.0; -734.0; 0.0; 21272.0; 50898.0
2013-12-31; 1432.0; 1414.0; 653.0; 0.0; 223.0; 3990.0; 43749.0; 1321.0; 0.0; 671.0; 45741.0; 49731.0; 3791.0; 8872.0; 1680.0; 24715.0; 28506.0; 2774.0; 23901.0; -750.0; 0.0; 21225.0; 49731.0
2013-09-30; 1366.0; 1469.0; 683.0; 0.0; 316.0; 4064.0; 43311.0; 1282.0; 0.0; 301.0; 44894.0; 48958.0; 3655.0; 8764.0; 2026.0; 24529.0; 28184.0; 1387.0; 24476.0; -1143.0; 0.0; 20774.0; 48958.0
2013-06-30; 1845.0; 1468.0; 654.0; 0.0; 334.0; 4543.0; 42911.0; 1272.0; 0.0; 300.0; 44483.0; 49026.0; 3825.0; 9076.0; 2124.0; 24677.0; 28502.0; 1387.0; 23690.0; -1148.0; 0.0; 20524.0; 49026.0
2013-03-31; 1917.0; 1512.0; 655.0; 0.0; 311.0; 4646.0; 42376.0; 1240.0; 0.0; 299.0; 43915.0; 48561.0; 3610.0; 9309.0; 2210.0; 24807.0; 28417.0; 1387.0; 22905.0; -1169.0; 0.0; 20144.0; 48561.0
2012-12-31; 1063.0; 1331.0; 660.0; 0.0; 297.0; 3614.0; 41997.0; 1259.0; 0.0; 283.0; 43539.0; 47153.0; 3119.0; 8801.0; 2248.0; 24157.0; 27276.0; 1386.0; 22271.0; -1186.0; 0.0; 19877.0; 47153.0
2012-09-30; 1130.0; 1583.0; 680.0; 0.0; 260.0; 3946.0; 41617.0; 1235.0; 0.0; 272.0; 43124.0; 47070.0; 3874.0; 8773.0; 2016.0; 23647.0; 27521.0; 1386.0; 21560.0; -1015.0; 0.0; 19549.0; 47070.0
2012-06-30; 1201.0; 1497.0; 646.0; 0.0; 288.0; 3956.0; 40937.0; 1211.0; 0.0; 270.0; 42418.0; 46374.0; 3917.0; 8636.0; 2088.0; 23370.0; 27287.0; 1386.0; 20802.0; -1061.0; 0.0; 19087.0; 46374.0
2012-03-31; 995.0; 1327.0; 682.0; 0.0; 247.0; 3565.0; 40309.0; 1210.0; 0.0; 252.0; 41771.0; 45336.0; 3902.0; 8066.0; 2108.0; 22679.0; 26581.0; 1387.0; 20084.0; -1046.0; 0.0; 18755.0; 45336.0
2011-12-31; 1217.0; 1401.0; 614.0; 0.0; 189.0; 3727.0; 39934.0; 1175.0; 0.0; 260.0; 41369.0; 45096.0; 3317.0; 8697.0; 2136.0; 23201.0; 26518.0; 1386.0; 19508.0; -1054.0; 0.0; 18578.0; 45096.0
2011-09-30; 1647.0; 1424.0; 607.0; 0.0; 231.0; 4214.0; 39425.0; 1171.0; 0.0; 256.0; 40852.0; 45066.0; 3724.0; 8765.0; 1722.0; 22777.0; 26501.0; 1386.0; 18833.0; -732.0; 0.0; 18565.0; 45066.0
2011-06-30; 1055.0; 1427.0; 630.0; 0.0; 272.0; 3699.0; 38908.0; 1176.0; 0.0; 246.0; 40330.0; 44029.0; 3153.0; 8759.0; 1795.0; 22570.0; 25723.0; 1386.0; 18159.0; -719.0; 0.0; 18306.0; 44029.0
2011-03-31; 1248.0; 1275.0; 582.0; 0.0; 265.0; 3677.0; 38512.0; 1157.0; 0.0; 241.0; 39910.0; 43587.0; 2947.0; 9016.0; 1790.0; 22594.0; 25541.0; 1386.0; 17607.0; -728.0; 0.0; 18046.0; 43587.0
2010-12-31; 1086.0; 1184.0; 534.0; 0.0; 367.0; 3432.0; 38253.0; 1137.0; 0.0; 266.0; 39656.0; 43088.0; 2952.0; 9003.0; 1813.0; 22373.0; 25325.0; 1385.0; 17154.0; -734.0; 0.0; 17763.0; 43088.0
2010-09-30; 1358.0; 1297.0; 504.0; 0.0; 394.0; 3910.0; 37749.0; 1104.0; 0.0; 238.0; 39091.0; 43001.0; 3185.0; 9060.0; 1840.0; 22380.0; 25565.0; 1385.0; 16566.0; -649.0; 0.0; 17436.0; 43001.0
2010-06-30; 1317.0; 1250.0; 496.0; 0.0; 275.0; 3702.0; 37527.0; 1064.0; 0.0; 242.0; 38833.0; 42535.0; 3035.0; 9117.0; 1871.0; 22177.0; 25212.0; 1385.0; 15951.0; -648.0; 0.0; 17323.0; 42535.0
2010-03-31; 1753.0; 1218.0; 506.0; 0.0; 280.0; 4112.0; 37301.0; 1036.0; 0.0; 263.0; 38600.0; 42712.0; 2909.0; 9480.0; 1994.0; 22590.0; 25499.0; 1385.0; 15406.0; -648.0; 0.0; 17213.0; 42712.0
2009-12-31; 1850.0; 666.0; 475.0; 0.0; 350.0; 3680.0; 37202.0; 1036.0; 0.0; 266.0; 38504.0; 42184.0; 2682.0; 9636.0; 2021.0; 22701.0; 25383.0; 1384.0; 15027.0; -654.0; 0.0; 16801.0; 42184.0
2009-09-30; 1435.0; 727.0; 490.0; 0.0; 266.0; 3217.0; 37122.0; 1013.0; 0.0; 337.0; 38472.0; 41689.0; 2748.0; 9620.0; 2297.0; 22512.0; 25260.0; 1384.0; 14752.0; -713.0; 0.0; 16429.0; 41689.0
2009-06-30; 1656.0; 629.0; 507.0; 0.0; 271.0; 3346.0; 36763.0; 990.0; 0.0; 451.0; 38204.0; 41550.0; 2834.0; 9816.0; 2394.0; 22697.0; 25531.0; 1384.0; 14371.0; -714.0; 0.0; 16019.0; 41550.0
2009-03-31; 1466.0; 548.0; 446.0; 0.0; 267.0; 3017.0; 35856.0; 947.0; 0.0; 379.0; 37182.0; 40199.0; 2682.0; 9058.0; 2488.0; 21863.0; 24545.0; 1384.0; 14040.0; -730.0; 0.0; 15654.0; 40199.0
