Date; Cash On Hand; Receivables; Inventory; Pre-Paid Expenses; Other Current Assets; Total Current Assets; Property, Plant, And Equipment; Long-Term Investments; Goodwill And Intangible Assets; Other Long-Term Assets; Total Long-Term Assets; Total Assets; Total Current Liabilities; Long Term Debt; Other Non-Current Liabilities; Total Long Term Liabilities; Total Liabilities; Common Stock Net; Retained Earnings (Accumulated Deficit); Comprehensive Income; Other Share Holders Equity; Share Holder Equity; Total Liabilities And Share Holders Equity
2022-09-30; 1130.75; 5913.52; 0.0; 0.0; 0.0; 7044.27; 414.23; 22815.72; 169.65; 1866.02; 26032.55; 33076.82; 22495.19; 2842.48; 1369.17; 4211.65; 26706.84; 105.8; 9805.24; -1385.81; 0.0; 6369.98; 33076.82
2022-06-30; 1316.6; 5856.5; 0.0; 0.0; 0.0; 7173.1; 415.45; 22401.7; 169.65; 1779.36; 25519.35; 32692.45; 21937.05; 2840.28; 1378.24; 4218.52; 26155.57; 105.8; 9602.95; -1029.63; 0.0; 6536.87; 32692.45
2022-03-31; 2114.84; 5528.52; 0.0; 0.0; 0.0; 7643.36; 417.89; 21807.69; 169.65; 1495.72; 24607.59; 32250.95; 21331.01; 2841.99; 1190.16; 4032.15; 25363.15; 105.8; 9582.79; -649.23; 0.0; 6887.8; 32250.95
2021-12-31; 1568.84; 5446.0; 0.0; 0.0; 0.0; 7014.84; 419.88; 22294.75; 169.65; 1472.6; 25033.04; 32047.88; 20806.66; 3267.07; 1306.41; 4573.48; 25380.15; 105.8; 9015.14; -281.95; 0.0; 6667.73; 32047.88
2021-09-30; 2069.03; 5538.09; 0.0; 0.0; 0.0; 7607.11; 419.94; 21237.28; 169.65; 1447.66; 23937.17; 31544.29; 20246.37; 3266.12; 1368.09; 4634.21; 24880.58; 70.53; 8920.33; -190.86; 0.0; 6663.71; 31544.29
2021-06-30; 1790.2; 5530.5; 0.0; 0.0; 0.0; 7320.7; 428.72; 20350.03; 169.65; 1401.17; 22977.22; 30297.92; 19560.76; 2919.05; 1230.16; 4149.21; 23709.96; 70.53; 8682.09; -122.44; 0.0; 6587.95; 30297.92
2021-03-31; 2014.91; 5067.52; 0.0; 0.0; 0.0; 7082.43; 404.28; 20157.33; 169.65; 1383.27; 22708.84; 29791.27; 18832.25; 3310.41; 1141.66; 4528.74; 23360.99; 70.53; 8556.62; -148.25; 0.0; 6430.28; 29791.27
2020-12-31; 2372.37; 5117.03; 0.0; 0.0; 0.0; 7489.39; 405.93; 18602.23; 169.65; 1354.48; 21117.52; 28606.91; 18283.74; 2725.33; 1188.59; 3997.37; 22281.12; 70.53; 8348.38; -62.17; 0.0; 6325.8; 28606.91
2020-09-30; 2571.45; 4738.25; 0.0; 0.0; 0.0; 7309.69; 410.23; 18407.4; 169.65; 1354.66; 20902.67; 28212.37; 17920.67; 3072.81; 1179.21; 4252.02; 22172.7; 70.53; 8057.56; -170.89; 0.0; 6039.67; 28212.37
2020-06-30; 2430.83; 4714.83; 0.0; 0.0; 0.0; 7145.66; 414.33; 17667.06; 169.65; 1378.63; 20177.63; 27323.29; 17416.62; 2924.65; 1125.71; 4061.28; 21477.9; 70.53; 7927.28; -249.35; 0.0; 5845.39; 27323.29
2020-03-31; 965.01; 4386.71; 0.0; 0.0; 0.0; 5351.72; 422.01; 18180.14; 169.65; 1340.71; 20738.21; 26089.93; 16901.88; 2631.07; 1019.44; 3650.5; 20552.38; 70.53; 7877.37; -589.52; 0.0; 5537.54; 26089.93
2019-12-31; 1023.71; 4554.41; 0.0; 0.0; 0.0; 5578.12; 422.09; 18612.46; 169.65; 1353.74; 21084.02; 26662.14; 16600.07; 2626.28; 1281.03; 3943.73; 20543.8; 70.53; 7932.37; -257.3; 0.0; 6118.34; 26662.14
2019-09-30; 812.55; 4297.88; 0.0; 0.0; 0.0; 5110.43; 416.97; 18738.18; 169.65; 1255.89; 21108.08; 26218.51; 16424.81; 2342.78; 1336.2; 3694.25; 20119.07; 70.53; 7971.02; -322.1; 0.0; 6099.44; 26218.51
2019-06-30; 1258.17; 4476.65; 0.0; 0.0; 0.0; 5734.82; 398.88; 18387.51; 173.04; 1272.75; 20753.08; 26487.9; 16388.73; 2781.66; 1258.99; 4079.1; 20467.82; 70.53; 7826.02; -260.8; 0.0; 6020.08; 26487.9
2019-03-31; 937.43; 4228.48; 0.0; 0.0; 0.0; 5165.91; 406.84; 18112.17; 173.04; 1211.71; 20419.36; 25585.26; 15852.09; 2782.7; 1104.43; 3930.37; 19782.46; 70.53; 7721.04; -364.98; 0.0; 5802.8; 25585.26
2018-12-31; 817.6; 4087.28; 0.0; 0.0; 0.0; 4904.88; 416.37; 17867.57; 173.04; 1001.0; 19991.09; 24895.98; 15583.36; 2789.52; 1043.3; 3832.82; 19416.18; 70.53; 7558.62; -510.47; 0.0; 5479.8; 24895.98
2018-09-30; 819.37; 3923.77; 0.0; 0.0; 0.0; 4743.14; 424.75; 17990.21; 171.09; 1013.36; 20112.51; 24855.65; 15558.31; 2697.8; 1120.5; 3818.3; 19376.62; 47.02; 7505.71; -474.94; 0.0; 5479.03; 24855.65
2018-06-30; 911.2; 3863.02; 0.0; 0.0; 0.0; 4774.22; 427.62; 17744.4; 178.97; 981.42; 19846.92; 24621.14; 15430.71; 2699.17; 1025.64; 3724.81; 19155.52; 47.02; 7423.16; -395.84; 0.0; 5465.63; 24621.14
2018-03-31; 956.6; 3741.06; 0.0; 0.0; 0.0; 4697.66; 424.75; 17798.37; 178.94; 974.52; 19890.17; 24587.83; 15437.64; 2679.57; 881.71; 3658.01; 19095.65; 47.02; 7322.2; -258.98; 0.0; 5492.18; 24587.83
2017-12-31; 950.47; 3746.32; 0.0; 0.0; 0.0; 4696.8; 422.96; 17587.11; 178.94; 906.56; 19603.12; 24299.92; 15207.05; 2497.27; 1046.35; 3641.71; 18848.75; 47.02; 6956.88; 68.54; 0.0; 5451.16; 24299.92
2017-09-30; 774.0; 3855.88; 0.0; 0.0; 0.0; 4629.88; 399.92; 17701.23; 173.42; 897.54; 19706.2; 24336.08; 15292.51; 2488.0; 968.31; 3572.91; 18865.43; 47.02; 6880.06; 153.76; 0.0; 5470.65; 24336.08
2017-06-30; 788.35; 3678.33; 0.0; 0.0; 0.0; 4466.69; 424.98; 17501.69; 144.91; 915.26; 19526.8; 23993.49; 14971.43; 2487.04; 1114.18; 3696.11; 18667.54; 47.02; 6735.07; 133.3; 0.0; 5325.95; 23993.49
2017-03-31; 608.39; 3435.8; 0.0; 0.0; 0.0; 4044.19; 356.91; 17503.02; 144.51; 953.87; 19503.22; 23547.41; 14845.26; 2487.27; 826.39; 3483.62; 18328.87; 47.02; 6703.68; 69.49; 0.0; 5218.54; 23547.41
2016-12-31; 795.28; 3930.43; 0.0; 0.0; 0.0; 4725.71; 349.43; 16776.84; 144.51; 830.46; 18639.13; 23364.84; 14693.62; 2488.22; 967.5; 3590.09; 18283.71; 47.02; 6595.99; 55.57; 0.0; 5081.13; 23364.84
2016-09-30; 873.06; 3620.54; 0.0; 0.0; 0.0; 4493.6; 348.17; 16966.51; 134.15; 838.57; 18852.06; 23345.66; 14768.09; 2489.88; 1028.98; 3615.74; 18383.83; 47.02; 6519.54; -9.81; 0.0; 4961.82; 23345.66
2016-06-30; 948.71; 3795.36; 0.0; 0.0; 0.0; 4744.07; 346.02; 16237.22; 154.33; 980.38; 18281.79; 23025.86; 14561.43; 2535.76; 949.45; 3525.38; 18086.81; 47.02; 6375.89; 57.28; 0.0; 4939.05; 23025.86
2016-03-31; 837.51; 3681.86; 0.0; 0.0; 0.0; 4519.37; 346.47; 15717.54; 153.75; 946.28; 17711.56; 22230.93; 14359.86; 2261.48; 790.25; 3083.02; 17442.88; 47.02; 6282.87; 8.12; 0.0; 4788.06; 22230.93
2015-12-31; 763.63; 3585.13; 0.0; 0.0; 0.0; 4348.76; 348.22; 15474.63; 153.29; 892.93; 17382.21; 21730.97; 14031.04; 2184.94; 874.97; 3066.72; 17097.76; 47.02; 6178.07; -66.7; 0.0; 4633.21; 21730.97
2015-09-30; 879.93; 3681.86; 0.0; 0.0; 0.0; 4561.79; 336.82; 15325.92; 153.28; 836.49; 17176.78; 21738.57; 14089.07; 2179.22; 853.64; 3032.86; 17121.93; 47.02; 6083.12; 28.11; 0.0; 4616.64; 21738.57
2015-06-30; 756.37; 3341.5; 0.0; 0.0; 0.0; 4097.86; 332.01; 15712.4; 150.68; 875.54; 17591.94; 21689.81; 14037.73; 2184.05; 931.69; 3115.75; 17153.48; 47.02; 5945.31; 86.06; 0.0; 4536.33; 21689.81
2015-03-31; 614.7; 3226.35; 0.0; 0.0; 0.0; 3841.05; 327.23; 16196.19; 150.55; 824.52; 18006.0; 21847.05; 13987.45; 2452.58; 773.02; 3246.56; 17234.02; 47.02; 5836.97; 152.06; 0.0; 4613.04; 21847.05
2014-12-31; 674.44; 3525.56; 0.0; 0.0; 0.0; 4200.0; 332.1; 15712.19; 150.94; 832.93; 17516.69; 21716.69; 13633.7; 2455.59; 965.82; 3458.85; 17092.56; 47.02; 5732.41; 183.55; 0.0; 4624.13; 21716.69
2014-09-30; 1342.29; 3134.07; 0.0; 0.0; 0.0; 4476.35; 333.94; 15744.33; 103.34; 947.14; 17621.25; 22097.6; 13776.39; 2462.03; 1098.09; 3577.73; 17354.12; 47.02; 5762.41; 273.55; 0.0; 4743.47; 22097.6
2014-06-30; 842.67; 3270.37; 0.0; 0.0; 0.0; 4113.04; 335.74; 15371.33; 103.56; 759.8; 17054.15; 21167.19; 13610.56; 2036.97; 840.33; 2902.07; 16512.64; 47.02; 5587.82; 333.9; 0.0; 4654.56; 21167.19
2014-03-31; 643.58; 3234.5; 0.0; 0.0; 0.0; 3878.08; 337.98; 15203.08; 110.24; 699.64; 16826.19; 20704.27; 13430.77; 2032.56; 770.9; 2862.64; 16293.41; 47.02; 5421.91; 258.88; 0.0; 4410.86; 20704.27
2013-12-31; 839.74; 3395.52; 0.0; 0.0; 0.0; 4235.26; 339.45; 14666.96; 110.15; 727.76; 16316.54; 20551.8; 13139.13; 2032.24; 1011.03; 3043.27; 16182.4; 47.02; 5265.02; 189.39; 0.0; 4369.39; 20551.8
2013-09-30; 966.33; 3235.0; 0.0; 0.0; 0.0; 4201.32; 336.51; 14632.36; 113.17; 724.02; 16322.39; 20523.72; 13171.31; 2036.23; 920.88; 2957.11; 16128.42; 47.02; 5148.02; 217.48; 0.0; 4395.3; 20523.72
2013-06-30; 658.84; 3203.93; 0.0; 0.0; 0.0; 3862.76; 291.83; 14684.36; 112.74; 826.57; 16348.78; 20211.54; 12979.67; 2035.6; 930.62; 2966.22; 15945.89; 47.02; 5024.56; 210.22; 0.0; 4265.65; 20211.54
2013-03-31; 945.49; 2974.64; 0.0; 0.0; 0.0; 3920.14; 271.01; 14731.22; 107.53; 665.67; 16200.5; 20120.63; 12744.39; 1936.54; 924.26; 2965.61; 15710.0; 47.02; 4922.18; 428.59; 0.0; 4410.63; 20120.63
2012-12-31; 905.67; 3337.97; 0.0; 0.0; 0.0; 4243.64; 267.23; 14594.67; 87.86; 558.44; 15912.25; 20155.9; 12542.32; 2114.74; 1103.11; 3278.11; 15820.43; 47.02; 4817.81; 465.63; 0.0; 4335.47; 20155.9
2012-09-30; 1189.56; 3106.06; 0.0; 0.0; 0.0; 4295.62; 258.37; 14419.7; 87.86; 470.62; 15637.29; 19932.91; 12346.75; 2120.59; 1061.76; 3252.32; 15599.07; 47.02; 4800.54; 508.15; 0.0; 4333.85; 19932.91
2012-06-30; 1012.22; 2893.18; 0.0; 0.0; 0.0; 3905.41; 264.41; 14358.03; 87.86; 459.61; 15556.7; 19462.11; 12167.89; 2108.48; 921.69; 3077.37; 15245.26; 47.02; 4711.84; 416.36; 0.0; 4216.84; 19462.11
2012-03-31; 1082.41; 2931.99; 0.0; 0.0; 0.0; 4014.39; 268.23; 13913.13; 90.17; 470.11; 15119.24; 19133.63; 11973.63; 2096.56; 873.24; 3024.55; 14998.18; 47.02; 4615.44; 393.26; 0.0; 4135.45; 19133.63
2011-12-31; 911.74; 2740.12; 0.0; 0.0; 0.0; 3651.86; 262.27; 13573.29; 87.86; 463.64; 14752.01; 18403.87; 11767.91; 1743.5; 928.74; 2675.08; 14442.99; 47.02; 4491.16; 354.85; 0.0; 3960.88; 18403.87
2011-09-30; 866.13; 2763.25; 0.0; 0.0; 0.0; 3629.38; 263.69; 13427.75; 90.58; 468.87; 14701.44; 18330.82; 11730.66; 1744.72; 985.64; 2730.36; 14461.01; 47.02; 4439.29; 335.74; 0.0; 3869.81; 18330.82
2011-06-30; 794.88; 2614.06; 0.0; 0.0; 0.0; 3408.94; 254.79; 13500.9; 90.58; 484.31; 14786.19; 18195.12; 11626.64; 1744.63; 903.78; 2648.42; 14275.05; 47.02; 4372.98; 340.74; 0.0; 3920.07; 18195.12
2011-03-31; 630.15; 2639.81; 0.0; 0.0; 0.0; 3269.96; 256.97; 13378.2; 90.58; 481.7; 14713.55; 17983.51; 11512.41; 1739.94; 932.19; 2672.13; 14184.53; 47.02; 4301.26; 263.18; 0.0; 3798.98; 17983.51
2010-12-31; 642.95; 2496.7; 0.0; 0.0; 0.0; 3139.65; 254.72; 13133.78; 90.58; 438.38; 14388.89; 17528.55; 11185.99; 1743.2; 889.5; 2632.7; 13818.69; 47.02; 4194.68; 276.56; 0.0; 3709.86; 17528.55
2010-09-30; 922.2; 2385.67; 0.0; 0.0; 0.0; 3307.87; 251.61; 13290.64; 107.13; 397.33; 14504.98; 17812.85; 11380.82; 1736.94; 860.99; 2597.93; 13978.75; 47.02; 4077.8; 396.89; 0.0; 3834.1; 17812.85
2010-06-30; 781.46; 2358.66; 0.0; 0.0; 0.0; 3140.12; 245.0; 12991.66; 107.13; 405.94; 14276.8; 17416.93; 11339.02; 1585.28; 803.81; 2389.09; 13728.12; 47.02; 3994.37; 256.39; 0.0; 3688.81; 17416.93
2010-03-31; 441.05; 2309.15; 0.0; 0.0; 0.0; 2750.2; 245.28; 13203.38; 109.4; 392.33; 14481.72; 17231.92; 11266.19; 1588.09; 725.82; 2313.92; 13580.11; 47.02; 3894.61; 191.55; 0.0; 3651.82; 17231.92
2009-12-31; 515.43; 2330.84; 0.0; 0.0; 0.0; 2846.27; 246.6; 13180.76; 90.58; 382.57; 14482.33; 17328.6; 11208.14; 1595.27; 923.23; 2518.51; 13726.65; 47.02; 3785.19; 163.21; 0.0; 3601.95; 17328.6
2009-09-30; 736.39; 2254.67; 0.0; 0.0; 0.0; 2991.06; 244.5; 13092.75; 109.32; 388.89; 14401.45; 17392.51; 11318.91; 1590.04; 875.02; 2465.06; 13783.97; 47.02; 3660.45; 191.06; 0.0; 3608.55; 17392.51
2009-06-30; 771.51; 2190.03; 0.0; 0.0; 0.0; 2961.54; 250.06; 12208.69; 107.99; 463.28; 13694.96; 16656.49; 11257.87; 1272.42; 830.5; 2102.92; 13360.8; 47.02; 3572.37; -25.32; 0.0; 3295.7; 16656.49
2009-03-31; 826.07; 2211.1; 0.0; 0.0; 0.0; 3037.17; 253.37; 11618.92; 106.29; 433.47; 13156.14; 16193.31; 11172.24; 1271.62; 669.5; 1941.11; 13113.35; 47.02; 3484.59; -146.15; 0.0; 3079.96; 16193.31
