Date; Cash On Hand; Receivables; Inventory; Pre-Paid Expenses; Other Current Assets; Total Current Assets; Property, Plant, And Equipment; Long-Term Investments; Goodwill And Intangible Assets; Other Long-Term Assets; Total Long-Term Assets; Total Assets; Total Current Liabilities; Long Term Debt; Other Non-Current Liabilities; Total Long Term Liabilities; Total Liabilities; Common Stock Net; Retained Earnings (Accumulated Deficit); Comprehensive Income; Other Share Holders Equity; Share Holder Equity; Total Liabilities And Share Holders Equity
2022-09-30; 260.2; 2683.9; 2317.1; 0.0; 724.2; 5985.4; 10081.4; 0.0; 8815.8; 3082.6; 22420.1; 28405.5; 3902.8; 7575.0; 2445.8; 13083.0; 16985.8; 2.5; 2214.4; -1454.3; 0.0; 11419.7; 28405.5
2022-06-30; 305.4; 2824.9; 2300.5; 0.0; 573.9; 6004.7; 10058.4; 0.0; 8960.1; 3098.1; 22881.0; 28885.7; 4111.4; 7635.1; 2472.3; 13297.8; 17409.2; 2.5; 1934.4; -1095.4; 0.0; 11476.5; 28885.7
2022-03-31; 360.2; 2841.9; 2233.5; 0.0; 550.3; 5985.9; 10237.4; 0.0; 9112.9; 3131.4; 23219.7; 29205.6; 3911.8; 7954.4; 2503.0; 13696.7; 17608.5; 2.6; 1662.5; -880.2; 0.0; 11597.1; 29205.6
2021-12-31; 291.3; 2525.5; 2241.3; 0.0; 509.8; 5567.9; 10482.1; 0.0; 9192.2; 3133.1; 23514.6; 29082.5; 3555.5; 7996.4; 2497.8; 13809.7; 17365.2; 2.6; 1711.2; -1012.7; 0.0; 11717.3; 29082.5
2021-09-30; 290.9; 2586.9; 2173.3; 0.0; 608.5; 5659.6; 10570.1; 0.0; 9278.0; 3072.3; 23594.7; 29254.3; 3644.1; 8025.3; 2560.4; 13920.2; 17564.3; 2.7; 1607.9; -999.1; 0.0; 11690.0; 29254.3
2021-06-30; 549.8; 2518.1; 2145.6; 0.0; 510.2; 5723.7; 10631.3; 0.0; 9400.7; 3187.8; 23690.4; 29414.1; 3844.0; 8106.9; 2656.8; 14099.6; 17943.6; 2.7; 1370.8; -1040.8; 0.0; 11470.5; 29414.1
2021-03-31; 334.0; 2416.2; 2090.9; 0.0; 543.5; 5384.6; 10572.5; 0.0; 9459.0; 3119.0; 23587.3; 28971.9; 3552.7; 8393.1; 2635.8; 14349.2; 17901.9; 2.7; 1186.0; -1194.3; 0.0; 11070.0; 28971.9
2020-12-31; 253.8; 2023.4; 2084.6; 0.0; 502.0; 4863.8; 10784.3; 0.0; 9595.1; 3188.5; 23972.6; 28836.4; 3049.1; 8771.1; 2668.3; 14807.2; 17856.3; 2.6; 1126.3; -1115.3; 0.0; 10980.1; 28836.4
2020-09-30; 251.1; 2142.7; 2023.4; 0.0; 527.5; 4944.7; 10778.9; 0.0; 9629.4; 3058.0; 23835.0; 28779.7; 2928.9; 9207.7; 2626.8; 15203.3; 18132.2; 2.6; 1031.6; -1319.9; 0.0; 10647.5; 28779.7
2020-06-30; 291.5; 2083.2; 2137.7; 0.0; 493.5; 5005.9; 10922.6; 0.0; 11019.9; 3023.3; 25271.7; 30277.6; 2786.9; 9840.3; 2607.5; 15760.8; 18547.7; 2.6; 2240.3; -1387.4; 0.0; 11729.9; 30277.6
2020-03-31; 640.2; 2222.1; 2125.4; 0.0; 504.5; 5492.2; 11036.3; 0.0; 11109.9; 3043.3; 25468.1; 30960.3; 3139.8; 10424.6; 2591.5; 16322.5; 19462.3; 2.6; 2114.4; -1419.0; 0.0; 11498.0; 30960.3
2019-12-31; 156.4; 2061.7; 2189.7; 0.0; 544.8; 4952.6; 11281.1; 0.0; 11295.0; 3150.9; 25984.2; 30936.8; 3446.8; 9649.3; 2656.1; 15649.5; 19096.3; 2.6; 2087.5; -1034.9; 0.0; 11840.5; 30936.8
2019-09-30; 151.6; 2193.2; 2107.5; 0.0; 522.0; 4974.3; 11189.5; 0.0; 11345.1; 2423.1; 25182.4; 30156.7; 3435.1; 9502.3; 2199.1; 15037.4; 18472.5; 2.6; 1997.1; -1069.2; 0.0; 11684.2; 30156.7
2019-06-30; 179.1; 2398.1; 2074.2; 0.0; 542.3; 5193.7; 11169.3; 0.0; 11496.7; 2489.1; 25618.4; 30812.1; 3590.5; 9759.1; 2263.6; 15380.3; 18970.8; 2.6; 1805.1; -695.4; 0.0; 11841.3; 30812.1
2019-03-31; 154.2; 2367.0; 2096.9; 0.0; 595.9; 5214.0; 11029.4; 0.0; 11578.8; 2423.1; 25479.0; 30693.0; 4046.6; 9373.1; 2268.8; 14992.8; 19039.4; 2.6; 1671.2; -725.5; 0.0; 11653.6; 30693.0
2018-12-31; 260.7; 2315.5; 2101.8; 0.0; 548.0; 5226.0; 10969.7; 0.0; 11672.3; 2370.5; 25440.9; 30666.9; 3729.9; 9728.0; 2264.8; 15321.5; 19051.4; 2.6; 1635.3; -754.8; 0.0; 11615.5; 30666.9
2018-09-30; 636.8; 2010.7; 1829.6; 0.0; 308.0; 4785.1; 9082.5; 0.0; 8699.6; 2373.3; 20575.4; 25360.5; 3333.3; 5674.5; 2148.5; 10544.8; 13878.1; 2.5; 1573.3; -695.3; 0.0; 11482.4; 25360.5
2018-06-30; 452.6; 1980.8; 1819.3; 0.0; 373.5; 4626.2; 8932.2; 0.0; 8749.3; 2401.3; 20509.5; 25135.7; 2967.5; 5943.1; 2164.2; 10755.4; 13722.9; 2.5; 1427.9; -674.3; 0.0; 11412.8; 25135.7
2018-03-31; 272.4; 1950.2; 1888.2; 0.0; 465.9; 4576.7; 9056.8; 0.0; 8894.7; 2504.0; 20863.0; 25439.7; 3345.5; 5613.0; 2176.4; 10512.0; 13857.5; 2.6; 1302.4; -441.7; 0.0; 11582.2; 25439.7
2017-12-31; 312.3; 1804.3; 1869.2; 0.0; 479.4; 4465.2; 9063.9; 0.0; 8793.4; 2429.6; 20671.7; 25136.9; 3487.3; 5365.8; 2184.8; 10256.0; 13743.3; 2.5; 1196.8; -497.6; 0.0; 11393.6; 25136.9
2017-09-30; 304.0; 1886.8; 1797.3; 0.0; 502.8; 4490.9; 9118.3; 0.0; 8857.6; 2254.2; 20598.1; 25089.0; 3009.8; 5946.1; 1899.3; 11693.1; 14702.9; 2.5; 172.4; -457.3; 0.0; 10386.1; 25089.0
2017-06-30; 231.1; 1902.4; 1767.1; 0.0; 457.7; 4358.3; 9077.3; 0.0; 8791.5; 2288.8; 20511.7; 24870.0; 3058.9; 5812.3; 1975.9; 11614.5; 14673.4; 2.5; 79.3; -543.4; 0.0; 10196.6; 24870.0
2017-03-31; 391.2; 1563.5; 1587.9; 0.0; 1449.9; 4992.5; 8633.7; 0.0; 6740.6; 2247.3; 17957.6; 22950.1; 2321.1; 5459.5; 1934.1; 10872.4; 13193.5; 2.5; -147.2; -601.6; 0.0; 9756.6; 22950.1
2016-12-31; 500.6; 1517.5; 1656.3; 0.0; 360.8; 4035.2; 9079.1; 0.0; 7282.2; 2203.1; 18835.9; 22871.1; 2232.5; 5483.8; 1928.4; 11008.6; 13241.1; 2.5; -139.2; -742.1; 0.0; 9630.0; 22871.1
2016-09-30; 366.4; 1592.2; 1638.2; 0.0; 315.8; 3912.6; 9294.3; 0.0; 7377.4; 2196.1; 19125.6; 23038.2; 2183.0; 5496.3; 1916.4; 11025.2; 13208.2; 2.5; -105.9; -626.4; 0.0; 9830.0; 23038.2
2016-06-30; 266.0; 1596.6; 1691.1; 0.0; 331.5; 3885.2; 9345.2; 0.0; 7439.3; 2231.6; 19561.2; 23446.4; 2307.1; 5513.9; 1881.6; 11116.5; 13423.6; 2.5; 83.3; -611.4; 0.0; 10022.8; 23446.4
2016-03-31; 374.9; 1662.8; 2058.9; 0.0; 352.6; 4449.2; 9787.3; 0.0; 8659.6; 1829.3; 20819.2; 25268.4; 2557.1; 5858.3; 1811.9; 11636.5; 14193.6; 2.5; 1060.3; -677.2; 0.0; 11074.8; 25268.4
2015-12-31; 244.2; 1491.0; 2027.4; 0.0; 245.7; 4008.3; 9762.7; 0.0; 8723.3; 1806.5; 20822.9; 24831.2; 2249.1; 5631.7; 661.6; 11459.7; 13708.8; 2.6; 1104.1; -827.5; 0.0; 11122.4; 24831.2
2015-09-30; 215.1; 1575.4; 1761.0; 0.0; 261.7; 4176.0; 9159.8; 0.0; 7442.0; 1806.0; 21196.4; 25372.4; 2178.8; 5558.2; 1826.8; 11409.7; 13588.5; 2.6; 1661.6; -780.2; 0.0; 11783.9; 25372.4
2015-06-30; 50.5; 1025.9; 996.2; 0.0; 232.2; 2304.8; 5782.6; 0.0; 2541.4; 206.9; 8530.9; 10835.7; 1316.3; 2514.5; 166.6; 4962.7; 6279.0; 1.4; 2207.4; -532.5; 0.0; 4556.7; 10835.7
2015-03-31; 262.0; 688.0; 681.0; 0.0; 232.0; 1863.0; 3306.0; 0.0; 680.0; 1883.0; 7270.0; 9133.0; 937.0; 1810.0; 672.0; 4913.0; 5850.0; 2.0; 857.0; -631.0; 0.0; 3283.0; 9133.0
2014-12-31; 0.0; 0.0; 0.0; 0.0; 0.0; 0.0; 0.0; 0.0; 0.0; 0.0; 0.0; 0.0; 0.0; 0.0; 0.0; 0.0; 0.0; 0.0; 0.0; 0.0; 0.0; 0.0; 0.0
2014-09-30; 0.0; 0.0; 0.0; 0.0; 0.0; 0.0; 0.0; 0.0; 0.0; 0.0; 0.0; 0.0; 0.0; 0.0; 0.0; 0.0; 0.0; 0.0; 0.0; 0.0; 0.0; 0.0; 0.0
2014-06-30; 339.0; 793.0; 727.0; 0.0; 113.0; 1972.0; 3639.0; 0.0; 715.0; 1959.0; 7846.0; 9818.0; 1118.0; 1787.0; 754.0; 5010.0; 6128.0; 2.0; 750.0; -144.0; 0.0; 3690.0; 9818.0
2014-03-31; 332.0; 735.0; 731.0; 0.0; 128.0; 1926.0; 3646.0; 0.0; 718.0; 1958.0; 7829.0; 9755.0; 1037.0; 1849.0; 1857.0; 5059.0; 6096.0; 2.0; 761.0; -160.0; 0.0; 3659.0; 9755.0
2013-12-31; 0.0; 0.0; 0.0; 0.0; 0.0; 0.0; 0.0; 0.0; 0.0; 0.0; 0.0; 0.0; 0.0; 0.0; 0.0; 0.0; 0.0; 0.0; 0.0; 0.0; 0.0; 0.0; 0.0
2013-09-30; 462.0; 691.0; 665.0; 0.0; 121.0; 1939.0; 3718.0; 0.0; 717.0; 1102.0; 6957.0; 8896.0; 1053.0; 2038.0; 1269.0; 4399.0; 5452.0; 2.0; 337.0; -188.0; 0.0; 3444.0; 8896.0
2013-06-30; 431.0; 690.0; 664.0; 0.0; 148.0; 1933.0; 3680.0; 0.0; 714.0; 1107.0; 6868.0; 8801.0; 1112.0; 2049.0; 1271.0; 4371.0; 5483.0; 2.0; 257.0; -225.0; 0.0; 3318.0; 8801.0
2013-03-31; 417.0; 674.0; 689.0; 0.0; 172.0; 1952.0; 3736.0; 0.0; 718.0; 1105.0; 6853.0; 8805.0; 1033.0; 2085.0; 1300.0; 4401.0; 5434.0; 2.0; 275.0; -194.0; 0.0; 3371.0; 8805.0
2012-12-31; 0.0; 0.0; 0.0; 0.0; 0.0; 0.0; 0.0; 0.0; 0.0; 0.0; 0.0; 0.0; 0.0; 0.0; 0.0; 0.0; 0.0; 0.0; 0.0; 0.0; 0.0; 0.0; 0.0
2012-09-30; 745.0; 693.0; 654.0; 0.0; 125.0; 2217.0; 3592.0; 0.0; 666.0; 1087.0; 6473.0; 8690.0; 1082.0; 2093.0; 1251.0; 4280.0; 5362.0; 2.0; 334.0; -241.0; 0.0; 3328.0; 8690.0
2012-06-30; 531.0; 666.0; 643.0; 0.0; 113.0; 1953.0; 3497.0; 0.0; 662.0; 1084.0; 6337.0; 8290.0; 1077.0; 1866.0; 1239.0; 4027.0; 5104.0; 2.0; 269.0; -285.0; 0.0; 3186.0; 8290.0
2012-03-31; 483.0; 723.0; 742.0; 0.0; 113.0; 2061.0; 3594.0; 0.0; 836.0; 1207.0; 6637.0; 8698.0; 1375.0; 1879.0; 1295.0; 4072.0; 5447.0; 2.0; 298.0; -225.0; 0.0; 3251.0; 8698.0
2011-12-31; 0.0; 0.0; 0.0; 0.0; 0.0; 0.0; 0.0; 0.0; 0.0; 0.0; 0.0; 0.0; 0.0; 0.0; 0.0; 0.0; 0.0; 0.0; 0.0; 0.0; 0.0; 0.0; 0.0
2011-09-30; 757.0; 810.0; 748.0; 0.0; 108.0; 2423.0; 3361.0; 0.0; 809.0; 1194.0; 6496.0; 8919.0; 1418.0; 1849.0; 1230.0; 4072.0; 5490.0; 2.0; 360.0; -95.0; 0.0; 3429.0; 8919.0
2011-06-30; 668.0; 839.0; 799.0; 0.0; 120.0; 2426.0; 3382.0; 0.0; 826.0; 1254.0; 6567.0; 8993.0; 1430.0; 1785.0; 1262.0; 4050.0; 5480.0; 2.0; 244.0; 116.0; 0.0; 3513.0; 8993.0
2011-03-31; 675.0; 713.0; 742.0; 0.0; 128.0; 2258.0; 3308.0; 0.0; 821.0; 1242.0; 6449.0; 8707.0; 1038.0; 2026.0; 1247.0; 4254.0; 5292.0; 2.0; 241.0; 59.0; 0.0; 3415.0; 8707.0
2010-12-31; 0.0; 0.0; 0.0; 0.0; 0.0; 0.0; 0.0; 0.0; 0.0; 0.0; 0.0; 0.0; 0.0; 0.0; 0.0; 0.0; 0.0; 0.0; 0.0; 0.0; 0.0; 0.0; 0.0
2010-09-30; 774.0; 831.0; 687.0; 0.0; 141.0; 2433.0; 3242.0; 0.0; 802.0; 1207.0; 6215.0; 8648.0; 1168.0; 2038.0; 1234.0; 4235.0; 5403.0; 2.0; 215.0; -56.0; 0.0; 3245.0; 8648.0
2010-06-30; 659.0; 866.0; 690.0; 0.0; 161.0; 2376.0; 3291.0; 0.0; 798.0; 1246.0; 6237.0; 8613.0; 1206.0; 2136.0; 1131.0; 4252.0; 5458.0; 2.0; 231.0; -211.0; 0.0; 3155.0; 8613.0
2010-03-31; 731.0; 765.0; 641.0; 0.0; 155.0; 2292.0; 3374.0; 0.0; 809.0; 1276.0; 6447.0; 8739.0; 1085.0; 2149.0; 1132.0; 4311.0; 5396.0; 2.0; 260.0; -45.0; 0.0; 3343.0; 8739.0
2009-12-31; 0.0; 0.0; 0.0; 0.0; 0.0; 0.0; 0.0; 0.0; 0.0; 0.0; 0.0; 0.0; 0.0; 0.0; 0.0; 0.0; 0.0; 0.0; 0.0; 0.0; 0.0; 0.0; 0.0
2009-09-30; 765.0; 884.0; 737.0; 0.0; 120.0; 2506.0; 3427.0; 0.0; 819.0; 1285.0; 6320.0; 8826.0; 1286.0; 2222.0; 1000.0; 4211.0; 5497.0; 2.0; 263.0; -73.0; 0.0; 3329.0; 8826.0
2009-06-30; 623.0; 787.0; 783.0; 0.0; 155.0; 2348.0; 3447.0; 0.0; 812.0; 1293.0; 6274.0; 8622.0; 1331.0; 2291.0; 989.0; 4219.0; 5550.0; 2.0; 135.0; -197.0; 0.0; 3072.0; 8622.0
2009-03-31; 519.0; 616.0; 746.0; 0.0; 117.0; 1998.0; 3441.0; 0.0; 800.0; 1256.0; 6142.0; 8140.0; 1185.0; 2299.0; 958.0; 4147.0; 5332.0; 2.0; 89.0; -408.0; 0.0; 2808.0; 8140.0
