Date; Revenue; Cost Of Goods Sold; Gross Profit; Research And Development Expenses; SG&A Expenses; Other Operating Income Or Expenses; Operating Expenses; Operating Income; Total Non-Operating Income/Expense; Pre-Tax Income; Income Taxes; Income After Taxes; Other Income; Income From Continuous Operations; Income From Discontinued Operations; Net Income; EBITDA; EBIT; Basic Shares Outstanding; Shares Outstanding; Basic EPS; EPS - Earnings Per Share
2022-07-31; 1718000000.0; 779000000.0; 939000000.0; 116000000.0; 412000000.0; ; 1307000000.0; 411000000.0; -14000000.0; 397000000.0; 68000000.0; 329000000.0; ; 329000000.0; ; 329000000.0; 491000000.0; 411000000.0; 298000000.0; 299000000.0; 1100000.0; 1100000.0
2022-04-30; 1607000000.0; 746000000.0; 861000000.0; 115000000.0; 386000000.0; ; 1247000000.0; 360000000.0; -27000000.0; 333000000.0; 59000000.0; 274000000.0; ; 274000000.0; ; 274000000.0; 442000000.0; 360000000.0; 299000000.0; 301000000.0; 920000.0; 910000.0
2022-01-31; 1674000000.0; 764000000.0; 910000000.0; 117000000.0; 417000000.0; ; 1298000000.0; 376000000.0; -57000000.0; 319000000.0; 36000000.0; 283000000.0; ; 283000000.0; ; 283000000.0; 458000000.0; 376000000.0; 301000000.0; 303000000.0; 940000.0; 930000.0
2021-10-31; 1660000000.0; 760000000.0; 900000000.0; 116000000.0; 389000000.0; ; 1265000000.0; 395000000.0; 53000000.0; 448000000.0; 6000000.0; 442000000.0; ; 442000000.0; ; 442000000.0; 479000000.0; 395000000.0; 304000000.0; 307000000.0; 1460000.0; 1450000.0
2021-07-31; 1586000000.0; 734000000.0; 852000000.0; 113000000.0; 403000000.0; ; 1250000000.0; 336000000.0; -9000000.0; 327000000.0; 63000000.0; 264000000.0; ; 264000000.0; ; 264000000.0; 420000000.0; 336000000.0; 303000000.0; 306000000.0; 870000.0; 860000.0
2021-04-30; 1525000000.0; 708000000.0; 817000000.0; 109000000.0; 420000000.0; ; 1237000000.0; 288000000.0; -15000000.0; 273000000.0; 57000000.0; 216000000.0; ; 216000000.0; ; 216000000.0; 365000000.0; 288000000.0; 304000000.0; 307000000.0; 710000.0; 700000.0
2021-01-31; 1548000000.0; 710000000.0; 838000000.0; 103000000.0; 407000000.0; ; 1220000000.0; 328000000.0; -16000000.0; 312000000.0; 24000000.0; 288000000.0; ; 288000000.0; ; 288000000.0; 404000000.0; 328000000.0; 306000000.0; 309000000.0; 940000.0; 930000.0
2020-10-31; 1483000000.0; 695000000.0; 788000000.0; 102000000.0; 387000000.0; ; 1184000000.0; 299000000.0; -16000000.0; 283000000.0; 61000000.0; 222000000.0; ; 222000000.0; ; 222000000.0; 375000000.0; 299000000.0; 309000000.0; 312000000.0; 720000.0; 710000.0
2020-07-31; 1261000000.0; 592000000.0; 669000000.0; 92000000.0; 347000000.0; ; 1031000000.0; 230000000.0; -11000000.0; 219000000.0; 20000000.0; 199000000.0; ; 199000000.0; ; 199000000.0; 307000000.0; 230000000.0; 309000000.0; 312000000.0; 640000.0; 640000.0
2020-04-30; 1238000000.0; 581000000.0; 657000000.0; 197000000.0; 358000000.0; ; 1136000000.0; 102000000.0; 19000000.0; 121000000.0; 20000000.0; 101000000.0; ; 101000000.0; ; 101000000.0; 178000000.0; 102000000.0; 309000000.0; 312000000.0; 330000.0; 320000.0
2020-01-31; 1357000000.0; 634000000.0; 723000000.0; 104000000.0; 404000000.0; ; 1142000000.0; 215000000.0; 4000000.0; 219000000.0; 22000000.0; 197000000.0; ; 197000000.0; ; 197000000.0; 294000000.0; 215000000.0; 310000000.0; 313000000.0; 640000.0; 630000.0
2019-10-31; 1367000000.0; 630000000.0; 737000000.0; 102000000.0; 385000000.0; ; 1117000000.0; 250000000.0; -19000000.0; 231000000.0; 37000000.0; 194000000.0; ; 194000000.0; ; 194000000.0; 326000000.0; 250000000.0; 314000000.0; 318000000.0; 650000.0; 630000.0
2019-07-31; 1274000000.0; 582000000.0; 692000000.0; 101000000.0; 366000000.0; ; 1049000000.0; 225000000.0; -3000000.0; 222000000.0; 31000000.0; 191000000.0; ; 191000000.0; ; 191000000.0; 280000000.0; 225000000.0; 312000000.0; 316000000.0; 610000.0; 600000.0
2019-04-30; 1238000000.0; 569000000.0; 669000000.0; 99000000.0; 354000000.0; ; 1022000000.0; 216000000.0; 2000000.0; 218000000.0; 36000000.0; 182000000.0; ; 182000000.0; ; 182000000.0; 269000000.0; 216000000.0; 317000000.0; 321000000.0; 570000.0; 570000.0
2019-01-31; 1284000000.0; 577000000.0; 707000000.0; 102000000.0; 355000000.0; ; 1034000000.0; 250000000.0; -2000000.0; 248000000.0; -256000000.0; 504000000.0; ; 504000000.0; ; 504000000.0; 304000000.0; 250000000.0; 318000000.0; 322000000.0; 1580000.0; 1570000.0
2018-10-31; 1294000000.0; 586000000.0; 708000000.0; 104000000.0; 360000000.0; ; 1050000000.0; 244000000.0; ; 244000000.0; 49000000.0; 195000000.0; ; 195000000.0; ; 195000000.0; 300000000.0; 244000000.0; 321000000.0; 325000000.0; 590000.0; 600000.0
2018-07-31; 1203000000.0; 544000000.0; 659000000.0; 97000000.0; 341000000.0; ; 982000000.0; 221000000.0; 21000000.0; 242000000.0; 6000000.0; 236000000.0; ; 236000000.0; ; 236000000.0; 274000000.0; 221000000.0; 320000000.0; 324000000.0; 740000.0; 730000.0
2018-04-30; 1206000000.0; 563000000.0; 643000000.0; 92000000.0; 341000000.0; ; 996000000.0; 210000000.0; 17000000.0; 227000000.0; 22000000.0; 205000000.0; ; 205000000.0; ; 205000000.0; 260000000.0; 210000000.0; 322000000.0; 326000000.0; 640000.0; 630000.0
2018-01-31; 1211000000.0; 541000000.0; 670000000.0; 94000000.0; 347000000.0; ; 982000000.0; 229000000.0; 4000000.0; 233000000.0; 553000000.0; -320000000.0; ; -320000000.0; ; -320000000.0; 280000000.0; 229000000.0; 323000000.0; 323000000.0; -990000.0; -990000.0
2017-10-31; 1189000000.0; 552000000.0; 637000000.0; 91000000.0; 347000000.0; ; 990000000.0; 199000000.0; 27000000.0; 226000000.0; 49000000.0; 177000000.0; ; 177000000.0; ; 177000000.0; 251000000.0; 199000000.0; 322000000.0; 326000000.0; 540000.0; 540000.0
2017-07-31; 1114000000.0; 518000000.0; 596000000.0; 87000000.0; 308000000.0; ; 913000000.0; 201000000.0; -8000000.0; 193000000.0; 18000000.0; 175000000.0; ; 175000000.0; ; 175000000.0; 252000000.0; 201000000.0; 321000000.0; 326000000.0; 550000.0; 540000.0
2017-04-30; 1102000000.0; 510000000.0; 592000000.0; 84000000.0; 307000000.0; ; 901000000.0; 201000000.0; -10000000.0; 191000000.0; 27000000.0; 164000000.0; ; 164000000.0; ; 164000000.0; 255000000.0; 201000000.0; 321000000.0; 325000000.0; 510000.0; 500000.0
2017-01-31; 1067000000.0; 493000000.0; 574000000.0; 79000000.0; 289000000.0; ; 861000000.0; 206000000.0; -13000000.0; 193000000.0; 25000000.0; 168000000.0; ; 168000000.0; ; 168000000.0; 261000000.0; 206000000.0; 322000000.0; 326000000.0; 520000.0; 520000.0
2016-10-31; 1111000000.0; 523000000.0; 588000000.0; 84000000.0; 321000000.0; ; 928000000.0; 183000000.0; -32000000.0; 151000000.0; 25000000.0; 126000000.0; ; 126000000.0; ; 126000000.0; 239000000.0; 183000000.0; 326000000.0; 329000000.0; 390000.0; 380000.0
2016-07-31; 1044000000.0; 502000000.0; 542000000.0; 86000000.0; 310000000.0; ; 898000000.0; 146000000.0; -12000000.0; 134000000.0; 10000000.0; 124000000.0; ; 124000000.0; ; 124000000.0; 206000000.0; 146000000.0; 325000000.0; 328000000.0; 380000.0; 380000.0
2016-04-30; 1019000000.0; 489000000.0; 530000000.0; 81000000.0; 318000000.0; ; 888000000.0; 131000000.0; -14000000.0; 117000000.0; 26000000.0; 91000000.0; ; 91000000.0; ; 91000000.0; 195000000.0; 131000000.0; 326000000.0; 328000000.0; 280000.0; 280000.0
2016-01-31; 1028000000.0; 491000000.0; 537000000.0; 78000000.0; 304000000.0; ; 873000000.0; 155000000.0; -13000000.0; 142000000.0; 21000000.0; 121000000.0; ; 121000000.0; ; 121000000.0; 221000000.0; 155000000.0; 329000000.0; 332000000.0; 370000.0; 360000.0
2015-10-31; 1035000000.0; 500000000.0; 535000000.0; 82000000.0; 297000000.0; ; 879000000.0; 156000000.0; -13000000.0; 143000000.0; 3000000.0; 140000000.0; ; 140000000.0; ; 140000000.0; 216000000.0; 156000000.0; 333000000.0; 335000000.0; 420000.0; 420000.0
2015-07-31; 1014000000.0; 501000000.0; 513000000.0; 79000000.0; 290000000.0; ; 870000000.0; 144000000.0; -16000000.0; 128000000.0; 15000000.0; 113000000.0; ; 113000000.0; -2000000.0; 111000000.0; 206000000.0; 144000000.0; 332000000.0; 334000000.0; 330000.0; 330000.0
2015-04-30; 963000000.0; 483000000.0; 480000000.0; 81000000.0; 292000000.0; ; 856000000.0; 107000000.0; -11000000.0; 96000000.0; 4000000.0; 92000000.0; ; 92000000.0; -5000000.0; 87000000.0; 170000000.0; 107000000.0; 334000000.0; 337000000.0; 260000.0; 260000.0
2015-01-31; 1026000000.0; 513000000.0; 513000000.0; 88000000.0; 310000000.0; ; 911000000.0; 115000000.0; -2000000.0; 113000000.0; 20000000.0; 93000000.0; ; 93000000.0; -30000000.0; 63000000.0; 183000000.0; 115000000.0; 336000000.0; 338000000.0; 190000.0; 190000.0
2014-10-31; 1805000000.0; 908000000.0; 897000000.0; 189000000.0; 534000000.0; ; 1631000000.0; 174000000.0; -89000000.0; 85000000.0; 69000000.0; 16000000.0; ; 16000000.0; 60000000.0; 16000000.0; 253000000.0; 174000000.0; 334000000.0; 338000000.0; 50000.0; 50000.0
2014-07-31; 1009000000.0; 507000000.0; 502000000.0; 86000000.0; 285000000.0; ; 878000000.0; 131000000.0; -46000000.0; 85000000.0; 22000000.0; 63000000.0; ; 63000000.0; 84000000.0; 147000000.0; 221000000.0; 131000000.0; 334000000.0; 338000000.0; 440000.0; 430000.0
2014-04-30; 988000000.0; 503000000.0; 485000000.0; 87000000.0; 304000000.0; ; 894000000.0; 94000000.0; -25000000.0; 69000000.0; 29000000.0; 40000000.0; ; 40000000.0; 99000000.0; 139000000.0; 191000000.0; 94000000.0; 333000000.0; 337000000.0; 420000.0; 410000.0
2014-01-31; 1008000000.0; 498000000.0; 510000000.0; 88000000.0; 298000000.0; ; 884000000.0; 124000000.0; -27000000.0; 97000000.0; -24000000.0; 121000000.0; ; 121000000.0; 74000000.0; 195000000.0; 220000000.0; 124000000.0; 333000000.0; 338000000.0; 590000.0; 580000.0
2013-10-31; 1718000000.0; 810000000.0; 908000000.0; 173000000.0; 450000000.0; ; 1433000000.0; 285000000.0; -31000000.0; 254000000.0; 43000000.0; 211000000.0; ; 211000000.0; ; 211000000.0; 380000000.0; 285000000.0; 331000000.0; 336000000.0; 640000.0; 630000.0
2013-07-31; 1652000000.0; 796000000.0; 856000000.0; 171000000.0; 449000000.0; ; 1416000000.0; 236000000.0; -24000000.0; 212000000.0; 44000000.0; 168000000.0; ; 168000000.0; ; 168000000.0; 327000000.0; 236000000.0; 339000000.0; 343000000.0; 500000.0; 490000.0
2013-04-30; 1732000000.0; 841000000.0; 891000000.0; 181000000.0; 497000000.0; ; 1519000000.0; 213000000.0; -15000000.0; 198000000.0; 32000000.0; 166000000.0; ; 166000000.0; ; 166000000.0; 305000000.0; 213000000.0; 345000000.0; 349000000.0; 480000.0; 480000.0
2013-01-31; 1680000000.0; 800000000.0; 880000000.0; 179000000.0; 484000000.0; ; 1463000000.0; 217000000.0; -22000000.0; 195000000.0; 16000000.0; 179000000.0; ; 179000000.0; ; 179000000.0; 311000000.0; 217000000.0; 347000000.0; 352000000.0; 520000.0; 510000.0
2012-10-31; 1767000000.0; 845000000.0; 922000000.0; 178000000.0; 466000000.0; ; 1489000000.0; 278000000.0; -22000000.0; 256000000.0; -169000000.0; 425000000.0; ; 425000000.0; ; 425000000.0; 372000000.0; 278000000.0; 348000000.0; 353000000.0; 1220000.0; 1210000.0
2012-07-31; 1723000000.0; 833000000.0; 890000000.0; 162000000.0; 458000000.0; ; 1453000000.0; 270000000.0; -32000000.0; 238000000.0; -5000000.0; 243000000.0; ; 243000000.0; ; 243000000.0; 354000000.0; 270000000.0; 348000000.0; 353000000.0; 700000.0; 690000.0
2012-04-30; 1733000000.0; 815000000.0; 918000000.0; 166000000.0; 452000000.0; ; 1433000000.0; 300000000.0; -7000000.0; 293000000.0; 38000000.0; 255000000.0; ; 255000000.0; ; 255000000.0; 361000000.0; 300000000.0; 348000000.0; 354000000.0; 730000.0; 720000.0
2012-01-31; 1635000000.0; 761000000.0; 874000000.0; 162000000.0; 441000000.0; ; 1364000000.0; 271000000.0; -15000000.0; 256000000.0; 26000000.0; 230000000.0; ; 230000000.0; ; 230000000.0; 333000000.0; 271000000.0; 348000000.0; 352000000.0; 660000.0; 650000.0
2011-10-31; 1728000000.0; 807000000.0; 921000000.0; 163000000.0; 445000000.0; ; 1415000000.0; 313000000.0; -20000000.0; 293000000.0; 4000000.0; 289000000.0; ; 289000000.0; ; 289000000.0; 376000000.0; 313000000.0; 347000000.0; 355000000.0; 830000.0; 830000.0
2011-07-31; 1691000000.0; 799000000.0; 892000000.0; 162000000.0; 449000000.0; ; 1410000000.0; 281000000.0; ; 281000000.0; -49000000.0; 330000000.0; ; 330000000.0; ; 330000000.0; 344000000.0; 281000000.0; 348000000.0; 357000000.0; 950000.0; 920000.0
2011-04-30; 1677000000.0; 777000000.0; 900000000.0; 165000000.0; 469000000.0; ; 1411000000.0; 266000000.0; -6000000.0; 260000000.0; 60000000.0; 200000000.0; ; 200000000.0; ; 200000000.0; 330000000.0; 266000000.0; 347000000.0; 355000000.0; 580000.0; 560000.0
2011-01-31; 1519000000.0; 703000000.0; 816000000.0; 159000000.0; 446000000.0; ; 1308000000.0; 211000000.0; -13000000.0; 198000000.0; 5000000.0; 193000000.0; ; 193000000.0; ; 193000000.0; 274000000.0; 211000000.0; 347000000.0; 355000000.0; 560000.0; 540000.0
2010-10-31; 1576000000.0; 742000000.0; 834000000.0; 159000000.0; 472000000.0; ; 1373000000.0; 203000000.0; 40000000.0; 243000000.0; -49000000.0; 292000000.0; ; 292000000.0; ; 292000000.0; 270000000.0; 203000000.0; 347000000.0; 353000000.0; 840000.0; 830000.0
2010-07-31; 1384000000.0; 659000000.0; 725000000.0; 154000000.0; 456000000.0; ; 1269000000.0; 115000000.0; 112000000.0; 227000000.0; 22000000.0; 205000000.0; ; 205000000.0; ; 205000000.0; 175000000.0; 115000000.0; 347000000.0; 352000000.0; 590000.0; 580000.0
2010-04-30; 1271000000.0; 560000000.0; 711000000.0; 150000000.0; 407000000.0; ; 1117000000.0; 154000000.0; -15000000.0; 139000000.0; 31000000.0; 108000000.0; ; 108000000.0; ; 108000000.0; 190000000.0; 154000000.0; 348000000.0; 354000000.0; 310000.0; 310000.0
2010-01-31; 1213000000.0; 553000000.0; 660000000.0; 149000000.0; 417000000.0; ; 1119000000.0; 94000000.0; -11000000.0; 83000000.0; 4000000.0; 79000000.0; ; 79000000.0; ; 79000000.0; 133000000.0; 94000000.0; 348000000.0; 354000000.0; 230000.0; 220000.0
2009-10-31; 1167000000.0; 533000000.0; 634000000.0; 150000000.0; 413000000.0; ; 1096000000.0; 71000000.0; 8000000.0; 79000000.0; 54000000.0; 25000000.0; ; 25000000.0; ; 25000000.0; 111000000.0; 71000000.0; 346000000.0; 346000000.0; 80000.0; 80000.0
2009-07-31; 1057000000.0; 518000000.0; 539000000.0; 153000000.0; 387000000.0; ; 1058000000.0; -1000000.0; -40000000.0; -41000000.0; -22000000.0; -19000000.0; ; -19000000.0; ; -19000000.0; 40000000.0; -1000000.0; 345000000.0; 345000000.0; -60000.0; -60000.0
2009-04-30; 1091000000.0; 561000000.0; 530000000.0; 170000000.0; 407000000.0; ; 1138000000.0; -47000000.0; -11000000.0; -58000000.0; 43000000.0; -101000000.0; ; -101000000.0; ; -101000000.0; -7000000.0; -47000000.0; 344000000.0; 344000000.0; -290000.0; -290000.0
2009-01-31; 1166000000.0; 577000000.0; 589000000.0; 169000000.0; 396000000.0; ; 1142000000.0; 24000000.0; 3000000.0; 27000000.0; -37000000.0; 64000000.0; ; 64000000.0; ; 64000000.0; 65000000.0; 24000000.0; 351000000.0; 352000000.0; 180000.0; 180000.0
