Date; Revenue; Cost Of Goods Sold; Gross Profit; Research And Development Expenses; SG&A Expenses; Other Operating Income Or Expenses; Operating Expenses; Operating Income; Total Non-Operating Income/Expense; Pre-Tax Income; Income Taxes; Income After Taxes; Other Income; Income From Continuous Operations; Income From Discontinued Operations; Net Income; EBITDA; EBIT; Basic Shares Outstanding; Shares Outstanding; Basic EPS; EPS - Earnings Per Share
2022-06-30; 6550000000.0; 3522000000.0; 3028000000.0; 1300000000.0; 592000000.0; 6000000.0; 6024000000.0; 526000000.0; -29000000.0; 497000000.0; 54000000.0; 443000000.0; ; 447000000.0; ; 447000000.0; 1823000000.0; 526000000.0; 1618000000.0; 1632000000.0; 280000.0; 270000.0
2022-03-31; 5887000000.0; 3069000000.0; 2818000000.0; 1060000000.0; 597000000.0; 83000000.0; 4936000000.0; 951000000.0; -55000000.0; 896000000.0; 113000000.0; 783000000.0; ; 786000000.0; ; 786000000.0; 1668000000.0; 951000000.0; 1393000000.0; 1410000000.0; 560000.0; 560000.0
2021-12-31; 4826000000.0; 2400000000.0; 2426000000.0; 811000000.0; 412000000.0; 4000000.0; 3619000000.0; 1207000000.0; -4000000.0; 1203000000.0; 229000000.0; 974000000.0; ; 974000000.0; ; 974000000.0; 1342000000.0; 1207000000.0; 1213000000.0; 1229000000.0; 809700.0; 790000.0
2021-09-30; 4313000000.0; 2227000000.0; 2086000000.0; 765000000.0; 376000000.0; 3000000.0; 3365000000.0; 948000000.0; 55000000.0; 1003000000.0; 82000000.0; 921000000.0; ; 923000000.0; ; 923000000.0; 1064000000.0; 948000000.0; 1214000000.0; 1230000000.0; 760300.0; 750000.0
2021-06-30; 3850000000.0; 2020000000.0; 1830000000.0; 659000000.0; 341000000.0; 1000000.0; 3019000000.0; 831000000.0; -10000000.0; 821000000.0; 113000000.0; 708000000.0; ; 710000000.0; ; 710000000.0; 941000000.0; 831000000.0; 1216000000.0; 1232000000.0; 580000.0; 580000.0
2021-03-31; 3445000000.0; 1858000000.0; 1587000000.0; 610000000.0; 319000000.0; 4000000.0; 2783000000.0; 662000000.0; -20000000.0; 642000000.0; 89000000.0; 553000000.0; ; 555000000.0; ; 555000000.0; 769000000.0; 662000000.0; 1213000000.0; 1231000000.0; 460000.0; 450000.0
2020-12-31; 3244000000.0; 1793000000.0; 1451000000.0; 573000000.0; 308000000.0; ; 2674000000.0; 570000000.0; -24000000.0; 546000000.0; -1232000000.0; 1778000000.0; ; 1781000000.0; ; 1781000000.0; 673000000.0; 570000000.0; 1184000000.0; 1207000000.0; 1500600.0; 1470000.0
2020-09-30; 2801000000.0; 1571000000.0; 1230000000.0; 508000000.0; 273000000.0; ; 2352000000.0; 449000000.0; -48000000.0; 401000000.0; 12000000.0; 389000000.0; ; 390000000.0; ; 390000000.0; 546000000.0; 449000000.0; 1184000000.0; 1215000000.0; 329400.0; 320000.0
2020-06-30; 1932000000.0; 1084000000.0; 848000000.0; 460000000.0; 215000000.0; ; 1759000000.0; 173000000.0; -13000000.0; 160000000.0; 4000000.0; 156000000.0; ; 157000000.0; ; 157000000.0; 259000000.0; 173000000.0; 1174000000.0; 1227000000.0; 130000.0; 130000.0
2020-03-31; 1786000000.0; 968000000.0; 818000000.0; 442000000.0; 199000000.0; ; 1609000000.0; 177000000.0; -9000000.0; 168000000.0; 6000000.0; 162000000.0; ; 162000000.0; ; 162000000.0; 259000000.0; 177000000.0; 1170000000.0; 1224000000.0; 140000.0; 140000.0
2019-12-31; 2127000000.0; 1178000000.0; 949000000.0; 395000000.0; 206000000.0; ; 1779000000.0; 348000000.0; -143000000.0; 205000000.0; 35000000.0; 170000000.0; ; 170000000.0; ; 170000000.0; 426000000.0; 348000000.0; 1091000000.0; 1120000000.0; 160000.0; 150000.0
2019-09-30; 1801000000.0; 1024000000.0; 777000000.0; 406000000.0; 185000000.0; ; 1615000000.0; 186000000.0; -60000000.0; 126000000.0; 7000000.0; 119000000.0; ; 120000000.0; ; 120000000.0; 262000000.0; 186000000.0; 1097000000.0; 1117000000.0; 110000.0; 110000.0
2019-06-30; 1531000000.0; 910000000.0; 621000000.0; 373000000.0; 189000000.0; ; 1472000000.0; 59000000.0; -22000000.0; 37000000.0; 2000000.0; 35000000.0; ; 35000000.0; ; 35000000.0; 129000000.0; 59000000.0; 1084000000.0; 1109000000.0; 30000.0; 30000.0
2019-03-31; 1272000000.0; 751000000.0; 521000000.0; 373000000.0; 170000000.0; 60000000.0; 1234000000.0; 38000000.0; -34000000.0; 4000000.0; -13000000.0; 17000000.0; ; 16000000.0; ; 16000000.0; 102000000.0; 38000000.0; 1044000000.0; 1094000000.0; 10000.0; 10000.0
2018-12-31; 1419000000.0; 882000000.0; 537000000.0; 371000000.0; 138000000.0; ; 1391000000.0; 28000000.0; -25000000.0; 3000000.0; -35000000.0; 38000000.0; ; 38000000.0; ; 38000000.0; 80000000.0; 28000000.0; 982000000.0; 1064000000.0; 40000.0; 40000.0
2018-09-30; 1653000000.0; 992000000.0; 661000000.0; 363000000.0; 148000000.0; ; 1503000000.0; 150000000.0; -36000000.0; 114000000.0; 12000000.0; 102000000.0; ; 102000000.0; ; 102000000.0; 200000000.0; 150000000.0; 987000000.0; 1076000000.0; 100000.0; 90000.0
2018-06-30; 1756000000.0; 1104000000.0; 652000000.0; 357000000.0; 142000000.0; ; 1603000000.0; 153000000.0; -30000000.0; 123000000.0; 6000000.0; 117000000.0; ; 116000000.0; ; 116000000.0; 205000000.0; 153000000.0; 972000000.0; 1147000000.0; 120000.0; 110000.0
2018-03-31; 1647000000.0; 1050000000.0; 597000000.0; 343000000.0; 134000000.0; ; 1527000000.0; 120000000.0; -30000000.0; 90000000.0; 8000000.0; 82000000.0; ; 81000000.0; ; 81000000.0; 174000000.0; 120000000.0; 968000000.0; 1039000000.0; 80000.0; 80000.0
2017-12-31; 1340000000.0; 888000000.0; 452000000.0; 320000000.0; 134000000.0; ; 1342000000.0; -2000000.0; -29000000.0; -31000000.0; -12000000.0; -19000000.0; ; -19000000.0; ; -19000000.0; 46000000.0; -2000000.0; 952000000.0; 952000000.0; -10000.0; -10000.0
2017-09-30; 1584000000.0; 1013000000.0; 571000000.0; 320000000.0; 132000000.0; ; 1465000000.0; 119000000.0; -34000000.0; 85000000.0; 22000000.0; 63000000.0; ; 61000000.0; ; 61000000.0; 164000000.0; 119000000.0; 957000000.0; 1042000000.0; 60000.0; 60000.0
2017-06-30; 1151000000.0; 765000000.0; 386000000.0; 285000000.0; 127000000.0; 25000000.0; 1152000000.0; -1000000.0; -35000000.0; -36000000.0; 3000000.0; -39000000.0; ; -42000000.0; ; -42000000.0; 43000000.0; -1000000.0; 945000000.0; 945000000.0; -40000.0; -40000.0
2017-03-31; 1178000000.0; 800000000.0; 378000000.0; 271000000.0; 123000000.0; 27000000.0; 1167000000.0; 11000000.0; -37000000.0; -26000000.0; 5000000.0; -31000000.0; ; -33000000.0; ; -33000000.0; 54000000.0; 11000000.0; 939000000.0; 939000000.0; -40000.0; -40000.0
2016-12-31; 1153000000.0; 797000000.0; 356000000.0; 264000000.0; 127000000.0; 31000000.0; 1157000000.0; -4000000.0; -41000000.0; -45000000.0; 5000000.0; -50000000.0; ; -52000000.0; ; -52000000.0; 51000000.0; -4000000.0; 835000000.0; 835000000.0; -50000.0; -40000.0
2016-09-30; 1307000000.0; 1248000000.0; 59000000.0; 259000000.0; 117000000.0; 24000000.0; 1600000000.0; -293000000.0; -104000000.0; -397000000.0; 4000000.0; -401000000.0; ; -406000000.0; ; -406000000.0; -260000000.0; -293000000.0; 815000000.0; 815000000.0; -500000.0; -500000.0
2016-06-30; 1027000000.0; 708000000.0; 319000000.0; 243000000.0; 117000000.0; 26000000.0; 1035000000.0; -8000000.0; 109000000.0; 101000000.0; 29000000.0; 72000000.0; ; 69000000.0; ; 69000000.0; 25000000.0; -8000000.0; 794000000.0; 821000000.0; 90000.0; 80000.0
2016-03-31; 832000000.0; 563000000.0; 269000000.0; 242000000.0; 105000000.0; 7000000.0; 900000000.0; -68000000.0; -40000000.0; -108000000.0; 1000000.0; -109000000.0; ; -109000000.0; ; -109000000.0; -35000000.0; -68000000.0; 793000000.0; 793000000.0; -140000.0; -140000.0
2015-12-31; 958000000.0; 675000000.0; 283000000.0; 229000000.0; 109000000.0; ; 1007000000.0; -49000000.0; -43000000.0; -92000000.0; 10000000.0; -102000000.0; ; -102000000.0; ; -102000000.0; -4000000.0; -49000000.0; 783000000.0; 783000000.0; -130000.0; -130000.0
2015-09-30; 1061000000.0; 822000000.0; 239000000.0; 241000000.0; 108000000.0; ; 1219000000.0; -158000000.0; -39000000.0; -197000000.0; ; -197000000.0; ; -197000000.0; ; -197000000.0; -116000000.0; -158000000.0; 785000000.0; 785000000.0; -250000.0; -250000.0
2015-06-30; 942000000.0; 710000000.0; 232000000.0; 235000000.0; 134000000.0; ; 1079000000.0; -137000000.0; -43000000.0; -180000000.0; 1000000.0; -181000000.0; ; -181000000.0; ; -181000000.0; -92000000.0; -137000000.0; 778000000.0; 778000000.0; -230000.0; -230000.0
2015-03-31; 1030000000.0; 704000000.0; 326000000.0; 242000000.0; 131000000.0; ; 1167000000.0; -137000000.0; -40000000.0; -177000000.0; 3000000.0; -180000000.0; ; -180000000.0; ; -180000000.0; -91000000.0; -137000000.0; 777000000.0; 777000000.0; -230000.0; -230000.0
2014-12-31; 1239000000.0; 879000000.0; 360000000.0; 238000000.0; 144000000.0; ; 1569000000.0; -330000000.0; -37000000.0; -367000000.0; -3000000.0; -364000000.0; ; -364000000.0; ; -364000000.0; -282000000.0; -330000000.0; 768000000.0; 768000000.0; -470000.0; -470000.0
2014-09-30; 1429000000.0; 935000000.0; 494000000.0; 278000000.0; 150000000.0; ; 1366000000.0; 63000000.0; -44000000.0; 19000000.0; 2000000.0; 17000000.0; ; 17000000.0; ; 17000000.0; 112000000.0; 63000000.0; 770000000.0; 785000000.0; 20000.0; 20000.0
2014-06-30; 1441000000.0; 943000000.0; 498000000.0; 277000000.0; 154000000.0; ; 1378000000.0; 63000000.0; -95000000.0; -32000000.0; 4000000.0; -36000000.0; ; -36000000.0; ; -36000000.0; 116000000.0; 63000000.0; 764000000.0; 764000000.0; -50000.0; -50000.0
2014-03-31; 1397000000.0; 910000000.0; 487000000.0; 279000000.0; 156000000.0; ; 1348000000.0; 49000000.0; -67000000.0; -18000000.0; 2000000.0; -20000000.0; ; -20000000.0; ; -20000000.0; 102000000.0; 49000000.0; 761000000.0; 761000000.0; -30000.0; -30000.0
2013-12-31; 1589000000.0; 1036000000.0; 553000000.0; 293000000.0; 169000000.0; ; 1454000000.0; 135000000.0; -45000000.0; 90000000.0; 1000000.0; 89000000.0; ; 89000000.0; ; 89000000.0; 189000000.0; 135000000.0; 754000000.0; 754000000.0; 120000.0; 120000.0
2013-09-30; 1461000000.0; 940000000.0; 521000000.0; 288000000.0; 155000000.0; ; 1366000000.0; 95000000.0; -44000000.0; 51000000.0; 3000000.0; 48000000.0; ; 48000000.0; ; 48000000.0; 152000000.0; 95000000.0; 757000000.0; 764000000.0; 60000.0; 60000.0
2013-06-30; 1161000000.0; 702000000.0; 459000000.0; 308000000.0; 171000000.0; ; 1190000000.0; -29000000.0; -42000000.0; -71000000.0; 3000000.0; -74000000.0; ; -74000000.0; ; -74000000.0; 30000000.0; -29000000.0; 752000000.0; 752000000.0; -100000.0; -100000.0
2013-03-31; 1088000000.0; 643000000.0; 445000000.0; 312000000.0; 179000000.0; ; 1186000000.0; -98000000.0; -46000000.0; -144000000.0; 2000000.0; -146000000.0; ; -146000000.0; ; -146000000.0; -32000000.0; -98000000.0; 749000000.0; 749000000.0; -190000.0; -190000.0
2012-12-31; 1155000000.0; 977000000.0; 178000000.0; 313000000.0; 193000000.0; ; 1577000000.0; -422000000.0; -47000000.0; -469000000.0; 4000000.0; -473000000.0; ; -473000000.0; ; -473000000.0; -356000000.0; -422000000.0; 741000000.0; 741000000.0; -640000.0; -640000.0
2012-09-30; 1269000000.0; 877000000.0; 392000000.0; 328000000.0; 188000000.0; ; 1400000000.0; -131000000.0; -26000000.0; -157000000.0; ; -157000000.0; ; -157000000.0; ; -157000000.0; -65000000.0; -131000000.0; 745000000.0; 745000000.0; -210000.0; -210000.0
2012-06-30; 1413000000.0; 775000000.0; 638000000.0; 345000000.0; 212000000.0; ; 1336000000.0; 77000000.0; -46000000.0; 31000000.0; -6000000.0; 37000000.0; ; 37000000.0; ; 37000000.0; 142000000.0; 77000000.0; 739000000.0; 755000000.0; 50000.0; 50000.0
2012-03-31; 1585000000.0; 1558000000.0; 27000000.0; 368000000.0; 230000000.0; ; 2165000000.0; -580000000.0; -42000000.0; -622000000.0; -32000000.0; -590000000.0; ; -590000000.0; ; -590000000.0; -517000000.0; -580000000.0; 734000000.0; 734000000.0; -800000.0; -800000.0
2011-12-31; 1691000000.0; 918000000.0; 773000000.0; 358000000.0; 243000000.0; ; 1620000000.0; 71000000.0; -248000000.0; -177000000.0; -4000000.0; -173000000.0; ; -173000000.0; ; -177000000.0; 141000000.0; 71000000.0; 727000000.0; 742000000.0; -240000.0; -230000.0
2011-09-30; 1690000000.0; 934000000.0; 756000000.0; 361000000.0; 249000000.0; ; 1552000000.0; 138000000.0; -46000000.0; 92000000.0; -5000000.0; 97000000.0; ; 97000000.0; ; 97000000.0; 217000000.0; 138000000.0; 729000000.0; 741000000.0; 130000.0; 130000.0
2011-06-30; 1574000000.0; 854000000.0; 720000000.0; 367000000.0; 239000000.0; ; 1469000000.0; 105000000.0; -41000000.0; 64000000.0; 3000000.0; 61000000.0; ; 61000000.0; ; 61000000.0; 185000000.0; 105000000.0; 724000000.0; 743000000.0; 80000.0; 80000.0
2011-03-31; 1613000000.0; 922000000.0; 691000000.0; 367000000.0; 261000000.0; ; 1559000000.0; 54000000.0; -34000000.0; 20000000.0; 2000000.0; 18000000.0; ; 510000000.0; ; 510000000.0; 142000000.0; 54000000.0; 720000000.0; 764000000.0; 710000.0; 680000.0
2010-12-31; 1649000000.0; 906000000.0; 743000000.0; 352000000.0; 250000000.0; ; 1236000000.0; 413000000.0; -23000000.0; 390000000.0; 42000000.0; 348000000.0; ; 375000000.0; ; 375000000.0; 502000000.0; 413000000.0; 711000000.0; 733000000.0; 530000.0; 520000.0
2010-09-30; 1618000000.0; 879000000.0; 739000000.0; 359000000.0; 236000000.0; ; 1490000000.0; 128000000.0; -59000000.0; 69000000.0; 1000000.0; 68000000.0; ; -118000000.0; ; -118000000.0; 222000000.0; 128000000.0; 713000000.0; 713000000.0; -170000.0; -170000.0
2010-06-30; 1653000000.0; 915000000.0; 738000000.0; 371000000.0; 229000000.0; ; 1528000000.0; 125000000.0; -53000000.0; 72000000.0; -5000000.0; 77000000.0; ; -43000000.0; ; -43000000.0; 225000000.0; 125000000.0; 709000000.0; 709000000.0; -60000.0; -60000.0
2010-03-31; 1574000000.0; 833000000.0; 741000000.0; 323000000.0; 219000000.0; ; 1392000000.0; 182000000.0; 258000000.0; 440000000.0; ; 440000000.0; ; 257000000.0; ; 257000000.0; 282000000.0; 182000000.0; 707000000.0; 754000000.0; 360000.0; 350000.0
2009-12-31; 1646000000.0; 911000000.0; 735000000.0; 432000000.0; 239000000.0; ; 358000000.0; 1288000000.0; -97000000.0; 1191000000.0; 11000000.0; 1180000000.0; ; 1180000000.0; ; 1178000000.0; 1540000000.0; 1288000000.0; 673000000.0; 678000000.0; 1790000.0; 1780000.0
2009-09-30; 1396000000.0; 811000000.0; 585000000.0; 420000000.0; 221000000.0; ; 1473000000.0; -77000000.0; -63000000.0; -140000000.0; -5000000.0; -135000000.0; ; -135000000.0; ; -128000000.0; 180000000.0; -77000000.0; 694000000.0; 694000000.0; -180000.0; -180000.0
2009-06-30; 1184000000.0; 743000000.0; 441000000.0; 425000000.0; 247000000.0; ; 1433000000.0; -249000000.0; -96000000.0; -345000000.0; -10000000.0; -335000000.0; ; -335000000.0; ; -330000000.0; 6000000.0; -249000000.0; 667000000.0; 667000000.0; -490000.0; -490000.0
2009-03-31; 1177000000.0; 666000000.0; 511000000.0; 444000000.0; 287000000.0; ; 1475000000.0; -298000000.0; ; -298000000.0; 116000000.0; -414000000.0; ; -414000000.0; ; -416000000.0; -44000000.0; -298000000.0; 626000000.0; 626000000.0; -660000.0; -660000.0
