Date; Revenue; Cost Of Goods Sold; Gross Profit; Research And Development Expenses; SG&A Expenses; Other Operating Income Or Expenses; Operating Expenses; Operating Income; Total Non-Operating Income/Expense; Pre-Tax Income; Income Taxes; Income After Taxes; Other Income; Income From Continuous Operations; Income From Discontinued Operations; Net Income; EBITDA; EBIT; Basic Shares Outstanding; Shares Outstanding; Basic EPS; EPS - Earnings Per Share
2022-06-30; 816429000.0; 249159000.0; 567270000.0; ; 278452000.0; ; 661842000.0; 154587000.0; -12927000.0; 141660000.0; 13113000.0; 128547000.0; ; 128547000.0; ; 128467999.99999999; 288818000.0; 154587000.0; 139881000.0; 140227000.0; 920000.0; 920000.0
2022-03-31; 1649819000.0; 871378000.0; 778441000.0; ; 259935000.0; ; 1264687000.0; 385132000.0; -23715000.0; 361417000.0; 36418000.0; 324999000.0; ; 324999000.0; ; 324999000.0; 518506000.0; 385132000.0; 136834000.0; 137250000.0; 2370000.0; 2370000.0
2021-12-31; 1012786000.0; 371163000.0; 641623000.0; ; 237906000.0; ; 736925000.0; 275861000.0; -11149000.0; 264712000.0; 15503000.0; 249209000.0; ; 249209000.0; ; 249209000.0; 403717000.0; 275861000.0; 133681999.99999999; 133689000.0; 1860000.0; 1860000.0
2021-09-30; 568384000.0; 83777900.0; 484606100.0; ; 268934000.0; ; 477420000.0; 90964000.0; -31424000.0; 59540000.0; 10820000.0; 48720000.0; ; 48720000.0; ; 48790000.0; 229702000.0; 90964100.0; 129779000.0; 129834000.0; 330000.0; 330000.0
2021-06-30; 605553000.0; 86870000.0; 518683000.0; ; 265945000.0; ; 472163000.0; 133389999.99999999; -15075000.0; 118315000.0; 15904000.0; 102411000.0; ; 102411000.0; ; 102341000.0; 252738000.0; 133389999.99999999; 131358000.0; 131485999.99999999; 780000.0; 780000.0
2021-03-31; 1319073000.0; 573809000.0; 745264000.0; ; 244824000.0; ; 937269000.0; 381804000.0; -23262000.0; 358542000.0; 61788000.0; 296754000.0; ; 296754000.0; ; 296754000.0; 500440000.0; 381804000.0; 129161000.0; 129163999.99999999; 2300000.0; 2300000.0
2020-12-31; 914480000.0; 288260000.0; 626220000.0; ; 212095000.0; ; 615640000.0; 298840000.0; -15938000.0; 282902000.0; 65224000.00000001; 217678000.0; ; 217678000.0; ; 217678000.0; 414125000.0; 298840000.0; 127034000.0; 127034000.0; 1710000.0; 1710000.0
2020-09-30; 474914100.0; 18031000.0; 456883100.0; ; 244292000.0; ; 374069200.0; 100844900.0; -17456000.0; 83389000.0; 18056000.0; 65333000.0; ; 65333000.0; ; 65333000.0; 224133900.0; 100844900.0; 122788000.0; 122872000.0; 510000.0; 510000.0
2020-06-30; 492995000.0; 26072000.0; 466923000.0; ; 220784000.0; ; 353960000.0; 139035000.0; -12345000.0; 126690000.0; 8899000.0; 117791000.0; ; 117791000.0; ; 117791000.0; 246139000.0; 139035000.0; 123026000.0; 123032000.0; 960000.0; 960000.0
2020-03-31; 977665000.0; 317883000.0; 659782000.0; ; 222428000.0; ; 646227000.0; 331438000.0; -25160000.0; 306278000.0; 66632000.00000001; 239646000.0; ; 239646000.0; ; 239646000.0; 437354000.0; 331438000.0; 122916000.0; 122997000.0; 1950000.0; 1950000.0
2019-12-31; 875563000.0; 296868000.0; 578694900.0; ; 220852000.0; ; 622782000.0; 252781000.0; -22342000.0; 230439000.0; 51766000.0; 178673000.0; ; 178673000.0; ; 178673000.0; 357843000.0; 252781000.0; 121113000.0; 121359000.0; 1470000.0; 1470000.0
2019-09-30; 443682900.0; 13670000.0; 430012800.0; ; 239379000.0; ; 353968100.0; 89714800.0; -19513000.0; 70202000.0; 11796000.0; 58406000.0; ; 58406000.0; ; 58775000.0; 200097800.0; 89714800.0; 117200000.0; 117461000.0; 470000.0; 470000.0
2019-06-30; 485738000.0; 31326000.0; 454412000.0; ; 234510000.0; ; 363536000.0; 122202000.0; -17947000.0; 104255000.0; 23789000.0; 80466000.0; ; 80466000.0; ; 80402000.0; 219902000.0; 122202000.0; 118075000.0; 118430000.0; 680000.0; 680000.0
2019-03-31; 1094645000.0; 471676000.0; 622969000.0; ; 228520000.0; ; 796968000.0; 297677000.0; -22717000.0; 274960000.0; 60072000.0; 214888000.0; ; 214888000.0; ; 214718000.0; 394449000.0; 297677000.0; 117581000.0; 117756000.0; 1830000.0; 1820000.0
2018-12-31; 877782000.0; 342165000.0; 535616999.99999994; ; 203088000.0; ; 641317900.0; 236464100.0; -35572000.0; 200892000.0; 43246000.0; 157646000.0; ; 157646000.0; ; 157511000.0; 332529100.0; 236464100.0; 113800000.0; 113832000.0; 1380000.0; 1380000.0
2018-09-30; 444699700.0; 43085000.0; 401614700.0; ; 218329000.0; ; 354070900.0; 90628800.0; -26574000.0; 64055000.00000001; 25308000.0; 38747000.0; ; 38747000.0; ; 39075000.0; 191150800.0; 90628900.0; 111012000.0; 111012000.0; 300000.0; 300000.0
2018-06-30; 562245000.0; 130886000.0; 431359000.0; ; 216368000.0; ; 437925000.0; 124320000.0; -26679000.0; 97641000.0; 26448000.0; 71193000.0; ; 71193000.0; ; 71193000.0; 214991000.0; 124320000.0; 111851000.0; 111851000.0; 640000.0; 640000.0
2018-03-31; 1219409000.0; 626960000.0; 592449000.0; ; 232166000.0; ; 948507000.0; 270902000.0; -29471000.0; 241431000.0; 62439000.0; 178992000.0; ; 178992000.0; ; 178992000.0; 360283100.0; 270902000.0; 111706000.0; 111706000.0; 1600000.0; 1600000.0
2017-12-31; 889192000.0; 366917000.0; 522275000.0; ; 191818000.0; ; 647109100.0; 242082900.0; -34066000.0; 208017000.0; -106115000.0; 314132000.0; ; 314132000.0; ; 313804000.0; 330456900.0; 242082900.0; 108564000.0; 108564000.0; 2890000.0; 2890000.0
2017-09-30; 464880100.0; 72561000.0; 392319100.0; ; 207645000.0; ; 365005900.0; 99874200.0; -44612000.0; 55262000.0; 19409000.0; 35853000.0; ; 35853000.0; -12000.0; 35608000.0; 191143100.0; 99874200.0; 106100000.0; 106100000.0; 320000.0; 320000.0
2017-06-30; 526501000.0; 114176000.0; 412325000.0; ; 191638000.0; ; 385837000.0; 140664000.0; -28787000.0; 111877000.0; 41069000.0; 70808000.0; ; 70808000.0; ; 70733000.0; 220687000.0; 140664000.0; 106364000.0; 106364000.0; 670000.0; 670000.0
2017-03-31; 988186000.0; 427494000.0; 560692000.0; ; 197853000.0; ; 703014000.0; 285172000.0; -26111000.0; 259060999.99999997; 97049000.0; 162012000.0; ; 162012000.0; 2716000.0; 164728000.0; 362839000.0; 285172000.0; 105935000.0; 105935000.0; 1550000.0; 1550000.0
2016-12-31; 780168000.0; 311305000.0; 468863000.0; ; 181987000.0; ; 570250000.0; 209918000.0; -32024000.0; 177894000.0; 63856000.0; 114038000.0; ; 114038000.0; 10994000.0; 124865000.0; 287061000.0; 209918000.0; 105284000.0; 105284000.0; 1190000.0; 1190000.0
2016-09-30; 433643000.0; 63926900.0; 369716100.0; ; 209403000.0; ; 349193900.0; 84449100.0; -30181000.0; 54268000.0; 19418000.0; 34850000.0; ; 34850000.0; -610000.0; 34240000.0; 160875100.0; 84449000.0; 103524000.0; 103524000.0; 310000.0; 310000.0
2016-06-30; 456212000.0; 64583000.0; 391629000.0; ; 190353000.0; ; 327816000.0; 128395999.99999999; -26561000.0; 101835000.0; 35692000.0; 66143000.0; ; 66143000.0; 5050000.0; 71193000.0; 201855000.0; 128395999.99999999; 103750000.0; 103750000.0; 690000.0; 690000.0
2016-03-31; 890040000.0; 377356000.0; 512683999.99999994; ; 189637000.0; ; 638384000.0; 251655900.0; -27888000.0; 223768000.0; 80765000.0; 143003000.0; ; 143003000.0; -1193000.0; 141810000.0; 323627900.0; 251655900.0; 102946000.0; 102946000.0; 1380000.0; 1380000.0
2015-12-31; 674753000.0; 240326000.0; 434427000.0; ; 171042000.0; ; 482024000.0; 192729000.0; -30416000.0; 162313000.0; 60767000.0; 101546000.0; ; 101546000.0; 1315000.0; 102861000.0; 263968000.00000003; 192729000.0; 102713000.0; 102713000.0; 1000000.0; 1000000.0
2015-09-30; 656902000.0; -863863000.0; 1520765000.0; ; 180575000.0; ; -614939000.0; 1271841000.0; -29260000.0; 656902000.0; 13367000.0; 656902000.0; ; 656902000.0; ; 23515000.0; 1342578000.0; 656902000.0; 102239100.0; 102239100.0; 230000.0; 230000.0
2015-06-30; 686401000.0; 304728000.0; 381673000.0; ; 195622000.0; ; 568794000.0; 117607000.0; -27321000.0; 90286000.0; 34005000.0; 56281000.0; ; 56281000.0; ; 56170000.0; 186051000.0; 117607000.0; 102000000.0; 102000000.0; 550000.0; 550000.0
2015-03-31; 1540068000.0; 1019330000.0; 520738000.00000006; ; 202506000.0; ; 1289858000.0; 250210100.0; -29008000.0; 221202000.0; 83518000.0; 137684000.0; ; 137684000.0; ; 137684000.0; 318232100.0; 250210100.0; 101746000.0; 101746000.0; 1350000.0; 1350000.0
2014-12-31; 1258765000.0; 835480000.0; 423285000.0; ; 167967000.0; ; 1071040000.0; 187725000.0; -31471000.0; 156254000.0; 58659000.0; 97595000.0; ; 97595000.0; ; 97595000.0; 255318000.0; 187725000.0; 101581000.0; 101581000.0; 960000.0; 960000.0
2014-09-30; 789034100.0; 451375200.0; 337658900.0; ; 185459000.0; ; 705090100.0; 83944000.0; -34952000.0; 48992000.0; 25279000.0; 23713000.0; ; 23713000.0; ; 23674000.0; 152200000.0; 83944000.0; 97606000.0; 97608000.0; 180000.0; 180000.0
2014-06-30; 943170000.0; 583637000.0; 359533000.0; ; 188973000.0; ; 836565000.0; 106605000.0; -32214000.0; 74391000.0; 28670000.0; 45721000.0; ; 45721000.0; ; 45615000.0; 170560000.0; 106605000.0; 101162000.0; 101163000.0; 450000.0; 450000.0
2014-03-31; 1964854000.0; 1468577000.0; 496277100.0; ; 184890000.0; ; 1714774000.0; 250080100.0; -33116999.999999996; 216963000.0; 83596000.0; 133366999.99999999; ; 133366999.99999999; ; 133032999.99999999; 311387100.0; 250080100.0; 96174000.0; 96176000.0; 1380000.0; 1380000.0
2013-12-31; 1243858000.0; 854900900.0; 388957100.0; ; 157768000.0; ; 1073137999.9999999; 170720100.0; -34247000.0; 136473000.0; 49457000.0; 87016000.0; ; 87016000.0; ; 86784000.0; 231189100.0; 170720100.0; 91841000.0; 91843000.0; 950000.0; 950000.0
2013-09-30; 674373900.0; 373933900.0; 300440000.0; ; 189866000.0; ; 623991000.0; 50382900.0; -33931000.0; 16452000.000000002; 8916000.0; 7536000.0; ; 7536000.0; ; 7536000.0; 110573900.0; 50382900.0; 90533000.0; 91711000.0; 80000.0; 70000.0
2013-06-30; 857935000.0; 541438000.0; 316496900.0; ; 171972000.0; ; 771539100.0; 86395900.0; -33208000.0; 53188000.0; 19714000.0; 33473999.999999996; ; 33473999.999999996; 5294000.0; 38768000.0; 144524900.0; 86395900.0; 90603000.0; 91550000.0; 430000.0; 420000.0
2013-03-31; 1308996000.0; 876245000.0; 432751000.0; ; 165393000.0; ; 1098818000.0; 210178000.0; -31619000.0; 178559000.0; 66218999.99999999; 112340000.0; ; 112340000.0; 4085000.0; 116425000.0; 268286000.0; 210178000.0; 90530000.0; 91492000.0; 1280000.0; 1270000.0
2012-12-31; 1034155000.0; 671793000.0; 362362000.0; ; 147861000.0; ; 879233000.0; 154922100.0; -29824000.0; 125098000.0; 47750000.0; 77348000.0; ; 77348000.0; 3117000.0; 80465000.0; 215422100.0; 154922100.0; 90359000.0; 91309000.0; 890000.0; 880000.0
2012-09-30; 550245000.0; 300856100.0; 249388900.0; ; 160527000.0; ; 527454200.0; 22790800.0; -44955000.0; -22164000.0; -21878000.0; -286000.0; ; -286000.0; 8253000.0; 7967000.0; 84999800.0; 22790900.0; 90150000.0; 91172000.0; 100000.0; 80000.0
2012-06-30; 576414000.0; 283243000.0; 293171000.0; ; 152669000.0; ; 494868000.0; 81546100.0; -36984000.0; 44562000.0; 16547999.999999998; 28014000.0; ; 28014000.0; 3118000.0; 31132000.0; 142898100.0; 81546100.0; 90118000.0; 90993000.0; 340000.0; 340000.0
2012-03-31; 1225509000.0; 799722000.0; 425787000.0; ; 163935000.0; ; 1023077000.0; 202432000.0; -36137000.0; 166295000.0; 64211000.0; 102084000.0; ; 102084000.0; 7027000.0; 109111000.0; 264231000.0; 202432000.0; 90020000.0; 90322000.0; 1200000.0; 1200000.0
2011-12-31; 1083994000.0; 728602000.0; 355392000.0; ; 157555000.0; ; 944523000.0; 139471000.0; -37742000.0; 101729000.0; 39345000.0; 62384000.0; ; 62384000.0; 6123000.0; 68507000.0; 200204000.0; 139471000.0; 90254000.0; 90546000.0; 750000.0; 750000.0
2011-09-30; 728061200.0; 512437699.99999994; 215623400.0; ; 133547000.0; 0.0; 702641200.0; 25419900.0; -41010000.0; -15590000.0; -7392000.0; -8198000.0; ; -8198000.0; 10159000.0; 1961000.0; 86848900.0; 25420000.0; 90201000.0; 90652000.0; 30000.0; 20000.0
2011-06-30; 843615000.0; 576810000.0; 266805000.0; ; 164807000.0; -10988000.0; 809536900.0; 34078100.0; -37275000.0; -3197000.0; -1723000.0; -1474000.0; ; -1474000.0; 908000.0; -566000.0; 92507100.0; 34078100.0; 90127000.0; 90127000.0; -10000.0; -10000.0
2011-03-31; 1581497000.0; 1127829000.0; 453668000.0; ; 167720000.0; -19282000.0; 1370298000.0; 211199000.0; -11673000.0; 199526000.0; 71366000.0; 128160000.0; ; 128160000.0; 4049000.0000000005; 132209000.0; 268334999.99999997; 211199000.0; 90246000.0; 90533000.0; 1450000.0; 1450000.0
2010-12-31; 1133262000.0; 768538000.0; 364724000.0; ; 154658000.0; ; 977972900.0; 155289100.0; -39621000.0; 115668000.0; 44568000.0; 71100000.0; ; 71100000.0; 2897000.0; 73997000.0; 211450100.0; 155289100.0; 90082000.0; 90408000.0; 810000.0; 810000.0
2010-09-30; 666637100.0; 465336700.0; 201300400.0; ; 135182100.0; ; 650199000.0; 16438099.999999998; -38204000.0; -21766000.0; -8390000.0; -13376000.0; ; -13376000.0; 14913000.0; 1537000.0; 73191100.0; 16437999.999999998; 91852000.0; 92422000.0; 30000.0; 10000.0
2010-06-30; 761305000.0; 513639000.0; 247666000.0; ; 163467000.0; ; 729046100.0; 32258899.999999996; -38065000.0; -5806000.0; -1577000.0; -4229000.0; ; -4229000.0; 1075000.0; -3154000.0; 85546900.0; 32258899.999999996; 92648000.0; 92648000.0; -30000.0; -30000.0
2010-03-31; 1940266000.0; 1485945000.0; 454321000.0; ; 176701000.0; 0.0; 1715726000.0; 224540000.0; -39533000.0; 185007000.0; 70881000.0; 114126000.0; ; 114126000.0; ; 114126000.0; 277620000.0; 224540000.0; 92518000.0; 92853000.0; 1220000.0; 1220000.0
2009-12-31; 1292852000.0; 882003000.0; 410849100.0; ; 166414000.0; ; 1102256000.0; 190596100.0; -38977000.0; 151619000.0; 58289000.0; 93330000.0; ; 93330000.0; ; 93330000.0; 244435100.0; 190596100.0; 92152000.0; 92509000.0; 1000000.0; 1000000.0
2009-09-30; 550597900.0; 345822900.0; 204775000.0; ; 150606000.0; ; 547656100.0; 2941800.0; -39023000.0; -36081000.0; -12450000.0; -23631000.0; ; -23631000.0; ; -15952000.0; 59392800.0; 2941500.0; 91117000.0; 91620000.0; -180000.0; -180000.0
2009-06-30; 780775000.0; 521134900.0; 259640100.00000003; ; 158472000.0; -3304000.0; 737092000.0; 43683000.0; -40292000.0; 3391000.0; 1427000.0; 1964000.0; ; 1964000.0; ; 1964000.0; 97864100.0; 43683000.0; 91338000.0; 91652000.0; 20000.0; 20000.0
2009-03-31; 1821406000.0; 1361355000.0; 460050900.0; ; 180054000.0; ; 1594859000.0; 226547000.0; -37098000.0; 189449000.0; 60446000.0; 129002999.99999999; ; 129002999.99999999; ; 129002999.99999999; 279997000.0; 226547000.0; 90895000.0; 91192000.0; 1410000.0; 1400000.0
