Date; Revenue; Cost Of Goods Sold; Gross Profit; Research And Development Expenses; SG&A Expenses; Other Operating Income Or Expenses; Operating Expenses; Operating Income; Total Non-Operating Income/Expense; Pre-Tax Income; Income Taxes; Income After Taxes; Other Income; Income From Continuous Operations; Income From Discontinued Operations; Net Income; EBITDA; EBIT; Basic Shares Outstanding; Shares Outstanding; Basic EPS; EPS - Earnings Per Share
2022-06-30; 76180000000.0; 17363000000.0; 58817000000.0; ; 8022000000.0; -36975000000.0; 129279000000.0; -53099000000.0; -2614000000.0; -55713000000.0; -12106000000.0; -43607000000.0; ; -43376000000.0; ; -43755000000.0; -117308000000.0; -120018000000.0; 2207336000.0; 2207336000.0; -19820000.0; -19820000.0
2022-03-31; 70810000000.0; 17422000000.0; 53388000000.0; ; 8176000000.0; -34608000000.0; 62184000000.0; 8626000000.0; -2190000000.0; 6436000000.0; 1227000000.0; 5209000000.0; ; 5585000000.0; ; 5460000000.0; 9351000000.0; 6648000000.0; 2213529000.0; 2213529000.0; 2470000.0; 2470000.0
2021-12-31; 71798000000.0; 17637000000.0; 54161000000.0; ; 8851000000.0; -34737000000.0; 20698000000.0; 51100000000.0; -2367000000.0; 48733000000.0; 9055000000.0; 39678000000.0; ; 39898000000.0; ; 39646000000.0; 94332000000.0; 91627000000.0; 2266780000.0; 2266780000.0; 17618500.0; 17618500.0
2021-09-30; 70583000000.0; 18746000000.0; 51837000000.0; ; 8416000000.0; -33597000000.0; 55838000000.0; 14745000000.0; -2638000000.0; 12107000000.0; 1840000000.0; 10267000000.0; ; 10644000000.0; ; 10344000000.0; 22334000000.0; 19666000000.0; 2256022000.0; 2256022000.0; 4585000.0; 4585000.0
2021-06-30; 69114000000.0; 16699000000.0; 52415000000.0; ; 8633000000.0; -32963000000.0; 30901000000.0; 38213000000.0; -2639000000.0; 35574000000.0; 7296000000.0; 28278000000.0; ; 28425000000.0; ; 28094000000.0; 68279000000.0; 65607000000.0; 2280883000.0; 2280883000.0; 12320000.0; 12320000.0
2021-03-31; 64599000000.0; 15458000000.0; 49141000000.0; ; 7420000000.0; -31001000000.0; 48179000000.0; 16420000000.0; -2143000000.0; 14277000000.0; 2688000000.0; 11589000000.0; ; 11840000000.0; ; 11711000000.0; 24793000000.0; 22120000000.0; 2301459000.0; 2301459000.0; 5090000.0; 5090000.0
2020-12-31; 64381000000.0; 16529000000.0; 47852000000.0; ; 9000000000.0; -30753000000.0; 16903000000.0; 47478000000.0; -2768000000.0; 44710000000.0; 9273000000.0; 35437000000.0; ; 36130000000.0; ; 35835000000.0; 89736000000.0; 86832000000.0; 2393298000.0; 2393298000.0; 14664300.0; 14664300.0
2020-09-30; 63024000000.0; 16206000000.0; 46818000000.0; ; 8342000000.0; -29912000000.0; 22903000000.0; 40121000000.0; -2481000000.0; 37640000000.0; 7517000000.0; 30123000000.0; ; 30413000000.0; ; 30137000000.0; 74286000000.0; 71703000000.0; 2381633000.0; 2381633000.0; 12654000.0; 12654000.0
2020-06-30; 56840000000.0; 14540000000.0; 42300000000.0; ; 7523000000.0; -26468000000.0; 8446000000.0; 48394000000.0; -12728000000.0; 35666000000.0; 9002000000.0; 26664000000.0; ; 26407000000.0; ; 26295000000.0; 91003000000.0; 88479000000.0; 2419252000.0; 2419252000.0; 10870000.0; 10870000.0
2020-03-31; 61265000000.0; 15286000000.0; 45979000000.0; ; 8064000000.0; -29116000000.0; 122741000000.0; -61476000000.0; -1573000000.0; -63049000000.0; -13352000000.0; -49697000000.0; ; -49697000000.0; ; -49746000000.0; -129166000000.0; -131751000000.0; 2435956000.0; 2435956000.0; -20421600.0; -20421600.0
2019-12-31; 65368000000.0; 17663000000.0; 47705000000.0; ; 9311000000.0; -31043000000.0; 26706000000.0; 38662000000.0; -2269000000.0; 36393000000.0; 7571000000.0; 28822000000.0; ; 29230000000.0; ; 29159000000.0; 72630000000.0; 69973000000.0; 2452553000.0; 2452553000.0; 11922300.0; 11922300.0
2019-09-30; 64972000000.0; 14742000000.0; 50230000000.0; ; 8223000000.0; -30941000000.0; 42980000000.0; 21992000000.0; -2147000000.0; 19845000000.0; 3832000000.0; 16013000000.0; ; 16657000000.0; ; 16524000000.0; 35452000000.0; 32918000000.0; 2451135000.0; 2451135000.0; 6740000.0; 6740000.0
2019-06-30; 63598000000.0; 14403000000.0; 49195000000.0; ; 8714000000.0; -30727000000.0; 43796000000.0; 19802000000.0; -2167000000.0; 17635000000.0; 3586000000.0; 14049000000.0; ; 14173000000.0; ; 14073000000.0; 32306000000.0; 29850000000.0; 2454077000.0; 2454077000.0; 5734500.0; 5734500.0
2019-03-31; 60678000000.0; 13834000000.0; 46844000000.0; ; 8414000000.0; -29629000000.0; 31555000000.0; 29123000000.0; -1476000000.0; 27647000000.0; 5915000000.0; 21732000000.0; ; 21732000000.0; ; 21661000000.0; 51862000000.0; 49445000000.0; 2461372000.0; 2461372000.0; 8800000.0; 8800000.0
2018-12-31; 63714000000.0; 15870000000.0; 47844000000.0; ; 8629000000.0; -30945000000.0; 90952000000.0; -27238000000.0; -3000000000.0; -30238000000.0; -7330000000.0; -22908000000.0; ; -25391000000.0; ; -25392000000.0; -60136000000.0; -62746000000.0; 2467336000.0; 2467336000.0; -10293700.0; -10293700.0
2018-09-30; 63450000000.0; 13732000000.0; 49718000000.0; ; 8506000000.0; -31043000000.0; 38575000000.0; 24875000000.0; -2044000000.0; 22831000000.0; 4440000000.0; 18391000000.0; ; 18707000000.0; ; 18540000000.0; 41976000000.0; 39581000000.0; 2466977000.0; 2466977000.0; 7520000.0; 7520000.0
2018-06-30; 62200000000.0; 12942000000.0; 49258000000.0; ; 8206000000.0; -30553000000.0; 45339000000.0; 16861000000.0; -1763000000.0; 15098000000.0; 3021000000.0; 12077000000.0; ; 12077000000.0; ; 12011000000.0; 25610000000.0; 23223000000.0; 2469231000.0; 2469231000.0; 4864300.0; 4864300.0
2018-03-31; 58473000000.0; 12854000000.0; 45619000000.0; ; 8560000000.0; -29244000000.0; 58673000000.0; -200000000.0; -1323000000.0; -1523000000.0; -452000000.0; -1071000000.0; ; -1071000000.0; ; -1138000000.0; -5828000000.0; -8215000000.0; 2469082000.0; 2469082000.0; -460900.0; -460900.0
2017-12-31; 58800000000.0; 13753000000.0; 45047000000.0; ; 19677000000.0; -17407000000.0; 50674000000.0; 8126000000.0; -4403000000.0; 3723000000.0; -26265000000.0; 29988000000.0; ; 32656000000.0; ; 32551000000.0; 10642000000.0; 8289000000.0; 2468568000.0; 2468568000.0; 11251900.0; 11251900.0
2017-09-30; 59507000000.0; 15557000000.0; 43950000000.0; ; 4496000000.0; -33861000000.0; 52949000000.0; 6558000000.0; -928000000.0; 5630000000.0; 1427000000.0; 4203000000.0; ; 4203000000.0; ; 4067000000.0; 9819000000.0; 7523000000.0; 1332950000.0; 1332950000.0; 3581500.0; 3581500.0
2017-06-30; 57256000000.0; 12388000000.0; 44868000000.0; ; 4489000000.0; -33321000000.0; 49973000000.0; 7283000000.0; -1500000000.0; 5783000000.0; 1774000000.0; 4009000000.0; ; 4355000000.0; ; 4262000000.0; 9804000000.0; 7508000000.0; 2468515000.0; 2468515000.0; 1726500.0; 1726500.0
2017-03-31; 64370000000.0; 22132000000.0; 42238000000.0; ; 4558000000.0; -31981000000.0; 57896000000.0; 6474000000.0; -786000000.0; 5688000000.0; 1549000000.0; 4139000000.0; ; 4139000000.0; ; 4060000000.0; 9492000000.0; 7249000000.0; 2468281000.0; 2468281000.0; 1644900.0; 1644900.0
2016-12-31; 49854000000.0; 11730000000.0; 38124000000.0; ; 18059000000.0; -16106000000.0; 37591000000.0; 12263000000.0; -4058000000.0; 8205000000.0; 2959000000.0; 5246000000.0; ; 6355000000.0; ; 6286000000.0; 14559000000.0; 20567000000.0; 2467383000.0; 2467383000.0; 2547400.0; 2547400.0
2016-09-30; 58843000000.0; 10955000000.0; 47888000000.0; ; 4424000000.0; -32121000000.0; 47500000000.0; 11343000000.0; -818000000.0; 10525000000.0; 3192000000.0; 7333000000.0; ; 7333000000.0; ; 7198000000.0; 13589000000.0; 11343000000.0; 2467513000.0; 2467513000.0; 2917000.0; 2917000.0
2016-06-30; 54254000000.0; 10289000000.0; 43965000000.0; ; 4509000000.0; -31563000000.0; 46361000000.0; 7893000000.0; -521000000.0; 7372000000.0; 2290000000.0; 5082000000.0; ; 5082000000.0; ; 5001000000.0; 10127000000.0; 7893000000.0; 2467261000.0; 2467261000.0; 2026900.0; 2026900.0
2016-03-31; 52163000000.0; 10776000000.0; 41387000000.0; ; 4115000000.0; -29883000000.0; 44774000000.0; 7389000000.0; -933000000.0; 6456000000.0; 799000000.0; 5657000000.0; ; 5657000000.0; ; 5589000000.0; 9514000000.0; 7389000000.0; 2466874000.0; 2466874000.0; 2265600.0; 2265600.0
2015-12-31; 51942000000.0; 10345000000.0; 41597000000.0; ; 3956000000.0; -29330000000.0; 43631000000.0; 8311000000.0; -930000000.0; 7381000000.0; 1834000000.0; 5547000000.0; ; 5547000000.0; ; 5478000000.0; 10289000000.0; 8311000000.0; 2466417000.0; 2466417000.0; 2216600.0; 2216600.0
2015-09-30; 58989000000.0; 9871000000.0; 49118000000.0; ; 4130000000.0; -30051000000.0; 44052000000.0; 14937000000.0; -865000000.0; 14072000000.0; 4545000000.0; 9527000000.0; ; 9527000000.0; ; 9428000000.0; 16926000000.0; 14937000000.0; 2466617000.0; 2466617000.0; 3822200.0; 3822200.0
2015-06-30; 51368000000.0; 10448000000.0; 40920000000.0; ; 3780000000.0; -30327000000.0; 44555000000.0; 6813000000.0; -967000000.0; 5846000000.0; 1739000000.0; 4107000000.0; ; 4107000000.0; ; 4013000000.0; 8754000000.0; 6813000000.0; 2466269000.0; 2466269000.0; 1627200.0; 1627200.0
2015-03-31; 48644000000.0; 8793000000.0; 39851000000.0; ; 3443000000.0; -27886000000.0; 40122000000.0; 8522000000.0; -875000000.0; 7647000000.0; 2414000000.0; 5233000000.0; ; 5233000000.0; ; 5164000000.0; 10393000000.0; 8522000000.0; 2466069000.0; 2466069000.0; 2093999.9999999998; 2093999.9999999998
2014-12-31; 48285000000.0; 9457000000.0; 38828000000.0; ; 3683000000.0; -28448000000.0; 41588000000.0; 6697000000.0; -856000000.0; 5841000000.0; 1623000000.0; 4218000000.0; ; 4218000000.0; ; 4155000000.0; 8631000000.0; 6697000000.0; 2466827000.0; 2466828000.0; 1685500.0; 1685500.0
2014-09-30; 51199000000.0; 11742000000.0; 39457000000.0; ; 3384000000.0; -28506000000.0; 43632000000.0; 7567000000.0; -817000000.0; 6750000000.0; 2029000000.0; 4721000000.0; ; 4721000000.0; ; 4617000000.0; 9421000000.0; 7567000000.0; 2465479000.0; 2465479000.0; 1872700.0; 1872700.0
2014-06-30; 49762000000.0; 8685000000.0; 41077000000.0; ; 3389000000.0; -27948000000.0; 40022000000.0; 9740000000.0; -824000000.0; 8916000000.0; 2458000000.0; 6458000000.0; ; 6458000000.0; ; 6395000000.0; 11550000000.0; 9740000000.0; 2468199000.0; 2468199000.0; 2591000.0; 2591000.0
2014-03-31; 45453000000.0; 8701000000.0; 36752000000.0; ; 3265000000.0; -26107000000.0; 38073000000.0; 7380000000.0; -782000000.0; 6598000000.0; 1825000000.0; 4773000000.0; ; 4773000000.0; ; 4705000000.0; 9152000000.0; 7380000000.0; 2467733000.0; 2467732000.0; 1906600.0; 1906600.0
2013-12-31; 47049000000.0; 8611000000.0; 38438000000.0; ; 3539000000.0; -26949000000.0; 39099000000.0; 7950000000.0; -718000000.0; 7232000000.0; 2169000000.0; 5063000000.0; ; 5063000000.0; ; 4990000000.0; 9625000000.0; 7950000000.0; 2468707000.0; 2468707000.0; 2022300.0; 2022300.0
2013-09-30; 46541000000.0; 9007000000.0; 37534000000.0; ; 3248000000.0; -26202000000.0; 38457000000.0; 8084000000.0; -706000000.0; 7378000000.0; 2225000000.0; 5153000000.0; ; 5153000000.0; ; 5053000000.0; 9700000000.0; 8084000000.0; 2467312000.0; 2467312000.0; 2048000.0; 2048000.0
2013-06-30; 44693000000.0; 7989000000.0; 36704000000.0; ; 3285000000.0; -25837000000.0; 37111000000.0; 7582000000.0; -691000000.0; 6891000000.0; 2279000000.0; 4612000000.0; ; 4612000000.0; ; 4541000000.0; 9198000000.0; 7582000000.0; 2467042000.0; 2467042000.0; 1840700.0; 1840700.0
2013-03-31; 43867000000.0; 7988000000.0; 35879000000.0; ; 3210000000.0; -24688000000.0; 35886000000.0; 7981000000.0; -686000000.0; 7295000000.0; 2278000000.0; 5017000000.0; ; 5017000000.0; ; 4892000000.0; 9582000000.0; 7981000000.0; 2466415000.0; 2466415000.0; 1983400.0; 1983400.0
2012-12-31; 44720000000.0; 9226000000.0; 35494000000.0; ; 4393000000.0; -25717000000.0; 39336000000.0; 5384000000.0; 1370000000.0; 6754000000.0; 2093000000.0; 4661000000.0; ; 4661000000.0; ; 4551000000.0; 7724000000.0; 5384000000.0; 2478592000.0; 2478592000.0; 1836900.0; 1836900.0
2012-09-30; 41050000000.0; 8243000000.0; 32807000000.0; ; 2573000000.0; -22922000000.0; 33738000000.0; 7312000000.0; -1376000000.0; 5936000000.0; 1882000000.0; 4054000000.0; ; 4054000000.0; ; 3920000000.0; 8608000000.0; 7312000000.0; 2479928000.0; 2479928000.0; 1580700.0; 1580700.0
2012-06-30; 38546000000.0; 7471000000.0; 31075000000.0; ; 2476000000.0; -22588000000.0; 32535000000.0; 6011000000.0; -1396000000.0; 4615000000.0; 1384000000.0; 3231000000.0; ; 3231000000.0; ; 3108000000.0; 7276000000.0; 6011000000.0; 2478918000.0; 2478918000.0; 1253800.0; 1253800.0
2012-03-31; 38147000000.0; 7980000000.0; 30167000000.0; ; 2428000000.0; -21466000000.0; 31874000000.0; 6273000000.0; -1342000000.0; 4931000000.0; 1565000000.0; 3366000000.0; ; 3366000000.0; ; 3245000000.0; 7526000000.0; 6273000000.0; 2478067000.0; 2478067000.0; 1309500.0; 1309500.0
2011-12-31; 37955000000.0; 8161000000.0; 29794000000.0; ; 2408000000.0; -21582000000.0; 32151000000.0; 5804000000.0; -1352000000.0; 4452000000.0; 1261000000.0; 3191000000.0; ; 3191000000.0; ; 3048000000.0; 7878000000.0; 5804000000.0; 2476486000.0; 2476486000.0; 1230300.0; 1230300.0
2011-09-30; 33739000000.0; 5950000000.0; 27789000000.0; ; 2105000000.0; -20956000000.0; 29011000000.0; 4728000000.0; -1365000000.0; 3363000000.0; 953000000.0; 2410000000.0; ; 2410000000.0; ; 2278000000.0; 5870000000.0; 4728000000.0; 2478586000.0; 2478586000.0; 919100.0; 919100.0
2011-06-30; 38274000000.0; 8958000000.0; 29316000000.0; ; 2122000000.0; -20606000000.0; 31686000000.0; 6588000000.0; -1323000000.0; 5265000000.0; 1725000000.0; 3540000000.0; ; 3540000000.0; ; 3417000000.0; 7729000000.0; 6588000000.0; 2475227000.0; 2475227000.0; 1380500.0; 1380500.0
2011-03-31; 33720000000.0; 8758000000.0; 24962000000.0; ; 2035000000.0; -19431000000.0; 30224000000.0; 3496000000.0; -1262000000.0; 2234000000.0; 629000000.0; 1605000000.0; ; 1605000000.0; ; 1511000000.0; 4631000000.0; 3496000000.0; 2474265000.0; 2474265000.0; 610700.0; 610700.0
2010-12-31; 36165000000.0; 6758000000.0; 29407000000.0; ; 2054000000.0; -19542000000.0; 28354000000.0; 7811000000.0; -1330000000.0; 6481000000.0; 2008000000.0; 4473000000.0; ; 4473000000.0; ; 4377000000.0; 8981000000.0; 7811000000.0; 2455127000.0; 2455127000.0; 1763500.0; 1763500.0
2010-09-30; 36274000000.0; 8749000000.0; 27525000000.0; ; 1896000000.0; -19690000000.0; 30335000000.0; 5939000000.0; -1405000000.0; 4534000000.0; 1415000000.0; 3119000000.0; ; 3119000000.0; ; 2989000000.0; 7033000000.0; 5939000000.0; 2473037000.0; 2473037000.0; 1208600.0; 1208600.0
2010-06-30; 31709000000.0; 6148000000.0; 25561000000.0; ; 1915000000.0; -19252000000.0; 27315000000.0; 4394000000.0; -1456000000.0; 2938000000.0; 848000000.0; 2090000000.0; ; 2090000000.0; ; 1968000000.0; 5494000000.0; 4394000000.0; 2472410000.0; 2472410000.0; 796000.0; 796000.0
2010-03-31; 32037000000.0; 7081000000.0; 24956000000.0; ; 1839000000.0; -16738000000.0; 25658000000.0; 6379000000.0; -1281000000.0; 5098000000.0; 1336000000.0; 3762000000.0; ; 3812000000.0; ; 3633000000.0; 7294000000.0; 6379000000.0; 2400350000.0; 2400350000.0; 1513500.0; 1513500.0
2009-12-31; 30198000000.0; 6106000000.0; 24092000000.0; ; 2066000000.0; -16296000000.0; 24468000000.0; 5730000000.0; -1265000000.0; 4465000000.0; 1431000000.0; 3034000000.0; ; 3154000000.0; ; 3056000000.0; 6542000000.0; 5730000000.0; 2328312000.0; 2328312000.0; 1314300.0; 1314300.0
2009-09-30; 29904000000.0; 6061000000.0; 23843000000.0; ; 2015000000.0; -15694000000.0; 23770000000.0; 6134000000.0; -1295000000.0; 4839000000.0; 1601000000.0; 3238000000.0; ; 3349000000.0; ; 3238000000.0; 6913000000.0; 6134000000.0; 2329142000.0; 2329142000.0; 1390200.0; 1390200.0
2009-06-30; 29607000000.0; 6387000000.0; 23220000000.0; ; 2073000000.0; -15083000000.0; 23543000000.0; 6064000000.0; -1273000000.0; 4791000000.0; 1520000000.0; 3271000000.0; ; 3384000000.0; ; 3295000000.0; 6842000000.0; 6064000000.0; 2329138000.0; 2329138000.0; 1414700.0; 1414700.0
2009-03-31; 22784000000.0; 7870000000.0; 14914000000.0; ; 1963000000.0; -14313000000.0; 24146000000.0; -1362000000.0; -1181000000.0; -2543000000.0; -1014000000.0; -1529000000.0; ; -1446000000.0; ; -1534000000.0; -604000000.0; -1362000000.0; 2325774000.0; 2325774000.0; -659600.0; -659600.0
