Date; Revenue; Cost Of Goods Sold; Gross Profit; Research And Development Expenses; SG&A Expenses; Other Operating Income Or Expenses; Operating Expenses; Operating Income; Total Non-Operating Income/Expense; Pre-Tax Income; Income Taxes; Income After Taxes; Other Income; Income From Continuous Operations; Income From Discontinued Operations; Net Income; EBITDA; EBIT; Basic Shares Outstanding; Shares Outstanding; Basic EPS; EPS - Earnings Per Share
2022-06-30; 399978000.0; 123696000.0; 276282000.0; ; 13127000.0; ; 271350000.0; 128627999.99999999; -66938000.0; 61690000.0; ; 61690000.0; ; 61690000.0; ; 57054000.0; 264812000.0; 128627999.99999999; 65263000.00000001; 65290000.00000001; 870000.0; 870000.0
2022-03-31; 381905000.0; 126272000.0; 255633000.0; ; 12242000.0; 0.0; 272055000.0; 109850000.0; -31475000.0; 78375000.0; ; 78375000.0; ; 78375000.0; ; 73254000.0; 245048000.0; 109850000.0; 65275999.99999999; 65339000.0; 1120000.0; 1120000.0
2021-12-31; 371595900.0; 121024000.0; 250571900.0; ; 17092000.0; 0.0; 270334000.0; 101261900.0; 42863000.0; 144125000.0; ; 144125000.0; ; 144125000.0; ; 136874000.0; 234991900.0; 101262000.0; 65051000.0; 65089000.0; 2100000.0; 2100000.0
2021-09-30; 362857000.0; 124399000.0; 238458000.0; ; 12712000.0; 42897000.0; 224886000.0; 137971000.0; -12969000.0; 125002000.0; ; 125002000.0; ; 125002000.0; ; 118390000.0; 270211000.0; 137971000.0; 65048000.0; 65147999.99999999; 1820000.0; 1820000.0
2021-06-30; 350978000.0; 116598000.0; 234380000.0; ; 12222000.0; ; 257596999.99999997; 93381000.0; -23766000.0; 69615000.0; ; 69615000.0; ; 69615000.0; ; 64846000.0; 226296000.0; 93381000.0; 65001999.99999999; 65081000.0; 1000000.0; 1000000.0
2021-03-31; 355125000.0; 119426000.0; 235699000.0; ; 9812000.0; 100096000.0; 157744000.0; 197381000.0; -20432000.0; 176949000.0; ; 176949000.0; ; 176949000.0; ; 168444000.0; 328100000.0; 197381000.0; 64989999.99999999; 65114999.99999999; 2590000.0; 2590000.0
2020-12-31; 362073000.0; 119275000.0; 242798000.0; ; 23144000.0; 23891000.0; 250142000.0; 111931000.0; -10282000.0; 101649000.0; ; 101649000.0; ; 101649000.0; ; 95745000.0; 231078000.0; 111931000.0; 65453999.99999999; 65565000.0; 1500000.0; 1510000.0
2020-09-30; 370811000.0; 121014000.0; 249797000.0; ; 13310000.0; 22654000.0; 241874000.0; 128937000.00000001; -50095000.0; 78842000.0; ; 78842000.0; ; 78842000.0; ; 73661000.0; 258607000.00000003; 128937000.00000001; 65233000.00000001; 65241000.0; 1130000.0; 1130000.0
2020-06-30; 370497000.0; 118782000.0; 251715000.0; ; 14952000.0; 16597000.000000002; 250761000.0; 119736000.0; -29660000.0; 90076000.0; ; 90076000.0; ; 90076000.0; ; 84458000.0; 252553000.0; 119736000.0; 65412000.00000001; 65428000.0; 1290000.0; 1290000.0
2020-03-31; 392367000.0; 115902000.0; 276465000.0; ; 13982000.0; ; 261529999.99999997; 130836999.99999999; 197928000.0; 328765000.0; ; 328765000.0; ; 328765000.0; ; 315006000.0; 262298999.99999997; 130836999.99999999; 66044000.0; 66194999.99999999; 4770000.0; 4760000.0
2019-12-31; 375365000.0; 109740000.0; 265625000.0; ; 15531000.0; ; 258547000.00000003; 116818000.0; 18364000.0; 135182000.0; ; 135182000.0; ; 135182000.0; ; 128818000.00000001; 230143000.0; 116818000.0; 65840000.0; 65938999.99999999; 1950000.0; 1940000.0
2019-09-30; 366932000.0; 110726000.0; 256206000.00000003; ; 11345000.0; ; 242893000.0; 124039000.0; -18339000.0; 105700000.0; ; 105700000.0; ; 105700000.0; ; 99335000.0; 240772000.0; 124039000.0; 65851000.0; 65973000.0; 1510000.0; 1510000.0
2019-06-30; 361635000.0; 103659000.0; 257976000.0; ; 13927000.0; ; 237075000.0; 124560000.0; -26499000.0; 98061000.0; ; 98061000.0; ; 98061000.0; ; 92275000.0; 239664000.0; 124560000.0; 65718999.99999999; 65822000.0; 1400000.0; 1400000.0
2019-03-31; 356223000.0; 106469000.0; 249754000.0; ; 13459000.0; ; 240528000.0; 115695000.0; 9810000.0; 125505000.0; ; 125505000.0; ; 125505000.0; ; 118858000.0; 231481000.0; 115695000.0; 65703000.0; 65784000.00000001; 1810000.0; 1810000.0
2018-12-31; 353158000.0; 106199000.0; 246959000.0; ; 16912000.0; ; 181885000.0; 171273000.0; -46833000.0; 124440000.0; ; 124440000.0; ; 124440000.0; ; 117820000.0; 286553000.0; 171273100.0; 66041000.0; 66085100.0; 1780000.0; 1780000.0
2018-09-30; 350917000.0; 105536000.0; 245381000.0; ; 10601000.0; ; 237020000.0; 113897000.0; -27787000.0; 86110000.0; ; 86110000.0; ; 86110000.0; ; 80975000.0; 229663000.0; 113897000.0; 66052000.00000001; 66104000.0; 1230000.0; 1220000.0
2018-06-30; 348723000.0; 101928000.0; 246795000.0; ; 11125000.0; ; 232451000.0; 116272000.0; -9862000.0; 106410000.0; ; 106410000.0; ; 106410000.0; ; 100440000.0; 230602000.0; 116272000.0; 66048000.0; 66096000.0; 1520000.0; 1520000.0
2018-03-31; 347255000.0; 102733000.0; 244522000.0; ; 14813000.0; ; 236708000.0; 110547000.0; -13908000.0; 96639000.0; ; 96639000.0; ; 96639000.0; ; 90918000.0; 224831000.0; 110547000.0; 66044000.0; 66083000.0; 1380000.0; 1380000.0
2017-12-31; 345064000.0; 103627000.0; 241437000.0; ; 10659000.0; ; 232689000.0; 112375000.0; -2713000.0; 109662000.0; ; 109662000.0; ; 109662000.0; ; 103613000.0; 225556100.0; 112375000.0; 65828999.99999999; 65897999.99999999; 1560000.0; 1560000.0
2017-09-30; 344369000.0; 104137000.0; 240232000.0; ; 9788000.0; ; 231700000.0; 112669000.0; -27634000.0; 85035000.0; ; 85035000.0; ; 85035000.0; ; 79723000.0; 225447000.0; 112669000.0; 65995000.00000001; 66078000.0; 1210000.0; 1210000.0
2017-06-30; 339062000.0; 98265000.0; 240797000.0; ; 10337000.0; ; 226815000.0; 112247000.0; -36452000.0; 75795000.0; ; 75795000.0; ; 75795000.0; ; 70759000.0; 225481000.0; 112247000.0; 65729000.0; 65819999.99999999; 1080000.0; 1080000.0
2017-03-31; 335404000.0; 99513000.0; 235891000.0; ; 10601000.0; ; 226173000.0; 109231000.0; 78320000.0; 187551000.0; ; 187551000.0; ; 187551000.0; ; 178964000.0; 217852000.0; 109231000.0; 65549000.00000001; 65858999.99999999; 2730000.0; 2720000.0
2016-12-31; 329038000.0; 68887000.0; 260151000.0; ; 12224000.0; ; 223518000.0; 105520000.0; 98997000.0; 204517000.0; ; 204517000.0; ; 204517000.0; ; 195569000.0; 210113000.0; 105520000.0; 65471999.99999999; 65587999.99999999; 2990000.0; 2980000.0
2016-09-30; 329171000.0; 99361000.0; 229810000.0; ; 9647000.0; ; 219759000.0; 109412000.0; -39250000.0; 70162000.0; ; 70162000.0; ; 70162000.0; ; 65561000.00000001; 212731000.0; 109412000.0; 65507999.99999999; 65617999.99999999; 1000000.0; 1000000.0
2016-06-30; 321590000.0; 96079000.0; 225511000.0; ; 9698000.0; ; 215717000.0; 105873000.0; -29049000.0; 76824000.0; ; 76824000.0; ; 76824000.0; ; 72013000.0; 208042000.0; 105873000.0; 65450999.99999999; 65575000.0; 1100000.0; 1100000.0
2016-03-31; 314202000.0; 94490000.0; 219712000.0; ; 9182000.0; ; 214207000.0; 99995000.0; -13088000.0; 86907000.0; ; 86907000.0; ; 86907000.0; ; 77981000.0; 202151000.0; 99995000.0; 65406000.00000001; 65558000.00000001; 1190000.0; 1190000.0
2015-12-31; 310746000.0; 92141000.0; 218605000.0; ; 8867000.0; ; 218542000.0; 92204100.0; -6442000.0; 85762000.0; ; 85762000.0; ; 85762000.0; ; 79624000.0; 201007000.0; 92204000.0; 64872000.0; 65062000.0; 1230000.0; 1220000.0
2015-09-30; 304626000.0; 94119000.0; 210507000.0; ; 11129000.0; ; 221937000.0; 82689000.0; -35507000.0; 47182000.0; ; 47182000.0; ; 47182000.0; ; 42323000.0; 191823000.0; 82689000.0; 65138999.99999999; 65298000.0; 650000.0; 650000.0
2015-06-30; 296162000.0; 90077000.0; 206085000.0; ; 9549000.0; ; 215196000.0; 80966000.0; -30424000.0; 50542000.0; ; 50542000.0; ; 50542000.0; ; 45555000.0; 187181000.0; 80966000.0; 64810000.0; 64973000.0; 700000.0; 700000.0
2015-03-31; 282873000.0; 87171000.0; 195702000.0; ; 10545000.0; ; 207558000.0; 75315000.0; -10562000.0; 64753000.0; ; 64753000.0; ; 64753000.0; ; 59363000.0; 172836000.0; 75315000.0; 64185000.0; 64394999.99999999; 920000.0; 920000.0
2014-12-31; 279268000.0; 88620000.0; 190648000.0; ; 12258000.0; ; 215807000.0; 63461000.0; -18657000.0; 44804000.0; ; 44804000.0; ; 44804000.0; ; 40174000.0; 157708000.0; 63461000.0; 56547000.0; 56697000.0; 620000.0; 610000.0
2014-09-30; 270873000.0; 88062000.0; 182811000.0; ; 11479000.0; ; 205735000.0; 65138000.00000001; -6556000.0; 58582000.0; ; 58582000.0; ; 58582000.0; ; 53566000.0; 160693000.0; 65138000.00000001; 62893000.0; 63070000.0; 850000.0; 850000.0
2014-06-30; 259788000.0; 83558000.0; 176230000.0; ; 9558000.0; ; 221434000.0; 38354000.0; -33708000.0; 4646000.0; ; 4646000.0; ; 4646000.0; ; 1207000.0; 133787000.0; 38354000.0; 61885000.0; 62060000.0; 20000.0; 20000.0
2014-03-31; 161009000.0; 52306000.0; 108703000.0; ; 7583000.0; ; 126448000.0; 34561000.0; -8154999.999999999; 26406000.0; ; 26406000.0; ; 26406000.0; ; 21912000.0; 85921000.0; 34561000.0; 37685000.0; 37931000.0; 580000.0; 580000.0
2013-12-31; 157822000.0; 52392000.0; 105430000.0; ; 7593000.0; ; 112670000.0; 45152000.0; -25134000.0; 20018000.0; ; 20018000.0; ; 20018000.0; 16884000.0; 31874000.0; 96377000.0; 45152000.0; 37249000.0; 37336000.0; 860000.0; 850000.0
2013-09-30; 153948000.0; 50322000.0; 103626000.0; ; 6263000.0; ; 105049000.0; 48899000.0; 13819000.0; 62718000.0; ; 62718000.0; ; 62718000.0; 13157000.0; 68788000.0; 98521000.0; 48899000.0; 37321000.0; 37437000.0; 1840000.0; 1840000.0
2013-06-30; 150815000.0; 48296000.0; 102519000.0; ; 6589000.0; ; 102726000.0; 48089000.0; -19104000.0; 28985000.0; ; 28985000.0; ; 28985000.0; 590000.0; 24946000.0; 97723000.0; 48089000.0; 37293000.0; 37391000.0; 670000.0; 670000.0
2013-03-31; 148005000.0; 48027000.0; 99978000.0; ; 6239000.0; ; 101440000.0; 46565000.0; -17404000.0; 29161000.0; ; 29161000.0; ; 29161000.0; 542000.0; 25203000.0; 94418000.0; 46565000.0; 37004000.0; 37092000.0; 680000.0; 680000.0
2012-12-31; 137084000.0; 44513000.0; 92571000.0; ; 8132999.999999999; ; 93709000.0; 43375000.0; 4534000.0; 47909000.0; ; 47909000.0; ; 47909000.0; 1728000.0; 43793000.0; 89577000.0; 43375000.0; 35032000.0; 35125000.0; 1220000.0; 1220000.0
2012-09-30; 137590000.0; 46715000.0; 90875000.0; ; 5276000.0; ; 94888000.0; 42702000.0; -22652000.0; 20050000.0; ; 20050000.0; ; 20050000.0; 172000.0; 16219000.000000002; 86923000.0; 42702000.0; 35601000.0; 35700000.0; 460000.0; 450000.0
2012-06-30; 132561000.0; 44028000.0; 88533000.0; ; 5764000.0; ; 91593000.0; 40968000.0; 1522000.0; 42490000.0; ; 42490000.0; ; 42490000.0; 0.0; 37078000.0; 83939000.0; 40968000.0; 34571000.0; 34708000.0; 1070000.0; 1070000.0
2012-03-31; 127918000.0; 41804000.0; 86114000.0; ; 5400000.0; ; 87938000.0; 39980000.0; -22776000.0; 17204000.0; ; 17204000.0; ; 17204000.0; 10037000.0; 22722000.0; 81957000.0; 39980000.0; 34028000.0; 34151000.0; 670000.0; 670000.0
2011-12-31; 119516000.0; 39913000.0; 79603000.0; ; 5069000.0; ; 83202000.0; 36314000.0; -23725000.0; 12589000.0; ; 12589000.0; ; 12589000.0; 5282000.0; 13938000.0; 77191000.0; 36314000.0; 32542000.0; 32628999.999999996; 420000.0; 420000.0
2011-09-30; 119166000.0; 42014000.0; 77152000.0; ; 4966000.0; ; 84861000.0; 34305000.0; -22541000.0; 11764000.0; ; 11764000.0; ; 11764000.0; -679000.0; 7687000.0; 73937000.0; 34305000.0; 33122000.0; 33209000.000000004; 230000.0; 230000.0
2011-06-30; 116326000.0; 40844000.0; 75482000.0; ; 5385000.0; ; 83479000.0; 32847000.0; -22345000.0; 10502000.0; ; 10502000.0; ; 10502000.0; 5551000.0; 10325000.0; 71350000.0; 32847000.0; 32040999.999999996; 32134999.999999996; 320000.0; 320000.0
2011-03-31; 112432000.0; 39349000.0; 73083000.0; ; 5274000.0; ; 81281000.0; 31151000.0; -19048000.0; 12103000.0; ; 12103000.0; ; 12103000.0; 404000.0; 8418000.0; 69604000.0; 31151000.0; 31466000.0; 31547000.0; 270000.0; 270000.0
2010-12-31; 104583000.0; 36442000.0; 68141000.0; ; 5243000.0; -687000.0; 78106000.0; 26477000.0; -19137000.0; 7340000.0; ; 7340000.0; ; 7340000.0; 1289000.0; 4778000.0; 62904000.0; 26477000.0; 29667000.0; 29734000.0; 160000.0; 160000.0
2010-09-30; 104327000.0; 37706000.0; 66620999.99999999; ; 6175000.0; -1615000.0; 78204000.0; 26123000.0; -15863000.0; 10260000.0; ; 10260000.0; ; 10260000.0; 166000.0; 6377000.0; 54480000.0; 26123000.0; 29762000.0; 29762000.0; 210000.0; 210000.0
2010-06-30; 100185000.0; 34817000.0; 65367999.99999999; ; 6219000.0; ; 73035000.0; 27150000.0; -13446000.0; 13704000.0; ; 13704000.0; ; 13704000.0; 165000.0; 9482000.0; 27150000.0; 27150000.0; 29329000.0; 29403000.0; 320000.0; 320000.0
2010-03-31; 101184000.0; 34199000.0; 66985000.0; ; 5618000.0; ; 70304000.0; 30880000.0; -13022000.0; 17858000.0; ; 17858000.0; ; 17858000.0; ; 13127000.0; 30880000.0; 30880000.0; 28968000.0; 29019000.0; 450000.0; 450000.0
2009-12-31; 98444000.0; 35639000.0; 62805000.0; ; 9891000.0; 3772000.0; 76163000.0; 22281000.0; -15367000.0; 6914000.0; ; 6914000.0; ; 6914000.0; 3686000.0; 6781000.0; 22281000.0; 22281000.0; 27270000.0; 29747000.0; 180000.0; 210000.0
2009-09-30; 101694000.0; 36109000.0; 65584999.99999999; ; 6086000.0; -11104000.0; 83142000.0; 18552000.0; -18527000.0; 25000.0; ; 25000.0; ; 25000.0; 2324000.0; 21739000.0; 18552000.0; 18552000.0; 27591000.0; 30070000.0; 790000.0; 740000.0
2009-06-30; 103632000.0; 33833000.0; 69799000.0; ; 5852000.0; ; 68588000.0; 35044000.0; -18484000.0; 16559999.999999998; ; 16559999.999999998; ; 16559999.999999998; 892000.0; 11415000.0; 35044000.0; 35044000.0; 26831300.0; 26853700.0; 430000.0; 430000.0
2009-03-31; 105111000.0; 33122999.999999996; 71988000.0; ; 6233000.0; -5752000.0; 74073000.0; 31038000.0; -10255000.0; 20783000.0; ; 20783000.0; ; 20783000.0; 2555000.0; 42265000.0; 31038000.0; 31038000.0; 26225000.0; 28693000.0; 1610000.0; 1530000.0
