Date; Revenue; Cost Of Goods Sold; Gross Profit; Research And Development Expenses; SG&A Expenses; Other Operating Income Or Expenses; Operating Expenses; Operating Income; Total Non-Operating Income/Expense; Pre-Tax Income; Income Taxes; Income After Taxes; Other Income; Income From Continuous Operations; Income From Discontinued Operations; Net Income; EBITDA; EBIT; Basic Shares Outstanding; Shares Outstanding; Basic EPS; EPS - Earnings Per Share
2022-06-30; 941200000.0; 403700000.0; 537500000.0; 140100000.0; 245800000.0; ; 806300000.0; 134900000.0; 86700000.0; 221600000.0; 53600000.0; 168000000.0; ; 168000000.0; ; 168000000.0; 177200000.0; 134900000.0; 249200000.0; 250700000.0; 670000.0; 670000.0
2022-03-31; 993700000.0; 444100000.0; 549600000.0; 140300000.0; 233400000.0; ; 836800000.0; 156900000.0; -18400000.0; 138500000.0; 28200000.0; 110300000.0; ; 110300000.0; ; 110300000.0; 201500000.0; 156900000.0; 250800000.0; 252800000.0; 440000.0; 440000.0
2021-12-31; 926000200.0; 414499900.0; 511500300.0; 136400000.0; 232600000.0; ; 798199800.0; 127800400.0; -9700000.0; 118100000.0; 2800000.0; 115300000.0; ; 115300000.0; ; 115300000.0; 171700400.0; 127800200.0; 251400000.0; 254300000.0; 460000.0; 450000.0
2021-09-30; 901400000.0; 396900000.0; 504500000.0; 132500000.0; 210700000.0; ; 753900000.0; 147500000.0; 9200000.0; 156700000.0; 32700000.000000004; 124000000.0; ; 124000000.0; ; 124000000.0; 191900000.0; 147500000.0; 251800000.0; 254500000.0; 490000.0; 490000.0
2021-06-30; 945200000.0; 419800000.0; 525400000.0; 138300000.0; 224800000.0; ; 800400000.0; 144800000.0; 17600000.0; 162400000.0; 23500000.0; 138900000.0; ; 138900000.0; ; 138900000.0; 190300000.0; 144800000.0; 251500000.0; 254200000.0; 550000.0; 550000.0
2021-03-31; 886500000.0; 393200000.0; 493300000.0; 129400000.0; 207800000.0; ; 745600000.0; 140900000.0; -3500000.0; 137400000.0; 22800000.0; 114600000.0; ; 114600000.0; ; 114500000.0; 187000000.0; 140900000.0; 251100000.0; 254300000.0; 460000.0; 450000.0
2020-12-31; 829700100.0; 361200000.0; 468500200.0; 125800000.0; 199800000.0; ; 707800100.0; 121900000.0; 6400000.0; 128300000.00000001; -52400000.0; 180700000.0; ; 180700000.0; ; 180300000.0; 169800000.0; 121899900.0; 250500000.0; 252300000.0; 720000.0; 710000.0
2020-09-30; 792100000.0; 352400000.0; 439700000.0; 117900000.0; 191000000.0; ; 690100000.0; 102000000.0; -5600000.0; 96400000.0; 11600000.0; 84800000.0; ; 84800000.0; ; 84700000.0; 151900000.0; 102000000.0; 250700000.0; 252800000.0; 340000.0; 340000.0
2020-06-30; 733600000.0; 327900000.0; 405700000.0; 114000000.0; 172400000.0; ; 636000000.0; 97600000.0; -6700000.0; 90900000.0; 27700000.0; 63200000.0; ; 63200000.0; ; 63000000.0; 147100000.0; 97600000.0; 250000000.0; 251200000.0; 250000.0; 250000.0
2020-03-31; 792300000.0; 351300000.0; 441000000.0; 118200000.0; 204700000.0; ; 694000100.0; 98299900.0; -18900000.0; 79400000.0; 17500000.0; 61900000.0; ; 61900000.0; ; 61900000.0; 148499900.0; 98299900.0; 249900000.0; 251700000.0; 250000.0; 250000.0
2019-12-31; 823999900.0; 364000000.0; 459999900.0; 119600000.0; 219000000.0; ; 735800000.0; 88199800.0; -12900000.0; 75300000.0; -204100000.0; 279400000.0; ; 279400000.0; ; 279300000.0; 137099800.0; 88200000.0; 250800000.0; 252900000.0; 1110000.0; 1100000.0
2019-09-30; 783900000.0; 361900000.0; 422000000.0; 112300000.0; 196900000.0; ; 692200000.0; 91700100.0; -12800000.0; 78900000.0; 800000.0; 78100000.0; ; 78100000.0; ; 78100000.0; 141900100.0; 91700100.0; 250400000.0; 252100000.0; 310000.0; 310000.0
2019-06-30; 854800000.0; 394200000.0; 460600000.0; 119600000.0; 208700000.0; ; 745100000.0; 109700000.0; 5700000.0; 115400000.0; 20800000.0; 94600000.0; ; 94600000.0; ; 94600000.0; 163300000.0; 109700000.0; 251700000.0; 254000000.0; 380000.0; 370000.0
2019-03-31; 801600000.0; 363300000.0; 438300000.0; 118200000.0; 210200000.0; ; 715300000.0; 86299900.0; -11100000.0; 75200000.0; 12800000.0; 62400000.0; ; 62400000.0; ; 62300000.0; 140799900.0; 86299900.0; 251500000.0; 254000000.0; 250000.0; 250000.0
2018-12-31; 785499900.0; 350300000.0; 435200000.0; 112600000.0; 212400000.0; ; 695899900.0; 89600000.0; -21600000.0; 68000000.0; -18800000.0; 86800000.0; ; 86800000.0; ; 86500000.0; 145700100.0; 89600000.0; 250000000.0; 253400000.0; 340000.0; 350000.0
2018-09-30; 795200000.0; 368300000.0; 426900000.0; 114100000.0; 211300000.0; ; 717800000.0; 77400000.0; -13300000.0; 64099999.99999999; -9600000.0; 73700000.0; ; 73700000.0; ; 73700000.0; 136200000.0; 77400000.0; 250500000.0; 253600000.0; 290000.0; 290000.0
2018-06-30; 785500000.0; 362800000.0; 422700000.0; 110100000.0; 202200000.0; ; 696000000.0; 89500000.0; -10300000.0; 79200000.0; 15100000.0; 64099999.99999999; ; 64099999.99999999; ; 64099999.99999999; 140800000.0; 89500000.0; 249500000.0; 252200000.0; 260000.0; 250000.0
2018-03-31; 742200000.0; 346000000.0; 396200000.0; 109300000.0; 203700000.0; ; 678000000.0; 64200000.0; 2500000.0; 66700000.0; 8000000.0; 58700000.0; ; 58700000.0; ; 58500000.0; 113200000.0; 64200000.0; 248800000.0; 253200000.0; 240000.0; 230000.0
2017-12-31; 699800000.0; 340300000.0; 359500000.0; 98100000.0; 188900000.0; ; 644100200.0; 55699800.0; -7100000.0; 48600000.0; 84400000.0; -35800000.0; ; -35800000.0; ; -35900000.0; 103599800.0; 55699900.0; 252100000.0; 256700000.0; -150000.0; -130000.0
2017-09-30; 676200000.0; 325000000.0; 351200000.0; 92600000.0; 174000000.0; ; 609900000.0; 66300100.0; 5600000.0; 71900000.0; 14700000.0; 57200000.0; ; 57200000.0; ; 57200000.0; 115000000.0; 66300100.0; 252600000.0; 257899999.99999997; 230000.0; 220000.0
2017-06-30; 659900000.0; 317300000.0; 342600000.0; 90800000.0; 175200000.0; ; 600900000.0; 59000100.0; 5000000.0; 64000000.0; 16700000.0; 47300000.0; ; 47300000.0; ; 47300000.0; 103600100.0; 59000100.0; 253000000.0; 257100000.00000003; 190000.0; 180000.0
2017-03-31; 610600000.0; 286300000.0; 324300000.0; 88700000.0; 163700000.0; ; 555900000.0; 54700000.0; 9000000.0; 63700000.0; 13900000.0; 49800000.0; ; 49800000.0; ; 49800000.0; 96900000.0; 54700000.0; 252000000.0; 255900000.0; 200000.0; 190000.0
2016-12-31; 585400100.0; 276100000.0; 309300200.0; 83000000.0; 154900000.0; ; 530699899.99999994; 54700300.0; 1500000.0; 56200000.0; 18500000.0; 37700000.0; ; 37700000.0; ; 37700000.0; 97400300.0; 54700200.0; 250500000.0; 253900000.0; 150000.0; 150000.0
2016-09-30; 584100000.0; 275100000.0; 309000000.0; 86900000.0; 147800000.0; ; 528799999.99999994; 55300000.0; -3100000.0; 52200000.0; 13000000.0; 39200000.0; ; 39200000.0; ; 39200000.0; 101700000.0; 55300000.0; 249700000.0; 253200000.0; 160000.0; 150000.0
2016-06-30; 609600000.0; 294000000.0; 315600000.0; 92000000.0; 163000000.0; ; 569100000.0; 40500000.0; -2200000.0; 38300000.0; 2700000.0; 35600000.0; ; 35600000.0; ; 35700000.0; 89800000.0; 40500000.0; 250500000.0; 253700000.0; 140000.0; 140000.0
2016-03-31; 583000000.0; 282400000.0; 300600000.0; 87700000.0; 165000000.0; ; 553100000.0; 29900000.0; -500000.0; 29400000.0; 9700000.0; 19700000.0; ; 19700000.0; ; 19800000.0; 79300000.0; 29900000.0; 251000000.0; 254000000.0; 80000.0; 80000.0
2015-12-31; 559699800.0; 266600000.00000003; 293099800.0; 85400000.0; 156000000.0; ; 526799900.0; 32899900.000000004; -4600000.0; 28300000.0; 4400000.0; 23900000.0; ; 23900000.0; ; 24000000.0; 82799900.0; 32899900.000000004; 255800000.0; 258500000.0; 90000.0; 100000.0
2015-09-30; 562300000.0; 264300000.0; 298000000.0; 79600000.0; 152300000.0; ; 516299999.99999994; 46000000.0; -2500000.0; 43500000.0; 6500000.0; 37000000.0; ; 37000000.0; ; 37100000.0; 95800000.0; 46000000.0; 254800000.0; 257200000.0; 150000.0; 140000.0
2015-06-30; 585800000.0; 281900000.0; 303900000.0; 84500000.0; 160400000.0; ; 549800000.0; 36000000.0; -200000.0; 35800000.0; 10000000.0; 25800000.0; ; 25800000.0; ; 25900000.0; 86000000.0; 36000000.0; 258399999.99999997; 261399999.99999997; 100000.0; 100000.0
2015-03-31; 582600000.0; 275400000.0; 307200000.0; 87200000.0; 161200000.0; ; 543100000.0; 39500000.0; 4700000.0; 44200000.0; 10200000.0; 34000000.0; ; 34000000.0; ; 34100000.0; 88900000.0; 39500000.0; 259399999.99999997; 262399999.99999997; 130000.0; 130000.0
2014-12-31; 563800000.0; 271300000.0; 292500000.0; 80800000.0; 115700000.0; ; 487000000.0; 76800000.0; -5200000.0; 71600000.0; 15700000.0; 55900000.0; ; 55900000.0; ; 55800000.0; 126500000.0; 76800100.0; 260100000.00000003; 264500000.0; 210000.0; 220000.0
2014-09-30; 584800000.0; 268000000.0; 316800000.0; 79000000.0; 207200000.0; ; 573700000.0; 11100000.0; -4000000.0; 7100000.0; -4700000.0; 11800000.0; ; 11800000.0; ; 11800000.0; 59000000.0; 11100000.0; 260300000.0; 264399999.99999997; 50000.0; 40000.0
2014-06-30; 642200000.0; 287600000.0; 354600000.0; 81800000.0; 157000000.0; ; 545000000.0; 97200000.0; 1600000.0; 98800000.0; 20700000.0; 78100000.0; ; 78100000.0; ; 77900000.0; 143100000.0; 97200000.0; 261100000.00000003; 266000000.0; 300000.0; 290000.0
2014-03-31; 604700000.0; 277800000.0; 326900000.0; 76400000.0; 154800000.0; ; 529000000.0; 75700000.0; 12800000.0; 88500000.0; 20400000.0; 68100000.0; ; 68100000.0; ; 68600000.0; 123800000.0; 75700000.0; 259800000.0; 264800000.0; 260000.0; 260000.0
2013-12-31; 599194200.0; 279762100.0; 319432100.0; 77615000.0; 152185000.0; ; 531885000.0; 67309100.0; -981000.0; 66328000.0; 6633000.0; 59695000.0; ; 59695000.0; ; 60042000.0; 116466100.0; 67309100.0; 256600000.00000003; 261200000.0; 230000.0; 230000.0
2013-09-30; 556502000.0; 261449000.0; 295053000.0; 71622000.0; 139155000.0; ; 493473000.0; 63029000.0; 483000.0; 63512000.0; 8892000.0; 54620000.0; ; 54620000.0; ; 54469000.0; 111423000.0; 63029000.0; 257036999.99999997; 261137000.0; 210000.0; 210000.0
2013-06-30; 576293000.0; 273892000.0; 302401000.0; 76555000.0; 138067000.0; ; 511388000.0; 64905000.0; 3786000.0; 68691000.0; 13738000.0; 54953000.0; ; 54953000.0; ; 54581000.0; 111329000.0; 64905000.0; 256185999.99999997; 260533000.00000003; 210000.0; 210000.0
2013-03-31; 556111000.0; 269197000.0; 286914000.0; 73608000.0; 135593000.0; ; 499654000.0; 56457000.0; -2088000.0; 54369000.0; 5437000.0; 48932000.0; ; 48932000.0; ; 49808000.0; 101982000.0; 56457000.0; 255181000.0; 260298999.99999997; 200000.0; 190000.0
2012-12-31; 515523100.0; 259059900.00000003; 256463100.0; 70737000.0; 136804000.0; ; 485194100.0; 30329000.0; 8655000.0; 38984000.0; 6305000.0; 32679000.000000004; ; 32679000.000000004; ; 33186000.0; 73502000.0; 30329000.0; 251132000.0; 256774000.0; 140000.0; 120000.0
2012-09-30; 504763000.0; 241895000.0; 262868000.0; 61181000.0; 122204000.0; ; 441293000.0; 63470000.0; 3352000.0; 66822000.0; 13022000.0; 53800000.0; ; 53800000.0; ; 53364000.0; 100520000.0; 63470000.0; 251742000.0; 256757999.99999997; 210000.0; 210000.0
2012-06-30; 517559999.99999994; 249864000.0; 267696000.00000003; 64305000.00000001; 127576000.0; ; 458639000.0; 58921000.0; 4370000.0; 63291000.0; 10126000.0; 53165000.0; ; 53165000.0; ; 53692000.0; 93737000.0; 58921000.0; 250732000.0; 256586000.0; 210000.0; 210000.0
2012-03-31; 502267000.0; 243117000.0; 259149999.99999997; 60235000.0; 122910000.0; ; 442419000.0; 59848000.0; 479000.0; 60327000.0; 10255000.0; 50072000.0; ; 50072000.0; ; 50818000.0; 94207000.0; 59848000.0; 248740000.0; 255520000.0; 200000.0; 200000.0
2011-12-31; 435170000.0; 217412000.0; 217758000.0; 57555000.0; 115103000.0; ; 406457900.0; 28712100.0; 2378000.0; 31090000.0; 2427000.0; 28663000.0; ; 28663000.0; ; 29403000.0; 63693100.0; 28712100.0; 245450000.0; 252266000.0; 110000.0; 115000.0
2011-09-30; 417433000.0; 205874000.0; 211559000.0; 49928000.0; 114750000.0; ; 384985000.0; 32448000.0; -2563000.0; 29885000.0; 2689000.0; 27196000.0; ; 27196000.0; ; 27971000.0; 62062000.0; 32448000.0; 245938000.0; 251788000.0; 115000.0; 110000.0
2011-06-30; 407169000.0; 198435000.0; 208734000.0; 46292000.0; 100647000.0; ; 355602000.0; 51567000.0; 8631000.0; 60198000.0; 6020000.0; 54178000.0; ; 54178000.0; ; 53678000.0; 72715000.0; 51567000.0; 245334000.0; 252384000.0; 220000.0; 215000.0
2011-03-31; 384293000.0; 192763000.0; 191530000.0; 43232000.0; 94679000.0; ; 340618000.0; 43675000.0; 2606000.0; 46281000.0; 7409000.0; 38872000.0; ; 38872000.0; ; 39703000.0; 64343000.0; 43675000.0; 243638000.0; 251712000.0; 165000.0; 160000.0
2010-12-31; 323349000.0; 160019000.0; 163330000.0; 40750000.0; 94487000.0; ; 304093000.0; 19256000.0; 3005000.0; 22261000.0; -13587000.0; 35848000.0; ; 35848000.0; ; 36564000.0; 39618000.0; 19256000.0; 240704000.0; 247596000.0; 155000.0; 145000.0
2010-09-30; 318210000.0; 158462000.0; 159748000.0; 36897000.0; 82865000.0; ; 286540000.0; 31670000.0; 6659000.0; 38329000.0; 5487000.0; 32842000.0; ; 32842000.0; ; 32845000.0; 50676000.0; 31670000.0; 238948000.0; 245738000.0; 135000.0; 135000.0
2010-06-30; 333363000.0; 169937000.0; 163426000.0; 36552000.0; 77812000.0; ; 292802000.0; 40561000.0; 286000.0; 40847000.0; 34076000.0; 6771000.0; ; 6771000.0; ; 6353000.0; 58762000.0; 40561000.0; 241308000.0; 248198000.0; 25000.0; 25000.0
2010-03-31; 319015000.0; 160018000.0; 158997000.0; 35890000.0; 78315000.0; ; 282900000.0; 36115000.0; 3535000.0; 39650000.0; 11498000.0; 28152000.0; ; 28152000.0; ; 27898000.0; 54383000.0; 36115000.0; 241520000.0; 247658000.0; 115000.0; 115000.0
2009-12-31; 277529000.0; 146877000.0; 130651999.99999999; 35795000.0; 73668000.0; ; 264851999.99999997; 12677000.0; 6000.0; 12683000.0; 3414000.0; 9269000.0; ; 9269000.0; ; 9547000.0; 31235000.0; 12677000.0; 239628000.0; 244416000.0; 40000.0; 40000.0
2009-09-30; 269713000.0; 137255000.0; 132458000.0; 33250000.0; 70259000.0; ; 249548000.0; 20165000.0; 1396000.0; 21561000.0; 5714000.0; 15847000.0; ; 15847000.0; ; 15577000.0; 38655000.0; 20165000.0; 240094000.0; 245708000.0; 65000.0; 65000.0
2009-06-30; 290063000.0; 147263000.0; 142800000.0; 33457000.0; 71785000.0; ; 261337000.0; 28726000.0; 1055000.0; 29781000.0; 8631000.0; 21150000.0; ; 21150000.0; ; 20857000.0; 46384000.0; 28726000.0; 239102000.0; 243794000.0; 85000.0; 85000.0
2009-03-31; 288954000.0; 144996000.0; 143958000.0; 34137000.0; 74977000.0; ; 264702000.0; 24252000.0; -656000.0; 23596000.0; 5899000.0; 17697000.0; ; 17697000.0; ; 17465000.0; 41013100.0; 24252000.0; 238520000.0; 241852000.0; 75000.0; 70000.0
