Date; Cash On Hand; Receivables; Inventory; Pre-Paid Expenses; Other Current Assets; Total Current Assets; Property, Plant, And Equipment; Long-Term Investments; Goodwill And Intangible Assets; Other Long-Term Assets; Total Long-Term Assets; Total Assets; Total Current Liabilities; Long Term Debt; Other Non-Current Liabilities; Total Long Term Liabilities; Total Liabilities; Common Stock Net; Retained Earnings (Accumulated Deficit); Comprehensive Income; Other Share Holders Equity; Share Holder Equity; Total Liabilities And Share Holders Equity
2022-06-30; 4789700000.0; 18452000000.0; ; ; 1502700000.0; 24744400000.0; 569600000.0; ; 12227300000.0; 949100000.0; 15246000000.0; 39990400000.0; 23504700000.0; 5561500000.0; 1686200000.0; 7623899000.0; 31128600000.0; 210300000.0; 3388700000.0; -1057300000.0; ; 8861800000.0; 39990400000.0
2022-03-31; 4638700000.0; 21608100000.0; ; ; 1272500000.0; 27519300000.0; 505100000.0; ; 12605300000.0; 980200000.0; 15642200000.0; 43161500000.0; 26144800000.0; 5760900000.0; 1814900000.0; 7973600000.0; 34118400000.0; 210100000.0; 3213000000.0; -665700000.0; ; 9043100000.0; 43161500000.0
2021-12-31; 4466300000.0; 11753100000.0; ; ; 1451000000.0; 17670400000.0; 500800000.0; ; 12620200000.0; 966500000.0; 15674600000.0; 33345000000.0; 16735000000.0; 5810200000.0; 1871700000.0; 8049900000.0; 24784900000.0; 208500000.0; 2882300000.0; -726100000.0; ; 8560100000.0; 33345000000.0
2021-09-30; 6012300000.0; 7756500000.0; ; ; 1369500000.0; 15138300000.0; 454500000.0; ; 8966500000.0; 854800000.0; 11777500000.0; 26915800000.0; 11659800000.0; 5072400000.0; 1371000000.0; 6785900000.0; 18445700000.0; 207300000.0; 2873800000.0; -623200000.0; ; 8470100000.0; 26915800000.0
2021-06-30; 6375000000.0; 8394799999.999999; ; ; 1169500000.0; 15939300000.0; 454900000.0; ; 9077600000.0; 860800000.0; 11877900000.0; 27817200000.0; 12021300000.0; 5712200000.0; 1365100000.0; 7441900000.0; 19463200000.0; 206800000.0; 2749100000.0; -530500000.0; ; 8354000000.0; 27817200000.0
2021-03-31; 3360900000.0; 8309299999.999999; ; ; 997300000.0; 12667500000.0; 449200000.0; ; 8989700000.0; 850000000.0; 11747000000.0; 24414500000.0; 11516000000.0; 4366300000.0; 1373600000.0; 6119000000.0; 17635000000.0; 195900000.0; 2658900000.0; -527799999.99999994; ; 6779500000.0; 24414500000.0
2020-12-31; 3574300000.0; 6436000000.0; ; ; 1113900000.0; 11124200000.0; 450700000.0; ; 8526900000.0; 769900000.0; 11207200000.0; 22331400000.0; 10135000000.0; 4266000000.0; 1311100000.0; 5963700000.0; 16098700000.0; 193700000.0; 2371700000.0; -643600000.0; ; 6232700000.0; 22331400000.0
2020-09-30; 3474800000.0; 6702500000.0; ; ; 1023000000.0; 11200300000.0; 458700000.0; ; 8027200000.0; 732500000.0; 10614600000.0; 21814900000.0; 10117200000.0; 4265700000.0; 1255700000.0; 5879500000.0; 15996700000.0; 192300000.0; 2317300000.0; -870400000.0; ; 5818200000.0; 21814900000.0
2020-06-30; 3002700000.0; 6873500000.0; ; ; 884200000.0; 10760400000.0; 461400000.0; ; 7982400000.0; 727700000.0; 10545800000.0; 21306200000.0; 9864000000.0; 4315400000.0; 1218100000.0; 5907700000.0; 15771700000.0; 191500000.0; 2228300000.0; -982200000.0; ; 5534500000.0; 21306200000.0
2020-03-31; 2633200000.0; 7094300000.0; ; ; 799700000.0; 10527200000.0; 454300000.0; ; 7802000000.0; 674400000.0; 10309300000.0; 20836500000.0; 9837800000.0; 4315100000.0; 1225900000.0; 5928600000.0; 15766400000.0; 189600000.0; 2161400000.0; -1231100000.0; ; 5070100000.0; 20836500000.0
2019-12-31; 2623900000.0; 5419200000.0; ; ; 1074400000.0; 9117500000.0; 467400000.0; ; 7937200000.0; 773600000.0; 10517300000.0; 19634800000.0; 8921000000.0; 3816100000.0; 1271600000.0; 5498300000.0; 14419300000.0; 188100000.0; 1901300000.0; -759600000.0; ; 5215500000.0; 19634800000.0
2019-09-30; 2607300000.0; 5684700000.0; ; ; 1036599999.9999999; 9328600000.0; 458800000.0; ; 7388300000.0; 660800000.0; 9845199000.0; 19173800000.0; 8910900000.0; 3815800000.0; 1127100000.0; 5350900000.0; 14261800000.0; 186500000.0; 1884200000.0; -925100000.0; ; 4912000000.0; 19173800000.0
2019-06-30; 2546600000.0; 6007600000.0; ; ; 993200000.0; 9547400000.0; 458000000.0; ; 7250700000.0; 670100000.0; 9652899000.0; 19200300000.0; 8932500000.0; 3815600000.0; 1101700000.0; 5320000000.0; 14252500000.0; 186100000.0; 1839300000.0; -802500000.0; ; 4947800000.0; 19200300000.0
2019-03-31; 2540800000.0; 6253200000.0; ; ; 875500000.0; 9669500000.0; 450200000.0; ; 6642300000.0; 630700000.0; 8961900000.0; 18631400000.0; 8637900000.0; 3690300000.0; 937100000.0; 5035300000.0; 13673200000.0; 185300000.0; 1810200000.0; -721500000.0; ; 4958200000.0; 18631400000.0
2018-12-31; 2236800000.0; 4857500000.0; ; ; 1024400000.0000001; 8118700000.0; 436900000.0; ; 6398600000.0; 573600000.0; 8215299999.999999; 16334000000.0; 7693600000.0; 3091400000.0; 900900000.0; 4070700000.0; 11764300000.0; 184000000.0; 1558600000.0; -785600000.0; ; 4569700000.0; 16334000000.0
2018-09-30; 2260500000.0; 4872000000.0; ; ; 951500000.0; 8084000000.0; 429300000.0; ; 6273400000.0; 584600000.0; 8030700000.0; 16114700000.0; 7422600000.0; 3141200000.0; 862100000.0; 4079400000.0; 11502000000.0; 183700000.0; 1517600000.0; -673400000.0; ; 4612700000.0; 16114700000.0
2018-06-30; 2344700000.0; 5142200000.0; ; ; 878100000.0; 8365000000.0; 427600000.0; ; 6134900000.0; 586700000.0; 7865500000.0; 16230500000.0; 7568600000.0; 3141000000.0; 931200000.0; 4148800000.0; 11717400000.0; 182600000.0; 1466000000.0; -651400000.0; ; 4513100000.0; 16230500000.0
2018-03-31; 2108699999.9999998; 5675400000.0; ; ; 749200000.0; 8533299999.999999; 424200000.0; ; 5875900000.0; 585700000.0; 7594200000.0; 16127500000.0; 7742400000.0; 2792100000.0; 933700000.0; 3800600000.0; 11543000000.0; 182100000.0; 1426700000.0; -499500000.0; ; 4584500000.0; 16127500000.0
2017-12-31; 2305000000.0; 4082800000.0; ; ; 881600000.0; 7269400000.0; 412200000.0; ; 5809400000.0; 567100000.0; 7640300000.0; 14909700000.0; 6730200000.0; 2691900000.0; 1112600000.0; 3879800000.0; 10610000000.0; 181000000.0; 1221800000.0; -555400000.0; ; 4299700000.0; 14909700000.0
2017-09-30; 2180500000.0; 2227300000.0; ; ; 679600000.0; 5087400000.0; 413400000.0; ; 5831600000.0; 559600000.0; 7723000000.0; 12810400000.0; 4705200000.0; 2741700000.0; 1191300000.0; 3933000000.0; 8638200000.0; 180800000.0; 1062099999.9999999; -498900000.0; ; 4172200000.0; 12810400000.0
2017-06-30; 2068900000.0; 2374200000.0; ; ; 664100000.0; 5107200000.0; 387600000.0; ; 5651600000.0; 561300000.0; 7462400000.0; 12569600000.0; 4858000000.0; 2644800000.0; 1156800000.0; 3801600000.0; 8659600000.0; 180200000.0; 1002900000.0; -661900000.0; ; 3910000000.0; 12569600000.0
2017-03-31; 1822000000.0; 2066800000.0000002; ; ; 594400000.0; 4483200000.0; 375500000.0; ; 5579000000.0; 536200000.00000006; 7297400000.0; 11780600000.0; 4784700000.0; 2144699999.9999998; 1123900000.0; 3268600000.0; 8053300000.0; 179500000.0; 901800000.0; -699100000.0; ; 3727300000.0; 11780600000.0
2016-12-31; 1937600000.0; 1844800000.0; ; ; 633700000.0; 4416100000.0; 377600000.0; ; 5395100000.0; 504300000.0; 7073500000.0; 11489600000.0; 4611700000.0; 2144600000.0; 1077500000.0; 3222100000.0; 7833800000.0; 178300000.0; 916400000.0; -763600000.0; ; 3655800000.0; 11489600000.0
2016-09-30; 1928900000.0; 1683700000.0; ; ; 601100000.0; 4213700000.0; 213900000.0; ; 5392500000.0; 630400000.0; 6986600000.0; 11200300000.0; 4398900000.0; 2044600000.0; 1015600000.0; 3060200000.0; 7459100000.0; 177900000.0; 889800000.0; -620500000.0; ; 3741200000.0; 11200300000.0
2016-06-30; 1842000000.0; 2038400000.0; ; ; 605200000.0; 4485600000.0; 213900000.0; ; 5375900000.0; 606600000.0; 6898700000.0; 11384300000.0; 4383700000.0; 2344400000.0; 1000400000.0; 3344800000.0; 7728500000.0; 177000000.0; 835200000.0; -603500000.0; ; 3655800000.0; 11384300000.0
2016-03-31; 1728900000.0; 1706800000.0; ; ; 503800000.0; 3939500000.0; 218200000.0; ; 5366300000.0; 528000000.0; 6773100000.0; 10712600000.0; 4022400000.0; 2071800000.0000002; 966100000.0; 3037900000.0; 7060300000.0; 177100000.0; 753400000.0; -535400000.0; ; 3652300000.0; 10712600000.0
2015-12-31; 1892500000.0; 1734000000.0; ; ; 587200000.0; 4213700000.0; 249000000.0; ; 5361700000.0; 442600000.0; 6696800000.0; 10910500000.0; 4187100000.0000005; 2071699999.9999998; 963500000.0; 3035200000.0; 7222300000.0; 176900000.0; 774500000.0; -522500000.0; ; 3688200000.0; 10910500000.0
2015-09-30; 1719300000.0; 1600800000.0; ; ; 700000000.0; 4020100000.0; 200700000.0; ; 5321400000.0; 480400000.0; 6490300000.0; 10510400000.0; 3729200000.0; 2125000000.0; 948300000.0; 3073300000.0; 6802500000.0; 176700000.0; 778400000.0; -496300000.0; ; 3707900000.0; 10510400000.0
2015-06-30; 1765500000.0; 1764500000.0; ; ; 731400000.0; 4261399999.9999995; 198200000.0; ; 5330900000.0; 487600000.0; 6454700000.0; 10716100000.0; 3905400000.0; 2125000000.0; 974200000.0; 3099200000.0; 7004600000.0; 174500000.0; 710800000.0; -338700000.0; ; 3711500000.0; 10716100000.0
2015-03-31; 1463400000.0; 1543600000.0; ; ; 587800000.0; 3594800000.0; 190600000.0; ; 5141600000.0; 408500000.0; 6136100000.0; 9730900000.0; 3438700000.0; 2125000000.0; 947600000.0; 3072600000.0; 6511300000.0; 166700000.0; 636000000.0; -380200000.0; ; 3219600000.0; 9730900000.0
2014-12-31; 1682000000.0; 1462500000.0; ; ; 666700000.0; 3811200000.0; 195400000.0; ; 5225600000.0; 385200000.0; 6198800000.0; 10010000000.0; 3642700000.0; 2125000000.0; 937200000.0; 3062200000.0; 6704900000.0; 164600000.0; 676000000.0; -260600000.00000003; ; 3305100000.0; 10010000000.0
2014-09-30; 1632600000.0; 1669000000.0; ; ; 670800000.0; 3972400000.0; 196600000.0; ; 5067300000.0; 399000000.0; 6015600000.0; 9988000000.0; 3769800000.0; 2125000000.0; 837200000.0; 2962200000.0; 6732000000.0; 161400000.0; 683700000.0; -83700000.0; ; 3256000000.0; 9988000000.0
2014-06-30; 2082500000.0; 1997600000.0; ; ; 360200000.0; 4440300000.0; 193700000.0; ; 4659100000.0; 397300000.0; 5579000000.0; 10019300000.0; 3875000000.0; 2125000000.0; 769700000.0; 2894700000.0; 6769700000.0; 159000000.0; 648400000.0; 54200000.0; ; 3249600000.0; 10019300000.0
2014-03-31; 1655100000.0; 1253400000.0; ; ; 289500000.0; 3198000000.0; 165900000.0; ; 3235800000.0; 383000000.0; 4077600000.0; 7275600000.0; 3033600000.0; 1425000000.0; 672800000.0; 2097800000.0000002; 5131400000.0; 135100000.0; 596900000.0; 6900000.0; ; 2144199999.9999998; 7275600000.0
2013-12-31; 1325500000.0; 1288800000.0; ; ; 261300000.0; 2875600000.0; 160400000.0; ; 3224000000.0; 320700000.0; 3984900000.0; 6860500000.0; 3284800000.0; 825000000.0; 665200000.0; 1490200000.0; 4775000000.0; 133600000.0; 596400000.0; -2600000.0; ; 2085500000.0; 6860500000.0
2013-09-30; 1211100000.0; 1075100000.0; ; ; 260500000.0; 2546700000.0; 148100000.0; ; 2689500000.0; 302300000.0; 3423500000.0; 5970200000.0; 2577900000.0; 825000000.0; 635100000.0; 1460100000.0; 4038000000.0; 131500000.0; 583200000.0; -41800000.0; ; 1932200000.0; 5970200000.0
2013-06-30; 1153500000.0; 1245200000.0; ; ; 203900000.0; 2602600000.0; 123000000.0; ; 2290800000.0; 270600000.0; 2959500000.0; 5562100000.0; 2343700000.0; 925000000.0; 591400000.0; 1516400000.0; 3860100000.0; 127700000.0; 554900000.0; -72600000.0; ; 1702000000.0; 5562100000.0
2013-03-31; 1023100000.0; 1050599999.9999999; ; ; 227700000.0; 2301400000.0; 108500000.0; ; 2237100000.0; 319600000.0; 2923700000.0; 5225100000.0; 2215100000.0; 725000000.0; 620300000.0; 1345300000.0; 3560400000.0; 126800000.0; 506400000.0; -55000000.0; ; 1664700000.0; 5225100000.0
2012-12-31; 1153700000.0; 1096100000.0; ; ; 179700000.0; 2429500000.0; 105400000.0; ; 2282300000.0; 283300000.0; 2922800000.0; 5352300000.0; 2362900000.0; 725000000.0; 605800000.0; 1330800000.0; 3693700000.0; 125600000.0; 510400000.0; -32799999.999999996; ; 1658600000.0; 5352300000.0
2012-09-30; 1110700000.0; 1031700000.0; ; ; 182500000.0; 2324900000.0; 101000000.0; ; 2096600000.0; 245900000.0; 2684400000.0; 5009300000.0; 2090300000.0000002; 725000000.0; 557800000.0; 1282800000.0; 3373100000.0; 124400000.0; 519700000.00000006; -25800000.0; ; 1636200000.0; 5009300000.0
2012-06-30; 1106300000.0; 1367600000.0; ; ; 157900000.0; 2631800000.0; 100900000.0; ; 1930800000.0; 232400000.0; 2501800000.0; 5133600000.0; 2442000000.0; 675000000.0; 543700000.0; 1218700000.0; 3660700000.0; 121000000.0; 500700000.0; -48100000.0; ; 1472900000.0; 5133600000.0
2012-03-31; 979600000.0; 1080100000.0; ; ; 165300000.0; 2225000000.0; 95700000.0; ; 1794000000.0; 251500000.0; 2377700000.0; 4602700000.0; 2044200000.0; 675000000.0; 526900000.0; 1201900000.0; 3246100000.0; 118300000.0; 470500000.0; -36000000.0; ; 1356600000.0; 4602700000.0
2011-12-31; 983700000.0; 1027099999.9999999; ; ; 188600000.0; 2199400000.0; 91300000.0; ; 1716800000.0; 235800000.0; 2284100000.0; 4483500000.0; 2073600000.0; 675000000.0; 491300000.0; 1166300000.0; 3239900000.0; 114700000.0; 482900000.0; -47200000.0; ; 1243600000.0; 4483500000.0
2011-09-30; 959800000.0; 982000000.0; ; ; 146900000.0; 2088699999.9999998; 90500000.0; ; 1648900000.0; 204900000.0; 2158500000.0; 4247200000.0; 1943600000.0; 675000000.0; 409300000.0; 1084300000.0; 3027900000.0; 112900000.0; 480400000.0; -12100000.0; ; 1219300000.0; 4247200000.0
2011-06-30; 996100000.0; 1292900000.0; ; ; 127000000.0; 2416000000.0; 87700000.0; ; 1635300000.0; 208800000.0; 2165900000.0; 4581900000.0; 2287100000.0; 675000000.0; 417000000.0; 1092000000.0; 3379100000.0; 112200000.0; 471300000.0; 3700000.0; ; 1202800000.0; 4581900000.0
2011-03-31; 913300000.0; 718800000.0; ; ; 117700000.0; 1749800000.0; 79400000.0; ; 1415400000.0; 204000000.0; 1941300000.0; 3691100000.0; 1485300000.0; 675000000.0; 383700000.0; 1058700000.0; 2544000000.0; 110300000.0; 466800000.0; 6500000.0; ; 1147100000.0; 3691100000.0
2010-12-31; 849500000.0; 750100000.0; ; ; 126400000.0; 1726000000.0; 75800000.0; ; 1367200000.0; 181800000.0; 1870000000.0; 3596000000.0; 1577300000.0; 550000000.0; 362000000.0; 912000000.0; 2489300000.0; 108400000.0; 488300000.0; 2200000.0; ; 1106700000.0; 3596000000.0
2010-09-30; 861700000.0; 704900000.0; ; ; 123300000.0; 1689900000.0; 75800000.0; ; 1260000000.0; 190100000.0; 1770800000.0; 3460700000.0; 1532300000.0; 550000000.0; 367000000.0; 917000000.0; 2449300000.0; 106000000.0; 468400000.0; -2600000.0; ; 1011400000.0; 3460700000.0
2010-06-30; 796000000.0; 916000000.0; ; ; 111600000.0; 1823600000.0; 79000000.0; ; 1211400000.0; 186400000.0; 1732200000.0; 3555800000.0; 1689900000.0; 550000000.0; 350500000.0; 900500000.0; 2590400000.0; 105200000.0; 456300000.0; -13300000.0; ; 965400000.0; 3555800000.0
2010-03-31; 733100000.0; 665500000.0; ; ; 123300000.0; 1521900000.0; 79500000.0; ; 1183400000.0; 182600000.0; 1710200000.0; 3232100000.0; 1420500000.0; 550000000.0; 344900000.0; 894900000.0; 2315400000.0; 103600000.0; 446200000.0; -9200000.0; ; 916700000.0; 3232100000.0
2009-12-31; 728500000.0; 693700000.0; ; ; 117800000.0; 1540000000.0; 80700000.0; ; 1180700000.0; 177800000.0; 1710300000.0; 3250300000.0; 1474400000.0; 550000000.0; 333000000.0; 883000000.0; 2357400000.0; 102500000.0; 450300000.0; -9000000.0; ; 892900000.0; 3250300000.0
2009-09-30; 790000000.0; 664800000.0; ; ; 110800000.0; 1565600000.0; 82600000.0; 25300000.0; 1160800000.0; 133900000.0; 1675500000.0; 3241100000.0; 1630500000.0; 400000000.0; 341500000.0; 741500000.0; 2372000000.0; 101800000.0; 466300000.0; -27800000.0; ; 869100000.0; 3241100000.0
2009-06-30; 830200000.0; 1034300000.0; ; ; 116200000.0; 1980700000.0; 86100000.0; 17700000.0; 1161200000.0; 128900000.0; 1671800000.0; 3652500000.0; 2070600000.0; 400000000.0; 342100000.0; 742100000.0; 2812700000.0; 101200000.0; 457500000.0; -31500000.0; ; 839800000.0; 3652500000.0
2009-03-31; 737200000.0; 574900000.0; ; ; 132400000.0; 1444500000.0; 85500000.0; 17600000.0; 1150000000.0; 119300000.0; 1664100000.0; 3108600000.0; 1580100000.0; 400000000.0; 330300000.0; 730300000.0; 2310400000.0; 100200000.0; 446200000.0; -41200000.0; ; 798200000.0; 3108600000.0
