Date; Cash On Hand; Receivables; Inventory; Pre-Paid Expenses; Other Current Assets; Total Current Assets; Property, Plant, And Equipment; Long-Term Investments; Goodwill And Intangible Assets; Other Long-Term Assets; Total Long-Term Assets; Total Assets; Total Current Liabilities; Long Term Debt; Other Non-Current Liabilities; Total Long Term Liabilities; Total Liabilities; Common Stock Net; Retained Earnings (Accumulated Deficit); Comprehensive Income; Other Share Holders Equity; Share Holder Equity; Total Liabilities And Share Holders Equity
2022-06-30; 1841400000.0; 773800000.0; ; 255700000.0; 165100000.0; 3036000000.0; 300200000.0; ; 12681800000.0; 485200000.0; 14708900000.0; 17744900000.0; 3286700000.0; 2935500000.0; 404600000.0; 4795900000.0; 8082600000.0; 1900000.0; 2185000000.0; -120500000.0; ; 9662300000.0; 17744900000.0
2022-03-31; 2912000000.0; 579400000.0; ; 193400000.0; 186300000.0; 3871100000.0; 242000000.0; ; 941100000.0; 445200000.0; 2675200000.0; 6546300000.0; 2105000000.0; ; 327600000.0; 631600000.0; 2736600000.0; 1400000.0; 2289000000.0; -57300000.0; ; 3809700000.0; 6546300000.0
2021-12-31; 2732764000.0; 647907000.0; 11678000.0; 249719000.0; 47576000.0; 3705013000.0; 235957000.0; ; 954294000.0; 434542000.0; 2652940000.0; 6357953000.0; 2072344999.9999998; ; 342007000.0; 619871000.0; 2692216000.0; 1391000.0; 2178021000.0; -34583000.0; ; 3665737000.0; 6357953000.0
2021-09-30; 3051900000.0; 804468000.0; 12579000.0; 307370000.0; 54540000.0; 4243457999.9999995; 231230000.0; ; 950675000.0; 288453000.0; 2375573000.0; 6619031000.0; 2566873000.0; ; 323522000.0; 582490000.0; 3149363000.0; 1390000.0; 2033524000.0; -19747000.0; ; 3469668000.0; 6619031000.0
2021-06-30; 3189133000.0; 487171000.0; 11491000.0; 300377000.0; 14620000.0; 4013612000.0; 224880000.0; ; 951298000.0; 275411000.0; 2300643000.0; 6314255000.0; 2165329000.0; ; 309350000.0; 517619000.0; 2682948000.0; 1389000.0; 2023227000.0; -2770000.0; ; 3631307000.0; 6314255000.0
2021-03-31; 3270398000.0; 552762000.0; 17742000.0; 320646000.0; 43443000.0; 4220515000.0000005; 149364000.0; ; 656897000.0; 255581000.0; 1807703000.0; 6028218000.0; 2234715000.0; ; 264637999.99999997; 461611000.0; 2696326000.0; 1376000.0; 1870971000.0; -8664000.0; ; 3331892000.0; 6028218000.0
2020-12-31; 3186934000.0; 581136000.0; 26733000.0; 296518000.0; 48784000.0; 4159959000.0; 135257000.0; ; 652153000.0; 292966000.0; 1806140000.0; 5966099000.0; 2341789000.0; ; 280371000.0; 469019000.0; 2810808000.0; 1375000.0; 1652159000.0; -5584000.0; ; 3155291000.0; 5966099000.0
2020-09-30; 2836030000.0; 787818000.0; 26934000.0; 192192000.0; 73714000.0; 3932098000.0; 133404000.0; ; 647392000.0; 445868000.0; 1904056000.0; 5836154000.0; 2325835000.0; ; 425364000.0; 609037000.0; 2934872000.0; 1373000.0; 1469911000.0; -34824000.0; ; 2901282000.0; 5836154000.0
2020-06-30; 2752571000.0; 685169000.0; 19486000.0; 183712000.0; 31714000.0; 3686933000.0; 128904000.0; ; 436571000.0; 427961000.0; 1682308000.0; 5369241000.0; 2148740000.0; ; 383116000.0; 569473000.0; 2718213000.0; 1367000.0; 1370590000.0; -52131000.0; ; 2651028000.0; 5369241000.0
2020-03-31; 2548271000.0; 592555000.0; 19108000.0; 273503000.0; 40316000.0; 3493351000.0; 131888000.0; ; 437754000.0; 213101000.0; 1455481000.0; 4948832000.0; 2038539000.0; ; 190651000.0; 371049000.0; 2409588000.0; 1359000.0; 1282085000.0; -58376000.0; ; 2539244000.0; 4948832000.0
2019-12-31; 2441703000.0; 647460000.0; 24426000.0; 228567000.0; 59802000.0; 3435037000.0; 127417000.0; ; 448411000.0; 163220000.0; 1444596000.0; 4879633000.0; 2096331000.0000002; ; 196905000.0; 381267000.0; 2477598000.0; 1358000.0; 1159363000.0; -38487000.0; ; 2402035000.0; 4879633000.0
2019-09-30; 2173016000.0; 858597000.0; 39293000.0; 218673000.0; 62328000.0; 3388333000.0; 129168000.0; ; 444937000.0; 95092000.0; 1426778000.0; 4815111000.0; 2290228000.0; ; 198953000.0; 343120000.0; 2633348000.0; 1356000.0; 995721000.0; -54462000.0; ; 2181763000.0; 4815111000.0
2019-06-30; 2169648000.0; 352625000.0; 23847000.0; 220324000.0; 18070000.0; 2821079000.0; 126393000.0; ; 459412000.0; 91378000.0; 1545143000.0; 4366222000.0; 1942006000.0; ; 190664000.0; 337889000.0; 2279895000.0; 1355000.0; 923906000.0; -43988000.0; ; 2086327000.0000002; 4366222000.0
2019-03-31; 2136471000.0; 395729000.0; 28200000.0; 186688000.0; 28880000.0; 2827835000.0; 127882000.0; ; 454832000.0; 94348000.0; 1415230000.0; 4243064999.9999995; 1951794000.0; ; 229633000.0; 250691000.0; 2202485000.0; 1346000.0; 877626000.0; -37189000.0; ; 2040580000.0; 4243064999.9999995
2018-12-31; 1841229000.0; 823482000.0; 39786000.0; 179454000.0; 33542000.0; 2974773000.0; 114672000.0; ; 463013000.0; 83170000.0; 1412387000.0; 4387160000.0; 2099358000.0000002; ; 191198000.0; 260334999.99999997; 2359693000.0; 1344000.0; 820796000.0; -50954000.0; ; 2027467000.0; 4387160000.0
2018-09-30; 1396046000.0; 534633000.00000006; 40541000.0; 162647000.0; 36912000.0; 2191736000.0; 110900000.0; ; 477134000.0; 80810000.0; 1463453000.0; 3655189000.0; 1489789000.0; ; 205554000.0; 220961000.0; 1710750000.0; 1341000.0; 640849000.0; -37199000.0; ; 1944439000.0; 3655189000.0
2018-06-30; 1611640000.0; 239736000.0; 10642000.0; 180512000.0; 12676000.0; 2074347000.0000002; 105852000.0; ; 479282000.0; 75917000.0; 1381657000.0; 3456004000.0; 1391216000.0; 5232000.0; 191490000.0; 212583000.0; 1603799000.0; 1338000.0; 615482000.0; -41015000.0; ; 1852205000.0; 3456004000.0
2018-03-31; 1861777000.0; 247649000.0; 15162000.0; 133454000.00000001; 33284000.0; 2409177000.0; 102478000.0; ; 503211000.0; 51957000.0; 1328664000.0; 3737841000.0; 1726929000.0; 8068000.0; 158285000.0; 521942000.0; 2248871000.0; 1327000.0; 73516000.0; -15732000.0; ; 1488970000.0; 3737841000.0
2017-12-31; 1696590000.0; 425931000.0; 30857000.0; 90865000.0; 39369000.0; 2447724000.0; 96570000.0; ; 497840000.0; 53610000.0; 1234886000.0; 3682610000.0; 2072117000.0000002; 13838000.0; 151334000.0; 209673000.0; 2281790000.0; 1326000.0; -17311000.0; -31095000.0; ; 1400820000.0; 3682610000.0
2017-09-30; 1732243000.0; 429019000.0; 36431000.0; 100704000.0; 41983000.0; 2455515000.0; 86689000.0; ; 497886000.0; 50394000.0; 1240865000.0; 3696380000.0; 1850504000.0; 52369000.0; 153991000.0; 373430000.0; 2223934000.0; 1307000.0; -42451000.0; -28472000.0; ; 1472446000.0; 3696380000.0
2017-06-30; 1687397000.0; 229197000.0; 11636000.0; 84823000.0; 20181000.0; 2113136000.0; 76613000.0; ; 502952000.0; 46971000.0; 1106434000.0; 3219570000.0; 1466058000.0; 212864000.0; 209367000.0; 653757000.0; 2119815000.0; 1230000.0; -39648000.0; -37582000.0; ; 1099755000.0; 3219570000.0
2017-03-31; 1730146000.0; 219558000.0; 16323000.0; 59593000.0; 41721000.0; 2195242000.0; 67300000.0; ; 469377000.0; 35325000.0; 953912000.0; 3149154000.0; 1685892000.0; 251929000.0; 197199000.0; 459534000.0; 2145426000.0; 1198000.0; -99694000.0; -47142000.0; ; 1003728000.0; 3149154000.0
2016-12-31; 1722494000.0; 327430000.0; 26665000.0; 70456000.0; 126185000.0; 2451176000.0; 65799000.00000001; ; 216733000.0; 28274000.0; 637923000.0; 3089099000.0; 1863817000.0; 258875999.99999997; 134230000.0; 404361000.0; 2268178000.0; 1180000.0; -198974000.0; -48175000.0; ; 820921000.0; 3089099000.0
2016-09-30; 1542703000.0; 381587000.0; 77561000.0; 60894000.0; 178629000.0; 2370770000.0; 68531000.0; ; 220267000.0; 16139000.0; 608310000.0; 2979080000.0; 1719234000.0; 511636000.0; 110716000.0; 677093000.0; 2396327000.0; 1046000.0; -169132000.0; -42871000.0; ; 582753000.0; 2979080000.0
2016-06-30; 1507321000.0; 141150000.0; 12734000.0; 56734000.0; 167218000.0; 1977672000.0; 72414000.0; ; 220231000.0; 15837000.0; 561055000.0; 2538727000.0; 1261627000.0; 504385000.0; 85263000.0; 743560000.0; 2005187000.0; 1046000.0; -205564000.0; -41319000.0; ; 533539999.99999994; 2538727000.0
2016-03-31; 1530731000.0; 168527000.0; 15888000.0; 53269000.0; 178387000.0; 2045276000.0; 77127000.0; ; 221689000.0; 13439000.0; 545001000.0; 2590277000.0; 1220411000.0; 497935000.0; 74227000.0; 788481000.0; 2008892000.0; 1038000.0; -166997000.0; -37896000.0; ; 581385000.0; 2590277000.0
2015-12-31; 1418770000.0; 263690000.0; 20207000.0; 60129000.0; 214540000.0; 2106308000.0; 76661000.0; ; 221386000.0; 11530000.0; 478701000.0; 2585009000.0; 1454974000.0; 491576000.0; 71600000.0; 603061000.0; 2058034999.9999998; 1044000.0; -213396000.0; -34735000.0; ; 526974000.00000006; 2585009000.0
2015-09-30; 1279900000.0; 240859000.0; 24020000.0; 67615000.0; 240329000.0; 1964608000.0; 81694000.0; ; 222340000.0; 13490000.0; 451891000.0; 2416499000.0; 1213885000.0; 487601000.0; 65706000.0; 638549000.0; 1852434000.0; 1042000.0; -170983000.0; -29349000.0; ; 564065000.0; 2416499000.0
2015-06-30; 1420790000.0; 130914999.99999999; 12453000.0; 76763000.0; 201014000.0; 1907976000.0; 83089000.0; ; 223773000.0; 13130000.0; 444628000.0; 2352604000.0; 1106300000.0; 481784000.0; 64953999.99999999; 719465000.0; 1825765000.0; 1046000.0; -225718000.0; -21563000.0; ; 526839000.00000006; 2352604000.0
2015-03-31; 1267727000.0; 217860000.0; 20051000.0; 54057000.0; 163385000.0; 1779859000.0; 69792000.0; ; 222057000.0; 12167000.0; 448214000.0; 2228073000.0; 966260000.0; 473030000.0; 61077000.0; 698725000.0; 1664985000.0; 1046000.0; -158695000.0; -30624000.0; ; 563088000.0; 2228073000.0
2014-12-31; 1007893000.0; 435709000.0; 24617000.0; 116385000.0; 178968000.0; 1806013000.0; 63436000.0; ; 225864000.0; 16068999.999999998; 447805000.0; 2253818000.0; 707105000.0; 470420000.0; 62961000.0; 731324000.0; 1438429000.0; 1046000.0; 84096000.0; -17543000.0; ; 815389000.0; 2253818000.0
2014-09-30; 881340000.0; 25427000.0; 55948000.0; 78787000.0; 225275000.0; 1266777000.0; 56214000.0; ; 228822000.0; 11626000.0; 398435000.0; 1665212000.0; 379142000.0; 464871000.0; 66190000.0; 531061000.00000006; 910203000.0; 1046999.9999999999; 44003000.0; -5417000.0; ; 755009000.0; 1665212000.0
2014-06-30; 903285000.0; 43165000.0; 23147000.0; 78140000.0; 186615000.0; 1234352000.0; 47011000.0; ; 232206000.0; 15194000.0; 373384000.0; 1607736000.0; 285269000.0; 459408000.0; 80022000.0; 539430000.0; 824699000.0; 1046999.9999999999; 85372000.0; 6093000.0; ; 783037000.0; 1607736000.0
2014-03-31; 1129239000.0; 53143000.0; 29780000.0; 66072999.99999999; 116203000.0; 1399440000.0; 42572000.0; ; 231818000.0; 15436000.0; 400190000.0; 1799630000.0; 474820000.0; 454031000.0; 50845000.0; 523004000.0; 997824000.0; 1052000.0; 120775000.0; 2116000.0; ; 801806000.0; 1799630000.0
2013-12-31; 972170000.0; 189519000.0; 45035000.0; 246165000.0; 92767000.0; 1545656000.0; 38768000.0; ; 232132000.0; 67720000.0; 439695000.0; 1985351000.0; 693480000.0; 448737000.0; 21135000.0; 469872000.0; 1163352000.0; 1048000.0; 151562000.0; 2215000.0; ; 821999000.0; 1985351000.0
2013-09-30; 661923000.0; 1011391000.0; 84033000.0; 72133000.0; 119534000.0; 2251267000.0; 34271000.0; ; 233749000.0; 68522000.0; 450047000.0; 2701314000.0; 1738206000.0; 443526000.0; 20720000.0; 464246000.0; 2202452000.0; 1046000.0; -426864000.0; 2622000.0; ; 498862000.0; 2701314000.0
2013-06-30; 646315000.0; 35202000.0; 27852000.0; 56600000.0; 191449000.0; 1020177000.0; 30285000.0; ; 234955000.0; 60567000.0; 427928000.0; 1448105000.0; 416287000.0; 408925000.0; 15631000.0; 424837000.0; 841124000.0; 947000.0; -302744000.0; -5560000.0; ; 606981000.0; 1448105000.0
2013-03-31; 409991000.0; 189596000.0; 30218000.0; 37392000.0; 198955000.0; 866152000.0; 25362000.0; ; 234819000.0; 56265000.0; 411687000.0; 1277839000.0; 336999000.0; 335202000.0; 17087000.0; 352845000.0; 689844000.0; 937000.0; -240830000.0; -4572000.0; ; 587995000.0; 1277839000.0
2012-12-31; 448723000.0; 94241000.0; 29687000.0; 45426000.0; 199813000.0; 817890000.0; 23701000.0; ; 238087000.0; 35776000.0; 371891000.0; 1189781000.0; 281217000.0; 330311000.0; 12480000.0; 343750000.0; 624967000.0; 937000.0; -263303000.0; 7309000.0; ; 564814000.0; 1189781000.0
2012-09-30; 328284000.0; 154951000.0; 60568000.0; 41593000.0; 212547000.0; 797943000.0; 21879000.0; ; 239689000.0; 36353000.0; 366802000.0; 1164745000.0; 336931000.0; 325539000.0; 16193000.000000002; 343305000.0; 680236000.0; 921000.0; -334668000.0; 7220000.0; ; 484509000.0; 1164745000.0
2012-06-30; 367056000.0; 71707000.0; 27987000.0; 42695000.0; 209662000.0; 719107000.0; 19354000.0; ; 237049000.0; 36942000.0; 354030000.0; 1073137000.0; 256993000.0; 320883000.0; 16277000.000000002; 339109000.0; 596102000.0; 911000.0; -322177000.0; -4706000.0; ; 477035000.0; 1073137000.0
2012-03-31; 420279000.0; 45035000.0; 22477000.0; 44602000.0; 211224000.0; 743617000.0; 18949000.0; ; 244435000.0; 37671000.0; 405810000.0; 1149427000.0; 218725000.0; 316340000.0; 16315999.999999998; 334975000.0; 553700000.0; 902000.0; -211339000.0; 6733000.0; ; 595727000.0; 1149427000.0
2011-12-31; 453316000.0; 53274000.0; 22516000.0; 42609000.0; 180705000.0; 752420000.0; 18556000.0; ; 240335000.0; 7442000.0; 388176000.0; 1140596000.0; 169078000.0; 311906000.0; 15827000.0; 330033000.0; 499111000.0; 900000.0; -144503000.0; -1564000.0; ; 641485000.0; 1140596000.0
2011-09-30; 269740000.0; 19572000.0; 45077000.0; 61177000.0; 150373000.0; 545939000.0; 18107000.0; ; 242464000.0; 2730000.0; 385977000.0; 931916000.0; 235515000.0; 111299000.0; 16614999.999999998; 130519000.0; 366034000.0; 864000.0; -158607000.0; 1219000.0; ; 565882000.0; 931916000.0
2011-06-30; 248759000.0; 146694000.0; 25941000.0; 72131000.0; 151123000.0; 644648000.0; 19009000.0; ; 244207000.0; 3495000.0; 358929000.0; 1003577000.0; 260119000.00000003; 109236000.0; 16050000.0; 128191000.0; 388310000.0; 864000.0; -111236000.0; 10727000.0; ; 615267000.0; 1003577000.0
2011-03-31; 280359000.0; 84217000.0; 24578000.0; 45773000.0; 131675999.99999999; 566603000.0; 19632000.0; ; 243003000.0; 4101000.0; 405056000.0; 971659000.0; 230888000.0; 107239000.0; 14998000.0; 125492000.0; 356380000.0; 861000.0; -102523000.0; 10459000.0; ; 615279000.0; 971659000.0
2010-12-31; 297118000.0; 83845000.0; 28592000.0; 53976000.0; 154763000.0; 618294000.0; 21326000.0; ; 238401000.0; 4680000.0; 358305000.0; 976599000.0; 230561000.0; 105305000.0; 9466000.0; 126948000.0; 357509000.0; 846000.0; -80469000.0; 159000.0; ; 619090000.0; 976599000.0
2010-09-30; ; ; ; ; ; ; ; ; ; ; ; 0.0; ; ; ; ; ; ; ; ; ; ; 
2010-07-31; 232127000.0; 96226000.0; 21267000.0; 51940000.0; 156714000.0; 558274000.0; 22122000.0; ; 238417000.0; 27340000.0; 385885000.0; 944159000.0; 281760000.0; 102217000.0; 8615000.0; 114201000.0; 395961000.0; 842000.0; -133375000.0; -4286000.0; ; 548198000.0; 944159000.0
2010-06-30; ; ; ; ; ; ; ; ; ; ; ; 0.0; ; ; ; ; ; ; ; ; ; ; 
2010-04-30; 180516000.0; 39295000.0; 24761000.0; 63894000.0; 208737000.0; 517203000.0; 23123000.0; ; 238877000.0; 28822000.0; 349050000.0; 866253000.0; 220787000.0; 100443000.0; 7977000.0; 108420000.0; 329207000.0; 840000.0; -139295000.0; -2273000.0; ; 537046000.0; 866253000.0
2010-03-31; 145838000.0; 74135000.0; 24479000.0; 60358000.0; 114608000.0; 426600000.0; 23571000.0; ; 239018000.0; 10747000.0; 412676000.0; 839276000.0; 209867000.0; 99865000.0; 7980000.0; 108786000.0; 318653000.0; 840000.0; -150981000.0; -3713000.0; ; 520623000.00000006; 839276000.0
2010-01-31; 105984000.0; 45063000.0; 50662000.0; 58947000.0; 260684000.00000003; 521340000.00000006; 25052000.0; ; 241720000.0; 32554000.000000004; 372004000.0; 893344000.0; 273583000.0; 98726000.0; 10242000.0; 108968000.0; 382551000.0; 838000.0; -156053000.0; 252000.0; ; 510793000.0; 893344000.0
2009-12-31; ; ; ; ; ; ; ; ; ; ; ; 0.0; ; ; ; ; ; ; ; ; ; ; 
2009-10-31; ; ; ; ; ; ; ; ; ; ; ; 0.0; ; ; ; ; ; ; ; ; ; ; 
2009-07-31; 174789000.0; 70133000.0; 63617000.0; 47150000.0; 142385000.0; 498074000.0; 27634000.0; ; 257502000.0; 15515000.0; 388324000.0; 886398000.0; 226497000.0; 138000000.0; 11851000.0; 149851000.0; 376348000.0; 797000.0; -97665000.0; 3167000.0; ; 510050000.0; 886398000.0
2009-04-30; 179616000.0; 52117000.0; 74020000.0; 63296000.0; 149018000.0; 518067000.0; 28860000.0; ; 251991000.0; 10681000.0; 337112000.0; 855179000.0; 213390000.0; 70000000.0; 17593000.0; 87593000.0; 300983000.0; 787000.0; -42193000.0; -19260000.0; ; 554196000.0; 855179000.0
2009-01-31; 217836000.0; 60320000.0; 75972000.0; 74006000.0; 116712000.0; 544846000.0; 29358000.0; ; 250152000.0; 9648000.0; 355903000.0; 900749000.0; 244006000.0; 70000000.0; 34400000.0; 104400000.0; 348406000.0; 788000.0; -32113000.0; -26763000.0; ; 552343000.0; 900749000.0
