Date; Cash On Hand; Receivables; Inventory; Pre-Paid Expenses; Other Current Assets; Total Current Assets; Property, Plant, And Equipment; Long-Term Investments; Goodwill And Intangible Assets; Other Long-Term Assets; Total Long-Term Assets; Total Assets; Total Current Liabilities; Long Term Debt; Other Non-Current Liabilities; Total Long Term Liabilities; Total Liabilities; Common Stock Net; Retained Earnings (Accumulated Deficit); Comprehensive Income; Other Share Holders Equity; Share Holder Equity; Total Liabilities And Share Holders Equity
2022-06-30; 480700000.0; 553600000.0; ; 108200000.0; 44100000.0; 1186600000.0; 646900000.0; ; 5003800000.0; 440900000.0; 6322300000.0; 7508900000.0; 2112500000.0; 2342900000.0; 42400000.0; 3026400000.0; 5138900000.0; 100000.0; 5845500000.0; -683400000.0; ; 2370000000.0; 7508900000.0
2022-03-31; 397900000.0; 528299999.99999994; ; 105500000.0; 87700000.0; 1119400000.0; 635900000.0; ; 5237700000.0; 929100000.0; 7039600000.0; 8159000000.0; 2404600000.0; 2342800000.0; 62100000.0; 3078500000.0; 5483100000.0; 100000.0; 5696900000.0; -465000000.0; ; 2675900000.0; 8159000000.0
2021-12-31; 280300000.0; 483000000.0; ; 102600000.0; 36700000.0; 902600000.0; 658200000.0; ; 5557100000.0; 430500000.0; 6905500000.0; 7808100000.0; 1843200000.0; 2342800000.0; 54400000.0; 3122400000.0; 4965600000.0; 100000.0; 5240400000.0; -394600000.0; ; 2842500000.0; 7808100000.0
2021-09-30; 302100000.0; 489000000.0; ; 102900000.0; 40100000.0; 934100000.0; 674600000.0; ; 5394800000.0; 392700000.0; 6728400000.0; 7662500000.0; 1843100000.0; 2343100000.0; 48700000.0; 3085600000.0; 4928700000.0; 100000.0; 5145700000.0; -428600000.0; ; 2733800000.0; 7662500000.0
2021-06-30; 276300000.0; 498200000.0; ; 98800000.0; 45400000.0; 918700000.0; 657600000.0; ; 5487900000.0; 382900000.0; 6794900000.0; 7713600000.0; 1493900000.0; 2700300000.0; 51200000.0; 3449500000.0; 4943400000.0; 100000.0; 4991000000.0; -348900000.0; ; 2770200000.0; 7713600000.0
2021-03-31; 390900000.0; 519500000.0; ; 82900000.0; 48300000.0; 1041599999.9999999; 646600000.0; ; 5491300000.0; 358000000.0; 6768900000.0; 7810500000.0; 1622900000.0; 2699600000.0; 47300000.0; 3416100000.0; 5039000000.0; 100000.0; 4884100000.0; -366200000.0; ; 2771500000.0; 7810500000.0
2020-12-31; 218800000.0; 457800000.0; ; 81200000.0; 36400000.0; 794200000.0; 632300000.0; ; 5492900000.0; 365700000.0; 6767601000.0; 7561800000.0; 1430800000.0; 2699600000.0; 64700000.0; 3432800000.0; 4863600000.0; 100000.0; 4762200000.0; -375700000.0; ; 2698200000.0; 7561800000.0
2020-09-30; 221800000.0; 433400000.0; ; 82300000.0; 36200000.0; 799700000.0; 606400000.0; ; 5241200000.0; 325000000.0; 6419900000.0; 7219600000.0; 1422900000.0; 2698900000.0; 67099999.99999999; 3375400000.0; 4798300000.0; 100000.0; 4630400000.0; -540900000.0; ; 2421300000.0; 7219600000.0
2020-06-30; 309400000.0; 454500000.0; ; 81600000.0; 33200000.000000004; 878700000.0; 560100000.0; ; 5008400000.0; 309300000.0; 6129200000.0; 7007900000.0; 1490300000.0; 2690700000.0; 57000000.0; 3341500000.0; 4831800000.0; 100000.0; 4488800000.0; -657200000.0; ; 2176100000.0; 7007900000.0
2020-03-31; 204400000.0; 523299999.99999994; ; 66599999.99999999; 19700000.0; 814000000.0; 549300000.0; ; 5049200000.0; 297900000.0; 6114100000.0; 6928100000.0; 1597900000.0; 2652400000.0; 49100000.0; 3249700000.0; 4847600000.0; 100000.0; 4353400000.0; -658700000.0; ; 2080500000.0; 6928100000.0
2019-12-31; 184600000.0; 467500000.0; ; 60900000.0; 31900000.0; 744900000.0; 548100000.0; ; 5263200000.0; 270600000.0; 6310300000.0; 7055200000.0; 1491800000.0; 2651600000.0; 86900000.0; 3302600000.0; 4794400000.0; 100000.0; 4228399999.9999995; -486900000.0; ; 2260800000.0; 7055200000.0
2019-09-30; 311800000.0; 428800000.0; ; 71900000.0; 18500000.0; 831000000.0; 586500000.0; ; 4508200000.0; 130600000.0; 5458101000.0; 6289100000.0; 973600000.0; 2668400000.0; 48900000.0; 3251800000.0; 4225399999.9999995; 100000.0; 4136600000.0000005; -678400000.0; ; 2063699999.9999998; 6289100000.0
2019-06-30; 153300000.0; 468000000.0; ; 62400000.0; 26600000.0; 710300000.0; 566500000.0; ; 4594600000.0; 120900000.0; 5523700000.0; 6234000000.0; 920800000.0; 2447200000.0; 83700000.0; 3102500000.0; 4023300000.0; 100000.0; 4145300000.0; -592200000.0; ; 2210700000.0; 6234000000.0
2019-03-31; 179500000.0; 444600000.0; ; 59800000.0; 51000000.0; 734900000.0; 557700000.0; ; 4680700000.0; 116800000.0; 5606200000.0; 6341100000.0; 1058400000.0000001; 2443300000.0; 84200000.0; 3112200000.0; 4170600000.0000005; 100000.0; 4036000000.0; -532299999.99999994; ; 2170500000.0; 6341100000.0
2018-12-31; 139500000.0; 390400000.0; ; 63900000.0; 50700000.0; 644500000.0; 555900000.0; ; 4589300000.0; 99500000.0; 5255800000.0; 5900300000.0; 1324600000.0; 2050500000.0; 104000000.0; 2505100000.0; 3829700000.0; 100000.0; 3942600000.0; -591900000.0; ; 2070600000.0; 5900300000.0
2018-09-30; 151600000.0; 336100000.0; ; 59400000.0; 46600000.0; 593700000.0; 518500000.0; ; 4593400000.0; 130100000.0; 5257400000.0; 5851100000.0; 1219200000.0; 2044900000.0; 104200000.0; 2490700000.0; 3709900000.0; 100000.0; 3796400000.0; -509600000.0; ; 2141199999.9999998; 5851100000.0
2018-06-30; 135800000.0; 370200000.0; ; 61100000.0; 58000000.0; 625100000.0; 501900000.0; ; 4662200000.0; 234700000.0; 5414500000.0; 6039600000.0; 1466300000.0; 2044200000.0; 105900000.0; 2499700000.0; 3966000000.0; 100000.0; 3630400000.0; -474200000.0; ; 2073600000.0; 6039600000.0
2018-03-31; 153600000.0; 432200000.0; ; 52600000.0; 70200000.0; 708600000.0; 489000000.0; ; 4810800000.0; 221900000.0; 5538300000.0; 6246900000.0; 1558100000.0; 2041100000.0; 106900000.0; 2504500000.0; 4062600000.0; 100000.0; 3476900000.0; -309300000.0; ; 2184300000.0; 6246900000.0
2017-12-31; 142300000.0; 374300000.0; ; 38100000.0; 42900000.0; 597600000.0; 478300000.0; ; 4714000000.0; 214500000.0; 5422700000.0; 6020300000.0; 1337600000.0; 2284400000.0; 135100000.0; 2757300000.0; 4094900000.0; 100000.0; 3308000000.0; -412300000.0; ; 1925400000.0; 6020300000.0
2017-09-30; 145700000.0; 320100000.0; ; 42400000.0; 36500000.0; 544700000.0; 437800000.0; ; 4445000000.0; 183800000.0; 5083500000.0; 5628200000.0; 1203100000.0; 2278800000.0; 89600000.0; 2752500000.0; 3955600000.0; 100000.0; 3103400000.0; -443300000.0; ; 1672600000.0; 5628200000.0
2017-06-30; 144300000.0; 318500000.0; ; 39200000.0; 20800000.0; 522799999.99999994; 403500000.0; ; 3785800000.0; 170200000.0; 4375900000.0; 4898700000.0; 737200000.0; 2276600000.0; 81500000.0; 2695600000.0; 3432800000.0; 100000.0; 2982700000.0; -526400000.0; ; 1465900000.0; 4898700000.0
2017-03-31; 158600000.0; 302000000.0; ; 25000000.0; 28200000.0; 513799999.99999994; 377800000.0; ; 3680500000.0; 160800000.0; 4234899999.9999995; 4748700000.0; 672400000.0; 2281000000.0; 80300000.0; 2690700000.0; 3363100000.0; 100000.0; 2861700000.0; -616900000.0; ; 1385600000.0; 4748700000.0
2016-12-31; 138500000.0; 313200000.0; ; 28900000.0; 20300000.0; 500900000.0; 380300000.0; ; 3588900000.0; 145500000.0; 4130300000.0; 4631200000.0; 621600000.0; 2280200000.0; 74800000.0; 2677200000.0; 3298800000.0; 100000.0; 2752900000.0; -650800000.0; ; 1332400000.0; 4631200000.0
2016-09-30; 168244000.0; 241175000.0; ; 28616000.0; 26266000.0; 464301000.0; 355867000.0; ; 3701267000.0; 121092000.0; 4220750000.0; 4685051000.0; 556490000.0; 2279443000.0; 54061000.0; 2653131000.0; 3209621000.0; 137000.0; 2643678000.0; -518933999.99999994; ; 1475430000.0; 4685051000.0
2016-06-30; 199774000.0; 247074000.0; ; 30870000.0; 19199000.0; 496917000.0; 334631000.0; ; 3734203000.0; 119778000.0; 4228145999.9999995; 4725063000.0; 615166000.0; 2273032000.0; 57730000.0; 2660033000.0; 3275199000.0; 137000.0; 2516101000.0; -457143000.0; ; 1449864000.0; 4725063000.0
2016-03-31; 135290000.0; 305873000.0; ; 30828000.0; 114792000.0; 586783000.0; 341989000.0; ; 3895384000.0; 598803000.0; 4872364000.0; 5459147000.0; 1416879000.0; 2271879000.0; 122962000.0; 2751803000.0; 4168682000.0; 137000.0; 2254365000.0; -316777000.0; ; 1290465000.0; 5459147000.0
2015-12-31; 141900000.0; 299600000.0; ; 34100000.0; 129000000.0; 604600000.0; 350300000.0; ; 3998100000.0; 607800000.0; 4989100000.0; 5593700000.0; 1479300000.0; 2270900000.0; 127400000.0; 2742400000.0; 4221700000.0; 100000.0; 2161700000.0; -242000000.0; ; 1372000000.0; 5593700000.0
2015-09-30; 172455000.0; 311209000.0; ; 46129000.0; 83200000.0; 617762000.0; 391625000.0; ; 4535051000.0; 43414000.0; 5001335000.0; 5619097000.0; 1540758000.0; 2292892000.0; 54501000.0; 2764703000.0; 4305461000.0; 137000.0; 2047969000.0; -179417000.0; ; 1313636000.0; 5619097000.0
2015-06-30; 149216000.0; 332561000.0; ; 37478000.0; 85962000.0; 609987000.0; 386093000.0; ; 4713207000.0; 39350000.0; 5165676000.0; 5775663000.0; 1710053000.0; 2293864000.0; 47985000.0; 2821288000.0; 4531341000.0; 137000.0; 1916155000.0; -83873000.0; -104000.0; 1244322000.0; 5775663000.0
2015-03-31; 156702000.0; 239430000.0; ; 29741000.0; 23350000.0; 453993000.0; 303829000.0; ; 1599479000.0; 24475000.0; 1950506000.0; 2404499000.0; 709770000.0; 1100358000.0; 43095000.0; 1363007000.0; 2072777000.0; 137000.0; 1752835000.0; -80058000.0; -135000.0; 331722000.0; 2404499000.0
2014-12-31; 43160000.0; 286180000.0; ; 31496000.0; 18875000.0; 384483000.0; 302273000.0; ; 1613622000.0; 26363000.0; 1960847000.0; 2345330000.0; 771270000.0; 1100874000.0; 43388000.0; 1363017000.0; 2134286999.9999998; 137000.0; 1654149000.0; -80514000.0; -161000.0; 211043000.0; 2345330000.0
2014-09-30; 436220000.0; 218823000.0; ; 31150000.0; 14383000.0; 705652000.0; 281347000.0; ; 1590934000.0; 27255000.0; 1972048000.0; 2677700000.0; 561340000.0; 1136205000.0; 43288000.0; 1390376000.0; 1951716000.0; 137000.0; 1556779000.0; -42861000.0; -197000.0; 725984000.0; 2677700000.0
2014-06-30; 423285000.0; 206473000.0; ; 37183000.0; 32546000.0; 704563000.0; 272875000.0; ; 1605121000.0; 24059000.0; 1970714000.0; 2675277000.0; 608743000.0; 1135645000.0; 43917000.0; 1390249000.0; 1998992000.0; 137000.0; 1457764000.0; -42377000.0; -230000.0; 676285000.0; 2675277000.0
2014-03-31; 431294000.0; 180950000.0; ; 26407000.0; 35478000.0; 679204000.0; 251731000.0; ; 1619342000.0; 24926000.0; 1960800000.0; 2640004000.0; 515640000.0; 1270992000.0; 44425000.0; 1524838000.0; 2040478000.0; 137000.0; 1369665000.0; -42822000.0; -270000.0; 599526000.0; 2640004000.0
2013-12-31; 169712000.0; 225893000.0; ; 25657000.0; 48506000.0; 474845000.0; 233373000.0; ; 1629299000.0; 105979000.0; 2029606000.0; 2504451000.0; 431179000.0; 1271439000.0; 40572000.0; 1525683000.0; 1956862000.0; 137000.0; 1254107000.0; -43488000.0; -306000.0; 547589000.0; 2504451000.0
2013-09-30; 184717000.0; 209958000.0; ; 25986000.0; 28709000.0; 461330000.0; 219116000.0; ; 1722027000.0; 27399000.0; 1968542000.0; 2429872000.0; 456638000.0; 1271170000.0; 45174000.0; 1490232000.0; 1946870000.0; 137000.0; 1166884000.0; -86592000.0; -371000.0; 483002000.0; 2429872000.0
2013-06-30; 176841000.0; 240562000.0; ; 31048000.0; 34695000.0; 493609000.0; 185928000.0; ; 1735803000.0; 24011000.0; 1945742000.0; 2439351000.0; 585136000.0; 1266910000.0; 52138000.0; 1488710000.0; 2073846000.0; 137000.0; 1070443000.0; -88338000.0; -402000.0; 365505000.0; 2439351000.0
2013-03-31; 272499000.0; 205997000.0; ; 31955000.0; 31629000.0; 552543000.0; 167129000.0; ; 1751989000.0; 44686000.0; 1963804000.0; 2516347000.0; 650422000.0; 1266467000.0; 74484000.0; 1513401000.0; 2163823000.0; 137000.0; 986238000.0; -88927000.0; -442000.0; 352524000.0; 2516347000.0
2012-12-31; 94702000.0; 224405000.0; ; 21946000.0; 39109000.0; 390559000.0; 154084000.0; ; 1768394000.0; 47299000.0; 1969777000.0; 2360336000.0; 585350000.0; 1266162000.0; 78190000.0; 1519395000.0; 2104745000.0; 137000.0; 905727000.0; -89160000.0; -483000.0; 255591000.0; 2360336000.0
2012-09-30; 102665000.0; 184058000.0; ; 25387000.0; 33613000.0; 361337000.0; 144799000.0; ; 1750407000.0; 46890000.0; 1942096000.0; 2303433000.0; 668257000.0; 1301683000.0; 82799000.0; 1493128000.0; 2161385000.0; 137000.0; 807428000.0; -76853000.0; -544000.0; 142048000.0; 2303433000.0
2012-06-30; 101980000.0; 204950000.0; ; 28492000.0; 46460000.0; 397495000.0; 133731000.0; ; 1298317000.0; 23800000.0; 1455848000.0; 1853343000.0; 612259000.0; 1054395000.0; 62506000.0; 1194402000.0; 1806661000.0; 137000.0; 724517000.0; -77354000.0; -591000.0; 46682000.0; 1853343000.0
2012-03-31; 119898000.0; 218287000.0; ; 28619000.0; 39536000.0; 419840000.0; 124781000.0; ; 1309040000.0; 38382000.0; 1472203000.0; 1892043000.0; 567556000.0; 1099285000.0; 80043000.0; 1334745000.0; 1902301000.0; 137000.0; 651186000.0; -77403000.0; -648000.0; -10258000.0; 1892043000.0
2011-12-31; 196669000.0; 190014000.0; ; 21905000.0; 41248000.0; 453654000.0; 119411000.0; ; 936368000.0; 21193000.0; 1087452000.0; 1541106000.0; 349650000.0; 1100332000.0; 61866000.0; 1289946000.0; 1639596000.0; 137000.0; 576585000.0; -78287000.0; -691000.0; -98490000.0; 1541106000.0
2011-09-30; 57674000.0; 158550000.0; ; 23591000.0; 28268000.0; 271764000.0; 110328000.0; ; 945094000.0; 27699000.0; 1108169000.0; 1379933000.0; 506001000.0; 853580000.0; 79806000.0; 1032805000.0000001; 1538806000.0; 137000.0; 496267000.0; -53656000.0; -779000.0; -158873000.0; 1379933000.0
2011-06-30; 57321000.0; 179305000.0; ; 26015000.0; 29155000.0; 295477000.0; 107645000.0; ; 953891000.0; 28326000.0; 1112612000.0; 1408089000.0; 511600000.0; 854499000.0; 80232000.0; 1040929000.0000001; 1552529000.0; 137000.0; 425280000.0; -53508000.0; -836000.0; -144440000.0; 1408089000.0
2011-03-31; 106841000.0; 167981000.0; ; 25490000.0; 7705000.0; 311698000.0; 100774000.0; ; 824442000.0; 26196000.0; 974733000.0; 1286431000.0; 492470000.0; 700520000.0; 89605000.0; 903052000.0; 1395522000.0; 136000.0; 359703000.0; -54837000.0; -917000.0; -109091000.0; 1286431000.0
2010-12-31; 60627000.0; 151270000.0; ; 17791000.0; 7066000.0; 240435000.0; 93409000.0; ; 832897000.0; 26697000.0; 976655100.0; 1217090000.0; 720882000.0; 401826000.0; 90213000.0; 610650000.0; 1331532000.0; 135000.0; 293827000.0; -55803000.0; -988000.0; -114442000.0; 1217090000.0
2010-09-30; 112605000.0; 143156000.0; ; 18040000.0; 7566000.0; 285772000.0; 83571000.0; ; 597353000.0; 11728000.0; 763639000.0; 1049411000.0; 392978000.0; 401879000.0; 78668000.0; 594288900.0; 987267000.0; 132000.0; 227934000.0; -50952000.0; -1104000.0; 62144000.0; 1049411000.0
2010-06-30; 111894000.0; 139545000.0; ; 21684000.0; 7962000.0; 285490000.0; 86253000.0; ; 602224000.0; 10448000.0; 767778000.0; 1053268000.0; 323609000.0; 476767000.0; 80831000.0; 676084000.0; 999693000.0; 132000.0; 165054000.0; -52184000.0; -1167000.0; 53575000.0; 1053268000.0
2010-03-31; 136538000.0; 132895999.99999999; ; 21130000.0; 20880000.0; 315849000.0; 88272000.0; ; 601531000.0; 11146000.0; 769830000.0; 1085679000.0; 325132000.0; 527076000.0; 81219000.0; 732295000.0; 1057426999.9999999; 130000.0; 106650000.0; -52685000.0; -1241000.0; 28252000.0; 1085679000.0
2009-12-31; 76972000.0; 106157000.0; ; 16155000.000000002; 21656000.0; 225345000.0; 89165000.0; ; 599355000.0; 10295000.0; 771608000.0; 996953000.0; 300279000.0; 527509000.0; 76960000.0; 731623000.0; 1031902000.0; 130000.0; 51275000.0; -53628000.0; -1305000.0; -34949000.0; 996953000.0
2009-09-30; 65912000.00000001; 111002000.0; ; 16729000.0; 22630000.0; 220763000.0; 87229000.0; ; 607583000.0; 12379000.0; 798613000.0; 1019376000.0; 391319000.0; 527894000.0; 1139329000.0; 1826576000.0; 2217893000.0; 100000.0; -439062000.0; -75561000.0; ; -1198517000.0; 1019376000.0
2009-06-30; ; ; ; ; ; ; ; ; 0.0; ; ; 0.0; ; ; ; ; 0.0; 0.0; ; ; 0.0; 0.0; 0.0
2009-03-31; ; ; ; ; ; ; ; ; 0.0; ; ; 0.0; ; ; ; ; 0.0; 0.0; ; ; 0.0; 0.0; 0.0
