Date; Net Income/Loss; Total Depreciation And Amortization - Cash Flow; Other Non-Cash Items; Total Non-Cash Items; Change In Accounts Receivable; Change In Inventories; Change In Accounts Payable; Change In Assets/Liabilities; Total Change In Assets/Liabilities; Cash Flow From Operating Activities; Net Change In Property, Plant, And Equipment; Net Change In Intangible Assets; Net Acquisitions/Divestitures; Net Change In Short-term Investments; Net Change In Long-Term Investments; Net Change In Investments - Total; Investing Activities - Other; Cash Flow From Investing Activities; Net Long-Term Debt; Net Current Debt; Debt Issuance/Retirement Net - Total; Net Common Equity Issued/Repurchased; Net Total Equity Issued/Repurchased; Total Common And Preferred Stock Dividends Paid; Financial Activities - Other; Cash Flow From Financial Activities; Net Cash Flow; Stock-Based Compensation; Common Stock Dividends Paid
2022-09-30; 298.68; 179.22; 292.37; 471.58; -108.56; 47.48; 1246.11; 43.01; 394.21; 1164.47; -167.28; 0.0; 4.85; 0.0; -18.49; -18.49; 6.2; -174.73; -411.06; 64.26; -346.8; -225.32; -225.32; -96.45; -4.89; -673.46; 291.49; 16.44; -96.45
2022-06-30; 363.2; 251.47; 29.74; 281.21; -1110.03; -497.37; 1476.2; 108.61; -235.79; 408.62; -113.39; 0.0; 258.08; 0.0; 0.0; 0.0; -1.24; 143.46; -423.56; 56.05; -367.51; -226.04; -226.04; -97.32; -3.86; -694.73; -170.75; 14.39; -97.32
2022-03-31; 555.25; 179.63; 22.13; 201.77; -1195.95; 774.51; -225.65; -15.87; -490.43; 266.58; -129.65; 0.0; -61.52; 0.0; 0.0; 0.0; -2.88; -194.04; -232.62; 30.31; -202.3; 22.64; 22.64; -97.38; -1.12; -278.16; -209.58; 19.64; -97.38
2021-12-31; 449.42; 180.4; 41.25; 221.65; 755.02; -989.99; 824.06; -33.04; 192.34; 863.41; -79.69; 0.0; -62.64; 0.0; 0.0; 0.0; -0.79; -143.12; -16.52; 10.04; -6.49; 38.94; 38.94; -100.54; -38.33; -106.42; 612.25; 42.92; -100.54
2021-09-30; 436.45; 205.99; -51.29; 154.7; -813.23; -521.64; 1806.75; 54.52; 418.67; 1009.82; -150.37; 0.0; -26.32; 0.0; 0.0; 0.0; 5.34; -171.35; -283.17; -120.59; -403.76; 34.45; 34.45; -92.61; 17.31; -444.61; 388.38; 18.13; -92.61
2021-06-30; 295.45; 131.12; 53.67; 184.79; -80.21; -280.41; 534.97; 106.44; 727.38; 1207.62; -121.8; 0.0; -5536.72; 0.0; 0.0; 0.0; 2.52; -5656.0; 553.02; -2.35; 550.67; 33.97; 33.97; -91.68; -4.03; 488.94; -3959.44; 14.36; -91.68
2021-03-31; 434.0; 105.08; 75.36; 180.44; 699.09; 231.16; -2014.05; -1.68; -1068.35; -453.9; -86.2; 0.0; 0.0; 0.0; -162.62; -162.62; 0.0; -248.82; 2493.07; 7.82; 2500.89; 46.13; 46.13; -91.26; -2.78; 2452.99; 1750.26; 18.79; -91.26
2020-12-31; 378.71; 104.28; 130.43; 234.72; -735.72; -545.46; 1721.49; -18.21; 289.63; 903.05; -65.41; 0.0; 0.0; 0.0; 0.0; 0.0; 0.0; -65.41; -431.25; 0.0; -431.25; 2.04; 2.04; -91.1; -24.16; -544.47; 293.17; 48.32; -91.1
2020-09-30; -4844.51; 460.71; -1945.15; -1484.43; -602.59; -710.32; 2476.73; -0.71; 7628.17; 1299.23; -82.21; 0.0; 0.0; 0.0; -21.25; -21.25; 1.7; -101.76; -21.05; 0.0; -21.05; 21.79; 21.79; -86.81; 66.08; -19.99; 1177.47; 16.83; -86.81
2020-06-30; 287.27; 98.78; 79.24; 178.02; 1719.45; -758.47; -1571.74; 27.18; -553.19; -87.9; -106.72; 0.0; 0.0; 0.0; -4.25; -4.25; 0.66; -110.31; 21.82; -33.73; -11.91; 47.69; 47.69; -86.22; -23.02; -73.46; -271.67; 11.82; -86.22
2020-03-31; 971.11; 100.82; 202.14; 302.96; -2437.17; 478.62; 1608.81; 0.22; -421.18; 852.9; -77.08; 0.0; 0.0; 0.0; -30.58; -30.58; 2.2; -105.46; 10.73; 4.19; 14.93; -215.38; -215.38; -87.45; -0.2; -288.1; 459.33; 14.39; -87.45
2019-12-31; 186.57; 109.34; 231.68; 341.02; -308.68; -630.98; 787.04; 1.36; -384.78; 142.81; -67.31; 0.0; 0.0; 0.0; 0.0; 0.0; 4.97; -62.34; -10.48; -3.5; -13.98; -115.02; -115.02; -83.09; -9.98; -222.06; -141.59; 31.37; -83.09
2019-09-30; 132.31; 113.39; 50.06; 163.45; -571.98; 112.16; 596.38; 0.32; 377.06; 672.82; -78.16; 0.0; 0.09; 0.0; 0.0; 0.0; -0.73; -78.8; -2.56; -0.02; -2.58; -129.88; -129.88; -83.91; -3.02; -219.39; 374.63; 10.44; -83.91
2019-06-30; 302.0; 112.3; 24.54; 136.84; 208.06; 140.04; -386.06; 11.65; 129.03; 567.87; -69.28; 0.0; -11.65; 0.0; 0.0; 0.0; -4.88; -85.81; 16.06; -130.53; -114.48; -157.55; -157.55; -84.64; -1.59; -358.25; 123.81; 10.56; -84.64
2019-03-31; 28.07; 136.6; 476.9; 613.5; -221.91; 478.58; -147.91; 9.17; -17.21; 624.36; -82.25; 0.0; 0.0; 0.0; 0.0; 0.0; -1.35; -83.61; -14.02; -10.44; -24.46; -93.76; -93.76; -84.89; -2.05; -205.16; 335.59; 6.1; -84.89
2018-12-31; 391.75; 135.23; 71.67; 206.91; -658.89; -898.77; 1498.64; -26.61; -119.69; 478.97; -79.23; 0.0; -52.4; 0.0; 0.0; 0.0; 4.01; -127.62; -3.4; 11.84; 8.44; -216.61; -216.61; -85.53; -10.01; -303.71; 47.64; 31.77; -85.53
2018-09-30; 194.0; 187.14; 56.24; 243.38; 449.86; 46.8; 395.1; 4.12; 227.96; 665.35; -79.95; 0.0; -2.04; 0.0; 0.0; 0.0; -3.25; -85.24; -48.39; -15.07; -63.46; -327.84; -327.84; -82.08; -3.13; -476.51; 103.59; 8.71; -82.08
2018-06-30; 277.88; 145.42; 28.07; 173.48; -517.25; 753.44; 79.56; 10.49; 371.93; 823.28; -79.54; 0.0; -6.18; 0.0; 0.0; 0.0; -4.73; -90.45; -120.18; -1.38; -121.56; -227.96; -227.96; -83.43; -2.31; -435.27; 297.57; 9.4; -83.43
2018-03-31; 282.16; 125.51; 135.34; 260.85; -682.01; -345.04; 443.6; -81.08; -630.58; -87.57; -95.17; 0.0; -706.75; 0.0; 0.0; 0.0; 8.83; -793.1; -34.48; 11.01; -23.47; 47.95; 47.95; -83.98; -6.22; -65.72; -946.39; 11.6; -83.98
2017-12-31; 861.85; 111.72; -787.28; -675.56; 91.62; -460.13; -59.22; -8.52; -175.97; 10.33; -73.64; 0.0; -70.33; 0.0; 0.0; 0.0; 1.65; -142.32; 836.48; 7.71; 844.19; 7.08; 7.08; -83.56; -33.09; 734.63; 602.63; 32.61; -83.56
2017-09-30; -344.59; 112.07; 29.92; 141.99; 141.2; 398.45; 596.41; 659.82; 1583.05; 1380.45; -94.97; 0.0; 12.08; 0.0; -6.58; -6.58; -2.01; -91.47; 0.0; 7.7; 7.7; -91.4; -91.4; -80.1; -1.52; -165.33; 1123.65; 10.61; -80.1
2017-06-30; 50.35; 107.88; 61.48; 169.36; -1001.39; -273.85; 526.02; -2.75; -464.41; -244.7; -108.73; 0.0; -59.23; 0.0; 33.88; 33.88; -3.01; -137.09; -650.0; -12.37; -662.37; 32.94; 32.94; -80.08; -1.67; -711.17; -1092.97; 10.34; -80.08
2017-03-31; 411.47; 106.13; 46.88; 153.0; 119.23; 157.5; 103.15; -30.45; 234.26; 798.74; -125.42; 0.0; -0.91; 0.0; 7.45; 7.45; 6.26; -112.62; -50.0; 7.25; -42.75; 51.15; 51.15; -79.92; -1.3; -72.82; 613.3; 12.06; -79.92
2016-12-31; 247.25; 106.25; 94.15; 200.4; -536.94; -713.55; 247.81; 57.05; -878.0; -430.36; -137.28; 0.0; -1.5; 0.0; -19.96; -19.96; 1.88; -156.86; -50.0; -2.13; -52.13; -219.7; -219.7; -80.17; -11.49; -363.49; -950.7; 29.19; -80.17
2016-09-30; 145.69; 103.45; 287.87; 391.33; -207.26; -157.37; 1234.94; -48.37; 817.51; 1354.52; -154.44; 0.0; 0.0; 0.0; -0.95; -0.95; 7.27; -148.12; -200.0; -1.61; -201.61; -50.19; -50.19; -73.41; -4.56; -329.77; 876.63; 8.43; -73.41
2016-06-30; 349.15; 100.48; 82.67; 183.15; -233.39; 97.13; -294.15; 17.63; -340.35; 191.96; -130.17; 0.0; 0.0; 0.0; -6.03; -6.03; -10.31; -146.51; -575.0; 494.88; -80.12; -550.27; -550.27; -73.24; -1.9; -705.53; -660.09; 16.77; -73.24
2016-03-31; 603.45; 99.06; -65.17; 33.89; -395.81; 140.84; 447.43; -14.32; 243.06; 880.41; -89.9; 0.0; -4.72; 0.0; 0.0; 0.0; -7.44; -102.07; -25.0; 11.4; -13.6; 853.97; 853.97; -70.63; -0.88; 768.86; 1547.2; 17.53; -70.63
2015-12-31; 329.64; 89.17; 24.82; 113.99; -76.26; -1187.86; 1623.29; 31.97; 307.98; 751.61; -90.11; 0.0; -2726.63; 0.0; 47.69; 47.69; -3.44; -2772.49; 1000.0; 8.54; 1008.54; -84.59; -84.59; -71.2; -21.23; 831.52; -1189.35; 22.25; -71.2
2015-09-30; 361.01; 78.17; 441.16; 519.33; -610.09; -678.86; 4957.23; -20.78; 281.62; 1161.96; -74.5; 0.0; -26.91; 0.0; -86.21; -86.21; 1.09; -186.53; -250.0; -6.9; -256.9; -1222.96; -1222.96; -61.87; 178.55; -1363.18; -387.74; 14.45; -61.87
2015-06-30; 214.16; 69.98; -19.19; 50.79; -57.81; -89.1; 0.0; 39.67; 856.63; 1121.58; -51.89; 0.0; -3.92; 0.0; 0.0; 0.0; 0.62; -55.19; -250.0; -7.49; -257.49; -347.57; -347.57; -63.94; -179.2; -848.19; 218.2; 13.09; -63.94
2015-03-31; -513.39; 56.66; 785.84; 842.5; -44.18; 1485.34; 0.0; -65.5; 412.61; 741.72; -52.64; 0.0; -2560.82; 0.0; 0.0; 0.0; 1.16; -2612.3; 1996.39; 14.39; 2010.78; -14.54; -14.54; -64.09; -23.35; 1908.8; 38.22; 13.84; -64.09
2014-12-31; -199.95; 51.17; 369.58; 420.75; -766.72; -2096.58; 0.0; 9.48; 676.16; 896.96; -52.56; 0.0; -24.6; 0.0; 0.0; 0.0; 0.01; -77.16; 0.0; 0.0; 0.0; -260.05; -260.05; -64.03; -5.49; -329.56; 490.24; 19.57; -64.03
2014-09-30; 65.55; 55.4; 589.73; 645.13; -402.48; -301.98; 2255.32; -9.03; 121.48; 832.16; -65.79; 0.0; 0.0; 0.0; 0.0; 0.0; 0.83; -64.95; 0.0; 0.0; 0.0; -165.12; -165.12; -52.91; -2.52; -220.56; 546.65; 10.94; -52.91
2014-06-30; -12.78; 49.27; 175.61; 224.87; -40.31; 483.47; 0.0; 1.8; 307.75; 519.84; -73.28; 0.0; 0.0; 0.0; -117.79; -117.79; 0.01; -191.07; 566.4; 0.0; 566.4; -268.61; -268.61; -53.16; -8.27; 236.36; 565.13; 10.15; -53.16
2014-03-31; 180.08; 46.24; 8.01; 54.26; -336.38; 140.56; 0.0; -11.94; 881.96; 1116.3; -66.21; 0.0; 0.0; 0.0; 0.0; 0.0; 6.28; -59.93; 0.0; -423.0; -423.0; -416.36; -416.36; -54.03; 186.29; -707.1; 349.26; 10.79; -54.03
2013-12-31; 41.38; 45.71; 131.61; 177.32; -159.12; -1626.62; 0.0; 40.28; -1222.35; -1003.64; -59.18; 0.0; -9.1; 0.0; 0.0; 0.0; 0.08; -68.2; 0.0; 423.0; 423.0; 12.67; 12.67; -54.37; -193.0; 188.31; -883.54; 11.23; -54.37
2013-09-30; 51.02; 44.15; 96.48; 140.63; -1476.82; -1087.48; 0.0; -96.22; -222.59; -30.94; -64.52; 0.0; -1.65; 0.0; 0.0; 0.0; 0.88; -65.29; 0.0; 0.0; 0.0; -189.53; -189.53; -48.71; -2.11; -240.35; -336.58; 9.38; -48.71
2013-06-30; 168.44; 43.0; -42.57; 0.42; -418.05; -224.58; 0.0; -64.67; -93.45; 75.41; -49.55; 0.0; 331.63; 0.0; 0.0; 0.0; -1.59; 280.49; 0.0; 0.0; 0.0; -77.39; -77.39; -48.8; -9.42; -135.61; 220.29; 8.4; -48.8
2013-03-31; 45.63; 42.09; 221.98; 264.07; 11.48; 121.43; 0.0; -12.34; 675.66; 985.36; -32.09; 0.0; 0.0; 0.0; 0.0; 0.0; -4.47; -36.56; 0.0; 0.0; 0.0; 26.1; 26.1; -48.61; 3.6; -18.91; 929.89; 9.18; -48.61
2012-12-31; 168.61; 41.56; 45.72; 87.28; -429.12; -295.94; 0.0; 16.04; -497.6; -241.71; -56.29; 0.0; 0.0; 0.0; 0.0; 0.0; -5.09; -61.38; 0.0; 0.0; 0.0; -244.94; -244.94; -49.59; -51.58; -346.12; -649.2; 9.33; -49.59
2012-09-30; 163.49; 39.91; 66.3; 106.21; -50.79; -323.78; 0.0; 5.81; 275.69; 545.39; -40.41; 0.0; 3.08; 0.0; 0.0; 0.0; -4.3; -41.62; -392.33; 0.0; -392.33; -623.86; -623.86; -32.68; -44.05; -1092.91; -589.14; 7.52; -32.68
2012-06-30; 181.27; 37.0; -22.31; 14.69; 25.19; -115.14; 0.0; -20.2; -104.03; 91.93; -29.4; 0.0; -521.1; 0.0; 0.0; 0.0; -9.97; -560.47; 0.0; 0.0; 0.0; -165.75; -165.75; -32.65; -4.41; -202.81; -671.35; 6.07; -32.65
2012-03-31; 212.1; 31.72; -43.79; -12.07; -132.56; 640.38; 0.0; 9.68; 36.39; 236.42; -17.95; 0.0; -7.16; 0.0; 0.0; 0.0; -22.11; -47.22; -55.0; -63.83; -118.83; -145.83; -145.83; -33.72; 65.93; -232.44; -43.24; 6.1; -33.72
2011-12-31; 162.12; 31.88; 31.77; 63.66; 229.67; -317.63; 0.0; 47.25; 205.93; 431.7; -45.53; 0.0; -250.5; 0.0; 0.0; 0.0; -2.61; -298.64; 499.29; 63.83; 563.12; -111.59; -111.59; -33.71; -6.54; 411.28; 544.35; 6.27; -33.71
2011-09-30; 147.32; 14.71; 72.09; 86.79; 69.7; -284.2; 0.0; -21.6; 125.98; 360.1; -27.8; 0.0; -45.38; 0.0; 0.0; 0.0; -12.64; -85.82; 0.0; -17.24; -17.24; -422.92; -422.92; -30.7; 22.12; -448.75; -174.46; 5.67; -30.7
2011-06-30; 184.42; 32.01; 94.67; 126.68; -100.45; 25.44; 0.0; -30.45; -80.45; 230.64; -33.7; 0.0; 0.0; 0.0; 0.0; 0.0; 0.88; -32.82; 0.0; 19.11; 19.11; -96.37; -96.37; -31.65; -0.89; -109.8; 88.02; 9.49; -31.65
2011-03-31; 214.38; 30.39; 50.08; 80.47; -268.97; 258.2; 0.0; -8.92; 381.55; 676.4; -43.68; 0.0; 0.0; 0.0; 0.0; 0.0; 0.0; -43.68; 0.0; -60.31; -60.31; -27.37; -27.37; -27.54; -5.97; -121.18; 511.54; 5.34; -27.54
2010-12-31; 160.5; 29.86; 31.15; 61.01; 275.79; -227.74; 0.0; 30.89; -320.71; -99.2; -50.09; 0.0; 0.0; 0.0; 0.0; 0.0; 0.0; -50.09; 0.0; 58.4; 58.4; -138.38; -138.38; -27.73; -0.28; -108.0; -257.29; 6.78; -27.73
2010-09-30; 141.23; 13.12; 73.76; 86.88; 59.58; -113.99; 0.0; -30.66; 321.13; 549.23; -43.91; 0.0; 0.0; 0.0; 0.0; 0.0; -8.3; -52.21; -7.66; 6.29; -1.37; -110.09; -110.09; -22.32; -15.78; -149.56; 347.47; 5.93; -22.32
2010-06-30; 163.21; 26.01; 39.91; 65.92; 24.46; -104.98; 0.0; -4.68; -16.13; 213.0; -44.27; 0.0; 0.0; 0.0; 0.0; 0.0; 0.01; -44.26; 0.0; 2.46; 2.46; -36.84; -36.84; -22.55; -0.96; -57.9; 110.84; 7.33; -22.55
2010-03-31; 181.01; 25.19; 41.7; 66.89; -392.94; 368.21; 0.0; 4.96; 140.19; 388.08; -45.46; 0.0; 0.0; 0.0; 0.0; 0.0; 0.01; -45.46; 0.0; -17.55; -17.55; -76.49; -76.49; -22.61; -5.67; -122.32; 220.31; 9.62; -22.61
2009-12-31; 151.31; 25.2; 36.7; 61.91; 371.94; -391.15; 0.0; 18.85; -254.9; -41.69; -42.57; 0.0; 0.0; 0.0; 0.0; 0.0; 0.13; -42.45; 396.7; -201.63; 195.07; -114.21; -114.21; -23.15; -3.37; 54.34; -29.8; 7.18; -23.15
2009-09-30; 130.15; 24.92; 58.77; 83.69; -165.0; -542.71; 0.0; 3.53; 139.47; 353.3; -43.51; 0.0; -3.0; 0.0; 0.0; 0.0; -0.03; -46.54; 0.0; -30.39; -30.39; -162.25; -162.25; -16.77; -0.91; -210.32; 96.44; 6.75; -16.77
2009-06-30; 118.81; 23.55; 44.69; 68.24; -2.53; 162.94; 0.0; -43.08; 211.0; 398.04; -33.63; 0.0; -13.42; 0.0; 0.0; 0.0; 0.03; -47.02; 0.0; 13.25; 13.25; -90.56; -90.56; -15.13; -0.98; -93.42; 257.6; 5.79; -15.13
2009-03-31; 254.44; 45.84; 57.41; 103.25; -290.25; -385.24; 0.0; 27.91; -325.28; 32.42; -68.59; 0.0; 14.94; 0.0; 0.0; 0.0; -1.14; -54.79; 0.0; 8.3; 8.3; -175.46; -175.46; -30.8; -2.45; -200.41; -222.78; 14.6; -30.8
