Date; Net Income/Loss; Total Depreciation And Amortization - Cash Flow; Other Non-Cash Items; Total Non-Cash Items; Change In Accounts Receivable; Change In Inventories; Change In Accounts Payable; Change In Assets/Liabilities; Total Change In Assets/Liabilities; Cash Flow From Operating Activities; Net Change In Property, Plant, And Equipment; Net Change In Intangible Assets; Net Acquisitions/Divestitures; Net Change In Short-term Investments; Net Change In Long-Term Investments; Net Change In Investments - Total; Investing Activities - Other; Cash Flow From Investing Activities; Net Long-Term Debt; Net Current Debt; Debt Issuance/Retirement Net - Total; Net Common Equity Issued/Repurchased; Net Total Equity Issued/Repurchased; Total Common And Preferred Stock Dividends Paid; Financial Activities - Other; Cash Flow From Financial Activities; Net Cash Flow; Stock-Based Compensation; Common Stock Dividends Paid
2022-09-30; 683.3; 821.8; 594.5; 1416.3; -49.9; -24.1; -115.4; 126.9; -357.1; 1742.5; -1603.2; 0.0; -24.2; 0.0; -24.9; -24.9; 28.8; -1623.5; -321.5; 572.3; 250.8; 14.5; 14.5; -409.0; -19.2; -162.9; -43.9; 0.0; -409.0
2022-06-30; 520.8; 779.7; 120.5; 900.2; -421.5; -138.1; 485.8; 187.7; -52.5; 1368.5; -1243.0; 0.0; -36.6; 0.0; 1.2; 1.2; -27.4; -1305.8; 1516.6; -1250.3; 266.3; 3.2; 3.2; -404.7; -31.8; -167.0; -104.3; 0.0; -404.7
2022-03-31; 718.1; 815.3; 2.8; 818.1; -24.3; 27.6; -1.0; 135.5; 86.0; 1622.2; -1686.6; 0.0; -1238.4; 0.0; -11.1; -11.1; 42.9; -2893.2; 433.9; 766.3; 1200.2; 809.5; 809.5; -398.8; -65.8; 1545.1; 274.1; 0.0; -398.8
2021-12-31; 538.6; 942.5; -864.5; 78.0; 79.5; -47.2; 93.0; -564.8; 250.3; 866.9; -1590.0; 0.0; -41.3; 0.0; -13.1; -13.1; 116.7; -1527.7; -34.2; 110.0; 75.8; 52.5; 52.5; -396.8; -46.0; -314.5; -975.3; 0.0; -396.8
2021-09-30; 796.9; 700.3; 251.5; 951.8; 16.3; 215.1; 10.1; 172.6; 180.4; 1929.1; -1298.0; 0.0; -383.1; 0.0; -9.6; -9.6; 14.3; -1676.4; 1440.5; -624.0; 816.5; 291.1; 291.1; -376.2; 82.9; 814.3; 1067.0; 0.0; -376.2
2021-06-30; 573.8; 651.8; 263.0; 914.8; -202.6; 92.8; -74.3; 13.2; -327.5; 1161.1; -1278.9; 0.0; -288.5; 0.0; -18.9; -18.9; -9.3; -1595.6; 740.9; 79.6; 820.5; 72.3; 72.3; -374.5; -48.1; 470.2; 35.7; 0.0; -374.5
2021-03-31; 578.8; 751.8; -1268.0; -516.2; -12.9; 39.5; 171.8; -297.4; -179.8; -117.2; -1492.7; 0.0; -158.8; 0.0; -12.1; -12.1; 29.4; -1634.2; 1285.8; 569.1; 1854.9; 184.6; 184.6; -372.0; -30.4; 1637.1; -114.3; 0.0; -372.0
2020-12-31; 434.7; 740.9; -470.6; 270.3; 9.6; -45.5; -57.2; -224.2; 205.7; 910.7; -1555.9; 0.0; -1.3; 0.0; 2.0; 2.0; 28.6; -1526.6; 985.6; 82.3; 1067.9; 18.5; 18.5; -369.2; -126.8; 590.4; -25.5; 0.0; -369.2
2020-09-30; 748.2; 700.3; 134.4; 834.7; -58.2; 22.9; 86.6; -119.7; -406.9; 1176.0; -1445.5; 0.0; -30.7; 0.0; -19.4; -19.4; 35.9; -1459.7; 1272.2; -679.6; 592.6; 25.5; 25.5; -351.1; -24.2; 242.8; -40.9; 0.0; -351.1
2020-06-30; 514.5; 770.0; 165.5; 935.5; -48.1; -84.5; 46.4; -162.8; -319.5; 1130.5; -1452.2; 0.0; -36.4; 0.0; -20.0; -20.0; 27.0; -1481.6; 863.8; -1387.5; -523.7; 54.9; 54.9; -340.9; -5.3; -815.0; -1166.1; 0.0; -340.9
2020-03-31; 499.3; 695.6; 91.3; 786.9; -32.6; -35.8; -111.1; -397.1; -670.5; 615.7; -1792.7; 0.0; -1.3; 0.0; 2.9; 2.9; 25.1; -1766.0; 1103.0; 1625.8; 2728.8; 56.1; 56.1; -363.7; -32.7; 2388.5; 1238.2; 0.0; -363.7
2019-12-31; 152.7; 794.9; -381.3; 413.6; 122.8; -131.6; 38.2; -174.3; 353.9; 920.2; -1715.4; 0.0; 2.5; 0.0; -4.5; -4.5; -69.5; -1786.9; 825.7; 328.3; 1154.0; 20.6; 20.6; -348.0; -17.1; 809.5; -57.2; 0.0; -348.0
2019-09-30; 733.9; 670.7; 301.7; 972.4; -40.5; -2.0; 40.0; 35.1; -157.2; 1549.1; -1349.3; 0.0; -398.2; 0.0; -41.3; -41.3; 26.2; -1762.6; 406.5; 233.0; 639.5; 12.4; 12.4; -333.9; -4.4; 313.6; 100.1; 0.0; -333.9
2019-06-30; 459.1; 643.6; -13.5; 630.1; 108.0; -88.2; 80.2; -103.6; -96.7; 992.5; -1421.3; 0.0; -582.6; 0.0; -17.5; -17.5; 9.2; -2012.2; 962.2; 419.0; 1381.2; 17.8; 17.8; -334.5; -18.2; 1046.3; 26.6; 0.0; -334.5
2019-03-31; 574.1; 630.9; 20.9; 651.8; 57.5; -26.4; -152.6; -219.1; -417.6; 808.3; -1565.4; 0.0; -32.4; 0.0; -18.5; -18.5; 33.5; -1582.8; 1050.7; -52.0; 998.7; 14.5; 14.5; -333.6; 13.9; 693.5; -81.0; 0.0; -333.6
2018-12-31; 364.8; 622.3; -354.0; 268.3; 198.2; -78.0; 81.6; 55.0; 657.5; 1290.6; -1622.5; 0.0; -20.0; 0.0; -17.5; -17.5; -4.9; -1664.9; 545.8; -332.6; 213.2; 11.1; 11.1; -333.0; -10.4; -119.1; -493.4; 0.0; -333.0
2018-09-30; 579.7; 633.8; 280.0; 913.8; 157.6; 67.5; 8.6; 318.3; 432.3; 1925.8; -1465.0; 0.0; -1.9; 0.0; -8.9; -8.9; 26.0; -1449.8; 716.9; -346.6; 370.3; 11.6; 11.6; -308.3; 0.6; 74.2; 550.2; 0.0; -308.3
2018-06-30; 530.1; 577.2; 194.2; 771.4; -249.6; 2.7; 75.7; 127.8; -96.9; 1204.6; -1317.6; 0.0; -0.4; 0.0; -14.1; -14.1; 21.0; -1311.1; 555.7; -69.6; 486.1; 18.7; 18.7; -308.1; -19.4; 177.3; 70.8; 0.0; -308.1
2018-03-31; 456.7; 567.1; -56.4; 510.7; 39.7; 28.5; -129.3; -29.8; -165.2; 802.2; -1905.8; 0.0; -23.8; 0.0; -17.3; -17.3; 19.1; -1927.8; 280.2; 1020.2; 1300.4; 32.2; 32.2; -306.1; 3.0; 1029.5; -96.1; 0.0; -306.1
2017-12-31; 401.8; 535.6; -15.5; 520.1; -172.8; -40.6; 33.0; 2.7; 224.3; 1146.2; -1913.1; 0.0; -34.8; 0.0; -11.2; -11.2; 25.4; -1933.7; 433.9; 579.3; 1013.2; 12.2; 12.2; -316.9; 0.8; 709.3; -78.2; 0.0; -316.9
2017-09-30; 556.7; 551.7; 555.0; 1106.7; -69.2; 68.0; 79.5; -97.2; -256.2; 1407.2; -1267.8; 0.0; -34.3; 0.0; -18.1; -18.1; -5.7; -1325.9; 1146.4; -792.4; 354.0; 0.0; 0.0; -290.1; 1.3; 65.2; 146.5; 0.0; -290.1
2017-06-30; 376.2; 522.0; 180.5; 702.5; 34.7; -22.9; 80.2; -0.9; -168.5; 910.2; -1144.6; 0.0; -35.2; 0.0; -11.0; -11.0; 17.8; -1173.0; 293.4; 315.7; 609.1; 0.0; 0.0; -293.5; -7.9; 307.7; 44.9; 0.0; -293.5
2017-03-31; 594.2; 517.0; -100.4; 416.6; 235.8; 13.4; -250.7; -389.3; -204.0; 806.8; 793.8; 0.0; -3.7; 0.0; -18.1; -18.1; 4.2; 776.2; -1220.9; -177.0; -1397.9; 0.0; 0.0; -291.4; 2.2; -1687.1; -104.1; 0.0; -291.4
2016-12-31; 375.2; 431.0; -249.6; 181.4; 14.2; 48.6; 117.1; -71.5; 544.2; 1100.8; -1502.0; 0.0; -0.9; 0.0; -17.1; -17.1; -97.9; -1617.9; 523.3; 234.7; 758.0; 0.0; 0.0; -291.2; -8.9; 457.9; -59.2; 0.0; -291.2
2016-09-30; -764.2; 575.8; 1823.6; 2399.4; -74.8; 118.6; 70.4; 35.1; 60.0; 1695.2; -1101.2; 0.0; -48.4; 0.0; -7.1; -7.1; 27.7; -1129.0; 261.8; -582.0; -320.2; 3.3; 3.3; -276.7; -7.2; -600.8; -34.6; 0.0; -276.7
2016-06-30; 503.9; 546.5; 324.3; 870.8; -155.2; -11.6; 11.8; -159.3; -448.8; 925.9; -1082.3; 0.0; -33.7; 0.0; -6.1; -6.1; -39.3; -1161.4; -269.5; 839.3; 569.8; 18.8; 18.8; -276.6; -17.6; 294.4; 56.4; 0.0; -276.6
2016-03-31; 503.1; 537.6; 326.8; 864.4; -10.8; -95.4; -34.4; -257.8; -567.6; 799.9; -1203.5; 0.0; -45.5; 0.0; -14.3; -14.3; 125.0; -1138.3; 177.8; 421.0; 598.8; 12.1; 12.1; -276.5; 18.0; 352.4; 14.0; 0.0; -276.5
2015-12-31; 470.7; 525.1; -159.5; 365.6; 217.7; -232.4; 29.8; -201.9; 1.7; 838.0; -1230.6; 0.0; -38.7; 0.0; -12.2; -12.2; -42.7; -1324.2; 213.9; 18.0; 231.9; 13.7; 13.7; -275.6; 15.6; -14.4; -10.0; 0.0; -275.6
2015-09-30; 519.6; 571.0; 348.7; 919.7; 16.5; 45.8; -0.1; 166.5; 272.5; 1711.8; -1101.2; 0.0; -1.1; 0.0; -26.4; -26.4; 74.8; -1053.9; -102.0; -323.0; -425.0; 12.1; 12.1; -261.3; -1.0; -675.2; -17.4; 0.0; -261.3
2015-06-30; 431.3; 524.9; 217.5; 742.4; -31.7; 15.9; -59.0; -12.1; -232.5; 941.2; -1104.5; 0.0; -0.4; 0.0; -7.7; -7.7; -61.0; -1173.6; 227.7; 250.0; 477.7; 25.4; 25.4; -261.1; -4.8; 237.2; 4.8; 0.0; -261.1
2015-03-31; 630.7; 533.7; 130.7; 664.4; -2.3; 132.1; 45.8; -246.5; -37.4; 1257.7; -1077.0; 0.0; -51.8; 0.0; -18.0; -18.0; 125.9; -1020.9; 507.4; -491.0; 16.4; 30.4; 30.4; -261.0; 4.9; -209.3; 27.9; 0.0; -261.0
2014-12-31; 192.0; 509.8; 193.2; 703.0; -41.3; -121.2; -34.9; 209.4; -7.6; 887.4; -1252.8; 0.0; -7.2; 0.0; -11.2; -11.2; -55.7; -1326.9; 593.4; 64.0; 657.4; 10.6; 10.6; -261.6; 2.7; 409.1; -31.0; 0.0; -261.6
2014-09-30; 494.0; 519.0; 81.0; 600.0; 54.0; 15.0; -1.0; 250.0; 424.0; 1518.0; -1014.0; 0.0; -51.0; 0.0; -18.0; -18.0; 72.0; -1011.0; -89.0; -200.0; -289.0; 34.0; 34.0; -246.0; -2.0; -503.0; 4.0; 0.0; -246.0
2014-06-30; 391.0; 484.0; 144.0; 628.0; 10.0; -2.0; -72.0; 179.0; 45.0; 1064.0; -978.0; 0.0; -9.0; 0.0; -10.0; -10.0; -90.0; -1087.0; 1.0; 150.0; 151.0; 14.0; 14.0; -245.0; 1.0; -79.0; -102.0; 0.0; -245.0
2014-03-31; 561.0; 529.0; 30.0; 559.0; -83.0; 209.0; 33.0; -130.0; 13.0; 1133.0; -950.0; 0.0; -49.0; 0.0; -17.0; -17.0; 35.0; -981.0; -327.0; 575.0; 248.0; 15.0; 15.0; -245.0; 4.0; 22.0; 174.0; 0.0; -245.0
2013-12-31; 347.2; 432.1; -67.2; 364.9; 18.9; 47.2; 122.1; -208.3; 344.1; 1056.2; -1175.4; 0.0; -43.7; 0.0; -11.0; -11.0; -67.7; -1297.8; 895.2; -458.0; 437.2; 22.2; 22.2; -245.3; -0.8; 213.3; -29.2; 0.0; -245.3
2013-09-30; 434.0; 485.0; 455.0; 940.0; 57.0; 133.0; 29.0; -5.0; 150.0; 1524.0; -843.0; 0.0; -51.0; 0.0; -20.0; -20.0; 37.0; -877.0; -82.0; -320.0; -402.0; 20.0; 20.0; -240.0; 5.0; -617.0; 30.0; 0.0; -240.0
2013-06-30; 339.0; 472.0; 298.0; 770.0; -49.0; -60.0; -54.0; -41.0; -349.0; 760.0; -785.0; 0.0; -12.0; 0.0; -10.0; -10.0; -64.0; -871.0; 38.0; 231.0; 269.0; 26.0; 26.0; -239.0; -7.0; 49.0; -62.0; 0.0; -239.0
2013-03-31; 364.0; 454.0; 157.0; 611.0; -4.0; -1.0; -3.0; -142.0; -219.0; 756.0; -845.0; 0.0; -47.0; 0.0; -28.0; -28.0; 148.0; -772.0; -203.0; 326.0; 123.0; 15.0; 15.0; -230.0; 8.0; -84.0; -100.0; 0.0; -230.0
2012-12-31; 21.0; 465.0; 63.0; 528.0; -12.0; -55.0; 75.0; 31.0; 343.0; 892.0; -917.0; 0.0; -94.0; 0.0; -13.0; -13.0; -86.0; -1110.0; 499.0; -235.0; 264.0; 19.0; 19.0; -229.0; 0.0; 54.0; -164.0; 0.0; -229.0
2012-09-30; 488.0; 506.0; 271.0; 777.0; -97.0; 30.0; -35.0; 74.0; -66.0; 1199.0; -733.0; 0.0; -2.0; 0.0; -17.0; -17.0; 1.0; -751.0; -95.0; 8.0; -87.0; 14.0; 14.0; -229.0; 0.0; -302.0; 146.0; 0.0; -229.0
2012-06-30; 363.0; 490.0; 215.0; 705.0; -114.0; -73.0; -74.0; 92.0; -231.0; 837.0; -633.0; 0.0; 0.0; 0.0; -10.0; -10.0; -95.0; -738.0; -37.0; 158.0; 121.0; 19.0; 19.0; -229.0; 1.0; -88.0; 11.0; 0.0; -229.0
2012-03-31; 390.0; 457.0; 291.0; 748.0; 207.0; -126.0; -26.0; -287.0; -262.0; 876.0; -818.0; 0.0; -11.0; 0.0; -19.0; -19.0; 56.0; -792.0; 775.0; -600.0; 175.0; 31.0; 31.0; -229.0; 4.0; -19.0; 65.0; 0.0; -229.0
2011-12-31; 311.0; 426.0; -586.0; -160.0; 56.0; -99.0; 22.0; 39.0; 299.0; 450.0; -822.0; 0.0; -2.0; 0.0; -12.0; -12.0; -87.0; -923.0; 47.0; 371.0; 418.0; 22.0; -42.0; -230.0; 2.0; 148.0; -325.0; 0.0; -230.0
2011-09-30; 930.0; 481.0; -278.0; 203.0; -2.0; 129.0; 21.0; 215.0; 473.0; 1606.0; -714.0; 0.0; -11.0; 0.0; 3.0; 3.0; 35.0; -687.0; -231.0; -360.0; -591.0; 21.0; 21.0; -223.0; 3.0; -790.0; 129.0; 0.0; -222.0
2011-06-30; 353.0; 448.0; 222.0; 670.0; -128.0; 25.0; 39.0; 45.0; -121.0; 902.0; -556.0; 0.0; -66.0; 0.0; 37.0; 37.0; -82.0; -667.0; -444.0; 206.0; -238.0; 18.0; 18.0; -223.0; 0.0; -443.0; -208.0; 0.0; -223.0
2011-03-31; 355.0; 437.0; -4.0; 433.0; 181.0; 121.0; -126.0; -38.0; 42.0; 830.0; -473.0; 0.0; -241.0; 0.0; 30.0; 30.0; 71.0; -613.0; 220.0; 87.0; 307.0; 31.0; 31.0; -224.0; 0.0; 114.0; 331.0; 0.0; -223.0
2010-12-31; 178.0; 430.0; 272.0; 702.0; -100.0; -19.0; 127.0; 84.0; 80.0; 960.0; -828.0; 0.0; -22.0; 0.0; -36.0; -36.0; -62.0; -948.0; -491.0; -120.0; -611.0; 28.0; 28.0; -223.0; -2.0; -808.0; -796.0; 0.0; -222.0
2010-09-30; 557.0; 468.0; -367.0; 101.0; 36.0; 169.0; 5.0; -103.0; 462.0; 1120.0; -516.0; 0.0; -28.0; 0.0; -76.0; -76.0; 37.0; -583.0; -98.0; -6.0; -104.0; 23.0; 23.0; -204.0; 0.0; -285.0; 252.0; 0.0; -203.0
2010-06-30; 137.0; 444.0; 149.0; 593.0; -185.0; -12.0; -85.0; 342.0; -150.0; 580.0; -499.0; 0.0; -3.0; 0.0; -17.0; -17.0; -43.0; -562.0; -219.0; 408.0; 189.0; 16.0; 16.0; -202.0; -1.0; 2.0; 20.0; 0.0; -202.0
2010-03-31; 346.0; 438.0; -136.0; 302.0; -617.0; 83.0; -83.0; -75.0; -646.0; 2.0; -470.0; 0.0; -38.0; 0.0; 28.0; 28.0; 50.0; -430.0; -10.0; 938.0; 928.0; 26.0; 26.0; -198.0; 0.0; 756.0; 328.0; 0.0; -197.0
2009-12-31; 239.0; 419.0; 327.0; 746.0; -27.0; -81.0; 37.0; -43.0; -381.0; 604.0; -683.0; 0.0; -16.0; 0.0; -56.0; -56.0; -64.0; -819.0; 217.0; -226.0; -9.0; 22.0; 22.0; -195.0; 10.0; -172.0; -387.0; 0.0; -194.0
2009-09-30; 446.0; 437.0; 226.0; 663.0; 39.0; -81.0; -47.0; 90.0; -95.0; 1014.0; -617.0; 0.0; -1.0; 0.0; -17.0; -17.0; 16.0; -619.0; 530.0; -210.0; 320.0; 18.0; 18.0; -201.0; -13.0; 124.0; 519.0; 0.0; -200.0
2009-06-30; 317.0; 409.0; 30.0; 439.0; -73.0; -195.0; 15.0; 43.0; -216.0; 540.0; -593.0; 0.0; -76.0; 0.0; -11.0; -11.0; -71.0; -751.0; -170.0; -1414.0; -1584.0; 1640.0; 1640.0; -195.0; -2.0; -141.0; -352.0; 0.0; -195.0
2009-03-31; 363.0; 395.0; -13.0; 382.0; 102.0; -118.0; 3.0; -314.0; -428.0; 317.0; -725.0; 0.0; -76.0; 0.0; -21.0; -21.0; 95.0; -727.0; 831.0; 0.0; 831.0; 48.0; 48.0; -170.0; 0.0; 709.0; 299.0; 0.0; -169.0
