Date; Net Income/Loss; Total Depreciation And Amortization - Cash Flow; Other Non-Cash Items; Total Non-Cash Items; Change In Accounts Receivable; Change In Inventories; Change In Accounts Payable; Change In Assets/Liabilities; Total Change In Assets/Liabilities; Cash Flow From Operating Activities; Net Change In Property, Plant, And Equipment; Net Change In Intangible Assets; Net Acquisitions/Divestitures; Net Change In Short-term Investments; Net Change In Long-Term Investments; Net Change In Investments - Total; Investing Activities - Other; Cash Flow From Investing Activities; Net Long-Term Debt; Net Current Debt; Debt Issuance/Retirement Net - Total; Net Common Equity Issued/Repurchased; Net Total Equity Issued/Repurchased; Total Common And Preferred Stock Dividends Paid; Financial Activities - Other; Cash Flow From Financial Activities; Net Cash Flow; Stock-Based Compensation; Common Stock Dividends Paid
2022-09-30; 446.0; 266.0; 187.0; 453.0; -147.0; -134.0; 0.0; 226.0; -115.0; 784.0; -1052.0; 0.0; -7.0; -88.0; -33.0; -121.0; -62.0; -1242.0; 319.0; 601.0; 920.0; 0.0; 0.0; -141.0; 160.0; 939.0; 383.0; 0.0; -141.0
2022-06-30; -136.0; 264.0; 583.0; 847.0; -185.0; -183.0; 0.0; -89.0; -303.0; 408.0; -893.0; 0.0; -106.0; -201.0; -76.0; -277.0; -154.0; -1430.0; 741.0; 353.0; 1094.0; 0.0; 0.0; -152.0; 164.0; 1106.0; 89.0; 0.0; -152.0
2022-03-31; 171.0; 270.0; 204.0; 474.0; -77.0; -44.0; 0.0; 50.0; -188.0; 457.0; -766.0; 0.0; 0.0; -148.0; -93.0; -241.0; -146.0; -1153.0; 893.0; 478.0; 1371.0; 0.0; 60.0; -152.0; -461.0; 818.0; 78.0; 0.0; -152.0
2021-12-31; -1330.0; 261.0; 1740.0; 2001.0; -52.0; -23.0; 0.0; -183.0; -148.0; 523.0; -582.0; 0.0; -561.0; -56.0; -106.0; -162.0; -18.0; -1323.0; -23.0; 162.0; 139.0; 0.0; 2.0; -211.0; 346.0; 276.0; -490.0; 0.0; -211.0
2021-09-30; 485.0; 257.0; 70.0; 327.0; 2.0; -77.0; 0.0; -61.0; -37.0; 775.0; -535.0; 0.0; 21.0; 95.0; -148.0; -53.0; -16.0; -583.0; -125.0; 154.0; 29.0; 0.0; -1.0; -145.0; -44.0; -161.0; -52.0; 0.0; -145.0
2021-06-30; -77.0; 263.0; 756.0; 1019.0; -41.0; -7.0; 0.0; -241.0; -591.0; 351.0; -567.0; 0.0; -23.0; -69.0; -109.0; -178.0; 10.0; -758.0; -226.0; 67.0; -159.0; 0.0; 149.0; -212.0; -89.0; -311.0; -580.0; 0.0; -212.0
2021-03-31; -29.0; 275.0; 593.0; 868.0; -79.0; 14.0; 0.0; -92.0; -586.0; 253.0; -432.0; 0.0; 0.0; 127.0; -64.0; 63.0; -18.0; -387.0; -13.0; -1.0; -14.0; 0.0; 1017.0; -117.0; 107.0; 993.0; 779.0; 0.0; -117.0
2020-12-31; 401.0; 265.0; 105.0; 370.0; 88.0; -5.0; 0.0; -95.0; -103.0; 668.0; -525.0; 0.0; 86.0; 81.0; -46.0; 35.0; -35.0; -439.0; -204.0; -643.0; -847.0; 0.0; -1.0; -323.0; 436.0; -735.0; -554.0; 0.0; -323.0
2020-09-30; -481.0; 264.0; 825.0; 1089.0; -10.0; 31.0; 0.0; 526.0; 659.0; 1267.0; -413.0; 0.0; -13.0; 15.0; -108.0; -93.0; 24.0; -495.0; -350.0; 224.0; -126.0; 0.0; 113.0; -191.0; -297.0; -501.0; 274.0; 0.0; -191.0
2020-06-30; 3.0; 271.0; 296.0; 567.0; 10.0; -69.0; 0.0; 21.0; -123.0; 447.0; -401.0; 0.0; -30.0; -99.0; -63.0; -162.0; -33.0; -626.0; 855.0; -519.0; 336.0; 0.0; 0.0; -172.0; -36.0; 128.0; -103.0; 0.0; -172.0
2020-03-31; 229.0; 268.0; 19.0; 287.0; -40.0; 23.0; 0.0; -63.0; -143.0; 373.0; -561.0; 0.0; -10.0; -23.0; -115.0; -138.0; -26.0; -735.0; 296.0; 879.0; 1175.0; 0.0; 0.0; -117.0; -28.0; 1030.0; 638.0; 0.0; -117.0
2019-12-31; -120.0; 271.0; 446.0; 717.0; 46.0; 31.0; 0.0; -30.0; 94.0; 691.0; -800.0; 0.0; -184.0; -56.0; -66.0; -122.0; 96.0; -1010.0; 394.0; -137.0; 257.0; 0.0; 0.0; -262.0; 52.0; 47.0; -269.0; 0.0; -262.0
2019-09-30; 298.0; 262.0; 178.0; 440.0; 17.0; -28.0; 0.0; -34.0; 23.0; 761.0; -552.0; 0.0; -59.0; 46.0; -85.0; -39.0; 52.0; -598.0; -144.0; 129.0; -15.0; 0.0; 0.0; -200.0; -26.0; -241.0; -112.0; 0.0; -200.0
2019-06-30; 67.0; 266.0; 176.0; 442.0; 1.0; 43.0; 0.0; -35.0; -185.0; 324.0; -549.0; 0.0; 229.0; -24.0; -83.0; -107.0; -23.0; -450.0; -140.0; 69.0; -71.0; 0.0; 0.0; -187.0; -36.0; -294.0; -422.0; 0.0; -187.0
2019-03-31; 233.0; 246.0; 182.0; 428.0; 9.0; -18.0; 0.0; 48.0; 29.0; 690.0; -504.0; 0.0; 0.0; -70.0; -90.0; -160.0; 1.0; -663.0; 437.0; 230.0; 667.0; 0.0; 0.0; -140.0; -125.0; 402.0; 372.0; 0.0; -140.0
2018-12-31; 181.0; 233.0; 250.0; 483.0; -81.0; -23.0; 0.0; -43.0; -2.0; 662.0; -544.0; 0.0; 224.0; 96.0; -44.0; 52.0; -47.0; -315.0; -5.0; -212.0; -217.0; 0.0; 0.0; -227.0; -36.0; -480.0; -119.0; 0.0; -227.0
2018-09-30; 191.0; 258.0; 372.0; 630.0; -131.0; 20.0; 0.0; 121.0; 72.0; 767.0; -598.0; 0.0; -36.0; 315.0; -11.0; 304.0; 20.0; -310.0; 19.0; -252.0; -233.0; 0.0; 0.0; -157.0; -44.0; -434.0; -20.0; 0.0; -157.0
2018-06-30; 416.0; 258.0; -297.0; -39.0; 45.0; -17.0; 0.0; -46.0; -104.0; 399.0; -484.0; 0.0; 586.0; -324.0; -46.0; -370.0; -28.0; -296.0; 97.0; -7.0; 90.0; 0.0; 0.0; -197.0; 8.0; -99.0; -26.0; 0.0; -197.0
2018-03-31; 777.0; 254.0; -364.0; -110.0; -39.0; -16.0; 0.0; -31.0; -152.0; 515.0; -495.0; 0.0; 1180.0; -196.0; -44.0; -240.0; -29.0; 416.0; -527.0; 98.0; -429.0; 0.0; 0.0; -103.0; -98.0; -630.0; 380.0; 0.0; -103.0
2017-12-31; -1286.0; 285.0; 1763.0; 2048.0; 102.0; 38.0; 0.0; -84.0; 114.0; 803.0; -590.0; 0.0; 50.0; -39.0; -40.0; -79.0; -25.0; -644.0; -110.0; -224.0; -334.0; 0.0; 0.0; -240.0; -61.0; -635.0; -510.0; 0.0; -240.0
2017-09-30; 261.0; 303.0; 89.0; 392.0; -159.0; -23.0; 0.0; -53.0; 115.0; 739.0; -464.0; 0.0; -582.0; 215.0; -6.0; 209.0; -22.0; -859.0; 129.0; 624.0; 753.0; 0.0; 0.0; -159.0; 20.0; 614.0; 417.0; 0.0; -159.0
2017-06-30; 150.0; 290.0; 156.0; 446.0; -170.0; -27.0; 0.0; -34.0; -396.0; 254.0; -649.0; 0.0; 27.0; -137.0; -43.0; -180.0; 23.0; -779.0; 582.0; -127.0; 455.0; 0.0; 0.0; -230.0; -82.0; 143.0; -367.0; 0.0; -230.0
2017-03-31; 98.0; 291.0; 169.0; 460.0; 50.0; -16.0; 0.0; 95.0; 102.0; 708.0; -474.0; 0.0; 4.0; 191.0; 0.0; 191.0; -38.0; -317.0; -67.0; 141.0; 74.0; 0.0; 0.0; -112.0; -41.0; -79.0; 288.0; 0.0; -112.0
2016-12-31; -693.0; 299.0; 946.0; 1245.0; -98.0; 6.0; 0.0; 162.0; 89.0; 715.0; -575.0; 0.0; 390.0; -197.0; -6.0; -203.0; 121.0; -267.0; -86.0; -191.0; -277.0; 0.0; 0.0; -192.0; -20.0; -489.0; -59.0; 0.0; -192.0
2016-09-30; 229.0; 291.0; 82.0; 373.0; -31.0; 24.0; 0.0; 222.0; 190.0; 819.0; -515.0; 0.0; -49.0; -6.0; 0.0; -6.0; 27.0; -543.0; -279.0; 240.0; -39.0; 0.0; 0.0; -193.0; 17.0; -215.0; 60.0; 0.0; -193.0
2016-06-30; -387.0; 296.0; 597.0; 893.0; 329.0; 36.0; 0.0; 362.0; 135.0; 723.0; -615.0; 0.0; 36.0; 61.0; 0.0; 61.0; -260.0; -778.0; 572.0; -149.0; 423.0; 0.0; 0.0; -230.0; -56.0; 137.0; 86.0; 0.0; -230.0
2016-03-31; 74.0; 290.0; 140.0; 430.0; 37.0; -24.0; 0.0; 346.0; 139.0; 640.0; -640.0; 0.0; 109.0; -105.0; 0.0; -105.0; 88.0; -548.0; -203.0; 132.0; -71.0; 55.0; 55.0; -151.0; -13.0; -180.0; -78.0; 0.0; -151.0
2015-12-31; 41.0; 264.0; 316.0; 580.0; -64.0; -15.0; 0.0; 157.0; 50.0; 629.0; -621.0; 0.0; 42.0; -28.0; -3.0; -31.0; -117.0; -727.0; 123.0; -11.0; 112.0; -74.0; -74.0; -211.0; 115.0; -58.0; -150.0; 0.0; -211.0
2015-09-30; 203.0; 283.0; 256.0; 539.0; 130.0; 43.0; 0.0; -44.0; 193.0; 915.0; -519.0; 0.0; 95.0; -112.0; 0.0; -112.0; -33.0; -569.0; 330.0; 31.0; 361.0; -101.0; -101.0; -137.0; -26.0; 97.0; 417.0; 0.0; -137.0
2015-06-30; 264.0; 299.0; 53.0; 352.0; -107.0; -19.0; 0.0; -132.0; -468.0; 153.0; -549.0; 0.0; 1.0; 168.0; 0.0; 168.0; 30.0; -350.0; 174.0; -37.0; 137.0; -58.0; -58.0; -165.0; -38.0; -124.0; -296.0; 0.0; -165.0
2015-03-31; 254.0; 298.0; 32.0; 330.0; -337.0; -35.0; 0.0; -98.0; -212.0; 437.0; -619.0; 0.0; -17.0; 22.0; 0.0; 22.0; -106.0; -720.0; -31.0; 39.0; 8.0; 212.0; 212.0; -89.0; -18.0; 113.0; -202.0; 0.0; -89.0
2014-12-31; 298.0; 308.0; 80.0; 388.0; -26.0; 27.0; 0.0; -148.0; -68.0; 575.0; -656.0; 0.0; 139.0; -69.0; 0.0; -69.0; 294.0; -292.0; -14.0; -12.0; -26.0; -168.0; -168.0; -144.0; -80.0; -418.0; -147.0; 0.0; -144.0
2014-09-30; 508.0; 312.0; -236.0; 76.0; -182.0; -36.0; 0.0; 190.0; 89.0; 763.0; -468.0; 0.0; 778.0; -324.0; 0.0; -324.0; 41.0; 27.0; -103.0; -116.0; -219.0; -108.0; -108.0; -216.0; -51.0; -594.0; 155.0; 0.0; -216.0
2014-06-30; 275.0; 319.0; 70.0; 389.0; -93.0; -27.0; 0.0; 258.0; -441.0; 232.0; -493.0; 0.0; 133.0; 217.0; 0.0; 217.0; 78.0; -65.0; 134.0; 65.0; 199.0; -32.0; -32.0; -207.0; -78.0; -118.0; 102.0; 0.0; -207.0
2014-03-31; 66.0; 306.0; 415.0; 721.0; -219.0; -12.0; 0.0; -580.0; -602.0; 221.0; -399.0; 0.0; 29.0; 56.0; 0.0; 56.0; -12.0; -326.0; 89.0; 65.0; 154.0; 0.0; 0.0; -62.0; -224.0; -132.0; -229.0; 0.0; -62.0
2013-12-31; -204.0; 312.0; 597.0; 909.0; 11.0; 22.0; 0.0; -103.0; -89.0; 675.0; -710.0; 0.0; -1.0; 181.0; 0.0; 181.0; 23.0; -507.0; 91.0; 0.0; 91.0; -259.0; -259.0; -202.0; -131.0; -501.0; -382.0; 0.0; -202.0
2013-09-30; 223.0; 321.0; 305.0; 626.0; -56.0; 6.0; 0.0; 363.0; 55.0; 855.0; -455.0; 0.0; 32.0; -193.0; 0.0; -193.0; 55.0; -561.0; 578.0; -55.0; 523.0; -45.0; -45.0; -203.0; -111.0; 164.0; 475.0; 0.0; -203.0
2013-06-30; 333.0; 332.0; 96.0; 428.0; 149.0; -8.0; 0.0; 135.0; -161.0; 567.0; -428.0; 0.0; 131.0; 87.0; 0.0; 87.0; 85.0; -125.0; -724.0; 18.0; -706.0; -18.0; -18.0; -210.0; -175.0; -1109.0; -707.0; 0.0; -210.0
2013-03-31; 199.0; 329.0; 183.0; 512.0; 42.0; -4.0; 0.0; -238.0; -149.0; 618.0; -395.0; 0.0; 1.0; -157.0; 0.0; -157.0; -30.0; -581.0; 482.0; 15.0; 497.0; 0.0; 0.0; -61.0; -126.0; 310.0; 356.0; 0.0; -61.0
2012-12-31; 323.0; 356.0; 75.0; 431.0; -50.0; 34.0; 0.0; -120.0; -5.0; 772.0; -485.0; 0.0; 205.0; 178.0; -89.0; 89.0; -28.0; -219.0; -224.0; 1.0; -223.0; 0.0; 0.0; -184.0; -117.0; -524.0; 17.0; 0.0; -184.0
2012-09-30; -1402.0; 332.0; 1919.0; 2251.0; -16.0; 33.0; 0.0; 16.0; 206.0; 1015.0; -508.0; 0.0; 95.0; 8.0; 0.0; 8.0; 81.0; -324.0; -191.0; -12.0; -203.0; -70.0; -70.0; -163.0; -45.0; -481.0; 259.0; 0.0; -163.0
2012-06-30; 207.0; 346.0; -121.0; 225.0; 14.0; -32.0; 0.0; 202.0; 58.0; 580.0; -494.0; 0.0; 256.0; 694.0; 0.0; 694.0; -83.0; 373.0; -103.0; -29.0; -132.0; -231.0; -231.0; -559.0; 23.0; -899.0; 30.0; 0.0; -559.0
2012-03-31; 515.0; 360.0; 26.0; 386.0; -189.0; -11.0; 0.0; -232.0; -327.0; 534.0; -575.0; 0.0; 63.0; -350.0; 0.0; -350.0; 137.0; -725.0; 349.0; -281.0; 68.0; 0.0; 0.0; -19.0; -12.0; 37.0; -30.0; 0.0; -19.0
2011-12-31; 445.0; 315.0; -452.0; -137.0; -51.0; -23.0; 0.0; -186.0; 179.0; 571.0; -570.0; 0.0; -2524.0; -344.0; -64.0; -408.0; 330.0; -3172.0; 972.0; 311.0; 1283.0; -54.0; -54.0; -98.0; -66.0; 1065.0; -1584.0; 0.0; -98.0
2011-09-30; 175.0; 325.0; 217.0; 542.0; -3.0; -30.0; 0.0; -157.0; 265.0; 1136.0; -746.0; 0.0; 38.0; -13.0; -31.0; -44.0; -225.0; -977.0; 218.0; 1.0; 219.0; -127.0; -127.0; -276.0; -89.0; -273.0; -231.0; 0.0; -276.0
2011-06-30; 427.0; 317.0; 84.0; 401.0; -70.0; -19.0; 0.0; 201.0; -148.0; 675.0; -522.0; 0.0; -19.0; 512.0; -20.0; 492.0; -107.0; -156.0; 1739.0; 101.0; 1840.0; -35.0; -35.0; -671.0; -51.0; 1083.0; 1619.0; 0.0; -671.0
2011-03-31; 483.0; 305.0; 42.0; 347.0; -112.0; -69.0; 0.0; 83.0; -244.0; 502.0; -475.0; 0.0; -130.0; 60.0; -40.0; 20.0; -16.0; -601.0; -354.0; 24.0; -330.0; -63.0; -63.0; -43.0; -27.0; -463.0; -540.0; 0.0; -43.0
2010-12-31; -169.0; 302.0; 487.0; 789.0; 38.0; 1.0; 0.0; 143.0; 460.0; 1049.0; -770.0; 0.0; 209.0; -52.0; -20.0; -72.0; -60.0; -693.0; -356.0; 4.0; -352.0; -83.0; -83.0; -294.0; 1.0; -728.0; -309.0; 0.0; -294.0
2010-09-30; 397.0; 292.0; 45.0; 337.0; -67.0; 10.0; 0.0; 77.0; 225.0; 1001.0; -517.0; 0.0; 34.0; 159.0; -50.0; 109.0; -18.0; -392.0; -203.0; -14.0; -217.0; -18.0; -18.0; -409.0; -26.0; -670.0; -38.0; 0.0; -409.0
2010-06-30; 429.0; 291.0; 47.0; 338.0; -5.0; -4.0; 0.0; 171.0; 22.0; 747.0; -507.0; 0.0; 33.0; -20.0; -4.0; -24.0; 138.0; -360.0; -394.0; 62.0; -332.0; -1.0; -1.0; -470.0; -20.0; -823.0; -459.0; 0.0; -470.0
2010-03-31; 402.0; 293.0; 72.0; 365.0; -64.0; 3.0; 0.0; 3.0; -99.0; 668.0; -493.0; 0.0; 65.0; -96.0; -23.0; -119.0; -48.0; -595.0; 34.0; 26.0; 60.0; 1570.0; 1570.0; -72.0; -43.0; 1515.0; 1567.0; 0.0; -72.0
2009-12-31; 283.0; 282.0; 118.0; 400.0; 144.0; -24.0; 0.0; -312.0; -349.0; 334.0; -754.0; 0.0; 0.0; -225.0; -18.0; -243.0; 124.0; -873.0; 422.0; 107.0; 529.0; 0.0; 0.0; -285.0; 123.0; 367.0; -187.0; 0.0; -285.0
2009-09-30; 440.0; 269.0; 144.0; 413.0; -79.0; 1.0; 0.0; 53.0; 150.0; 1003.0; -556.0; 0.0; 0.0; -26.0; -50.0; -76.0; -28.0; -660.0; 242.0; -65.0; 177.0; 0.0; 0.0; -227.0; -38.0; -88.0; 260.0; 0.0; -227.0
2009-06-30; 531.0; 253.0; -183.0; 70.0; -83.0; -58.0; 0.0; 94.0; -84.0; 517.0; -619.0; 0.0; 2.0; 216.0; -57.0; 159.0; -3.0; -461.0; 599.0; 122.0; 721.0; 0.0; 0.0; -322.0; 19.0; 418.0; 490.0; 0.0; -322.0
2009-03-31; 501.0; 245.0; -84.0; 161.0; 80.0; 47.0; 0.0; -231.0; -305.0; 357.0; -574.0; 0.0; 0.0; 313.0; -30.0; 283.0; 368.0; 77.0; 75.0; -153.0; -78.0; 0.0; 0.0; -12.0; 3.0; -87.0; 345.0; 0.0; -12.0
