Date; Net Income/Loss; Total Depreciation And Amortization - Cash Flow; Other Non-Cash Items; Total Non-Cash Items; Change In Accounts Receivable; Change In Inventories; Change In Accounts Payable; Change In Assets/Liabilities; Total Change In Assets/Liabilities; Cash Flow From Operating Activities; Net Change In Property, Plant, And Equipment; Net Change In Intangible Assets; Net Acquisitions/Divestitures; Net Change In Short-term Investments; Net Change In Long-Term Investments; Net Change In Investments - Total; Investing Activities - Other; Cash Flow From Investing Activities; Net Long-Term Debt; Net Current Debt; Debt Issuance/Retirement Net - Total; Net Common Equity Issued/Repurchased; Net Total Equity Issued/Repurchased; Total Common And Preferred Stock Dividends Paid; Financial Activities - Other; Cash Flow From Financial Activities; Net Cash Flow; Stock-Based Compensation; Common Stock Dividends Paid
2022-09-30; 3041.0; 1232.0; 502.0; 1734.0; -1088.0; 0.0; 0.0; -882.0; -1388.0; 3387.0; 0.0; 0.0; 0.0; -5153.0; -530.0; -5683.0; 884.0; -4799.0; 4373.0; 0.0; 4373.0; -1293.0; -1293.0; -247.0; -1611.0; 1222.0; -232.0; 0.0; -240.0
2022-06-30; 3392.0; 1251.0; -435.0; 816.0; -2239.0; 0.0; 0.0; -2114.0; -3634.0; 574.0; 0.0; 0.0; 0.0; -940.0; 520.0; -420.0; 2101.0; 1681.0; 179.0; 0.0; 179.0; -1711.0; -1711.0; -256.0; -410.0; -2198.0; -1.0; 0.0; -248.0
2022-03-31; 4656.0; 1447.0; -1972.0; -525.0; -5387.0; 0.0; 0.0; 190.0; -4074.0; 57.0; 0.0; 0.0; 0.0; 2584.0; -2349.0; 235.0; 618.0; 853.0; 1554.0; 0.0; 1554.0; -1394.0; -1394.0; -265.0; -490.0; -595.0; 302.0; 0.0; -258.0
2021-12-31; 4106.0; 1024.0; -4213.0; -3189.0; 1230.0; 0.0; 0.0; -2449.0; -402.0; 515.0; 0.0; 0.0; 4546.0; -56.0; -9098.0; -9154.0; 4252.0; -356.0; -1443.0; 0.0; -1443.0; -941.0; -941.0; -271.0; 1680.0; -975.0; -407.0; 0.0; -264.0
2021-09-30; 1737.0; 1239.0; -683.0; 556.0; 183.0; 0.0; 0.0; 180.0; 661.0; 2954.0; 0.0; 0.0; 137.0; 2174.0; -4670.0; -2496.0; 1080.0; -1279.0; 35.0; 0.0; 35.0; -1059.0; -1059.0; -276.0; -160.0; -1460.0; -227.0; 0.0; -269.0
2021-06-30; 150.0; 947.0; -422.0; 525.0; 2433.0; 0.0; 0.0; -381.0; 1495.0; 2170.0; 0.0; 0.0; 0.0; -1033.0; -3826.0; -4859.0; 1709.0; -3150.0; 1522.0; 0.0; 1522.0; -230.0; -230.0; -282.0; -196.0; 814.0; -183.0; 0.0; -274.0
2021-03-31; 3930.0; 1423.0; -1276.0; 147.0; -5742.0; 0.0; 0.0; 1549.0; -3437.0; 640.0; 0.0; 0.0; 0.0; 4003.0; -1695.0; 2308.0; -803.0; 1505.0; -1367.0; 0.0; -1367.0; -362.0; -362.0; -283.0; -102.0; -2114.0; 14.0; 0.0; -276.0
2020-12-31; -16.0; 897.0; 657.0; 1554.0; 1889.0; 0.0; 0.0; -2357.0; -1109.0; 429.0; 0.0; 0.0; 54.0; 187.0; -1747.0; -1560.0; 525.0; -981.0; 320.0; 0.0; 320.0; 0.0; 0.0; -283.0; 116.0; 153.0; -377.0; 0.0; -276.0
2020-09-30; 299.0; 663.0; -516.0; 147.0; 521.0; 0.0; 0.0; -58.0; 402.0; 848.0; 0.0; 0.0; 0.0; 3264.0; -3274.0; -10.0; -2308.0; -2318.0; 790.0; 0.0; 790.0; 0.0; 0.0; -283.0; 694.0; 1201.0; -245.0; 0.0; -276.0
2020-06-30; -7766.0; 682.0; 9859.0; 10541.0; 1676.0; 0.0; 0.0; -1530.0; -2428.0; 347.0; 0.0; 0.0; 2119.0; -2036.0; -3692.0; -5728.0; 1339.0; -2270.0; 2736.0; 0.0; 2736.0; 0.0; 0.0; -283.0; 19.0; 2472.0; 533.0; 0.0; -275.0
2020-03-31; 1654.0; 1878.0; -3037.0; -1159.0; -2193.0; 0.0; 0.0; 270.0; -1081.0; -586.0; 0.0; 0.0; 0.0; -6340.0; -1172.0; -7512.0; 6879.0; -633.0; 2303.0; 0.0; 2303.0; -500.0; -500.0; -283.0; -288.0; 1232.0; 32.0; 0.0; -276.0
2019-12-31; 869.0; 1173.0; -1022.0; 151.0; 1896.0; 0.0; 0.0; -4089.0; -2038.0; -1018.0; 0.0; 0.0; 0.0; -3554.0; -4560.0; -8114.0; 7432.0; -682.0; 1343.0; 0.0; 1343.0; 0.0; 0.0; -1121.0; 1081.0; 1303.0; -420.0; 0.0; -1114.0
2019-09-30; 973.0; 1176.0; -870.0; 306.0; 1070.0; 0.0; 0.0; -2100.0; -796.0; 483.0; 0.0; 0.0; 2.0; 5163.0; -6456.0; -1293.0; 645.0; -646.0; 565.0; 0.0; 565.0; 0.0; 0.0; 549.0; -377.0; 737.0; 585.0; 0.0; 557.0
2019-06-30; 1390.0; 1358.0; -37.0; 1321.0; -132.0; 0.0; 0.0; -3231.0; -3007.0; -296.0; 0.0; 0.0; 0.0; -10104.0; 4576.0; -5528.0; 3360.0; -2168.0; 2107.0; 0.0; 2107.0; 0.0; 0.0; -286.0; 633.0; 2454.0; 6.0; 0.0; -279.0
2019-03-31; 937.0; 1299.0; 379.0; 1678.0; -2180.0; 0.0; 0.0; -1578.0; -3591.0; -976.0; 0.0; 0.0; 0.0; 4862.0; -9010.0; -4148.0; 2169.0; -1979.0; 2294.0; 0.0; 2294.0; 0.0; 485.0; -278.0; 263.0; 2764.0; -179.0; 0.0; -278.0
2018-12-31; -560.0; 1549.0; -6076.0; -4527.0; -1313.0; 0.0; 0.0; 6268.0; 4731.0; -356.0; 0.0; 0.0; -665.0; 550.0; -848.0; -298.0; 1657.0; 694.0; 1279.0; 0.0; 1279.0; -745.0; -745.0; -280.0; -338.0; -84.0; 235.0; 0.0; -280.0
2018-09-30; -1259.0; 1029.0; 734.0; 1763.0; 311.0; 0.0; 0.0; -174.0; -202.0; 302.0; 0.0; 0.0; -5052.0; 30366.0; -23179.0; 7187.0; -1582.0; 553.0; 1017.0; 0.0; 1017.0; -348.0; -348.0; -283.0; -476.0; -90.0; 743.0; 0.0; -283.0
2018-06-30; 931.0; 1402.0; 57.0; 1459.0; -94.0; 0.0; 0.0; -2011.0; -1792.0; 598.0; 0.0; 0.0; 4.0; -23598.0; 21061.0; -2537.0; 3035.0; 502.0; 779.0; 0.0; 779.0; -348.0; -348.0; -286.0; -1208.0; -1063.0; 9.0; 0.0; -286.0
2018-03-31; 949.0; 1382.0; 164.0; 1546.0; -1306.0; 0.0; 0.0; -2377.0; -3433.0; -938.0; 0.0; 0.0; 6.0; -2039.0; -1394.0; -3433.0; 1455.0; -1972.0; 4621.0; 0.0; 4621.0; -298.0; -298.0; -289.0; -1548.0; 2486.0; -366.0; 0.0; -289.0
2017-12-31; -6672.0; 1068.0; -56.0; 1012.0; 1945.0; 0.0; 0.0; -2730.0; 6704.0; 1044.0; 0.0; 0.0; 187.0; 783.0; -3609.0; -2826.0; 2205.0; -434.0; 326.0; 0.0; 326.0; 0.0; 0.0; -288.0; -609.0; -571.0; 32.0; 0.0; -288.0
2017-09-30; -1713.0; 804.0; 932.0; 1736.0; 132.0; 0.0; 0.0; 1196.0; 151.0; 174.0; 0.0; 0.0; 67.0; 30366.0; -26466.0; 3900.0; -4217.0; -250.0; -159.0; 0.0; -159.0; -275.0; -275.0; -287.0; 622.0; -99.0; -105.0; 0.0; -287.0
2017-06-30; 1118.0; 990.0; -95.0; 895.0; -111.0; 0.0; 0.0; -825.0; -713.0; 1300.0; 0.0; 0.0; 514.0; -27212.0; 21661.0; -5551.0; 5263.0; 226.0; 1745.0; 0.0; 1745.0; -2415.0; -2415.0; -290.0; -19.0; -979.0; 670.0; 0.0; -290.0
2017-03-31; 1211.0; 1012.0; -175.0; 837.0; -12426.0; 0.0; 0.0; -404.0; -12384.0; -10336.0; 0.0; 0.0; 24.0; 1953.0; 11003.0; 12956.0; 1519.0; 14499.0; -131.0; 0.0; -131.0; -3585.0; -3585.0; -307.0; -25.0; -4048.0; 33.0; 0.0; -307.0
2016-12-31; -2506.0; 1276.0; 3846.0; 5122.0; -381.0; 0.0; 0.0; 784.0; -867.0; 1749.0; 0.0; 0.0; 2809.0; -880.0; 47.0; -833.0; 951.0; 2927.0; -1414.0; 0.0; -1414.0; -2954.0; -2954.0; -321.0; -847.0; -5536.0; -1000.0; 0.0; -321.0
2016-09-30; 436.0; 544.0; -3554.0; -3010.0; 715.0; 0.0; 0.0; 2829.0; 3756.0; 1182.0; 0.0; 0.0; 0.0; 31664.0; -30277.0; 1387.0; -798.0; 589.0; 824.0; 0.0; 824.0; -2258.0; -2258.0; -338.0; 665.0; -1107.0; 714.0; 0.0; -338.0
2016-06-30; 1924.0; 623.0; 934.0; 1557.0; 105.0; 0.0; 0.0; -2906.0; -1942.0; 1539.0; 0.0; 0.0; 0.0; -30640.0; 24145.0; -6495.0; 5846.0; -649.0; 2556.0; 0.0; 2556.0; -2762.0; -2762.0; -350.0; -87.0; -643.0; 285.0; 0.0; -350.0
2016-03-31; -203.0; 1647.0; -6.0; 1641.0; -1707.0; 0.0; 0.0; -590.0; -2406.0; -968.0; 0.0; 0.0; 0.0; 931.0; -1974.0; -1043.0; 1428.0; 385.0; 3965.0; 0.0; 3965.0; -3486.0; -3486.0; -363.0; 337.0; 453.0; -130.0; 0.0; -363.0
2015-12-31; -1849.0; 1127.0; 395.0; 1522.0; 448.0; 0.0; 0.0; 1710.0; 970.0; 643.0; 0.0; 0.0; 0.0; 41306.0; -39757.0; 1549.0; 233.0; 1782.0; -49.0; 0.0; -49.0; -3218.0; -3218.0; -341.0; 1243.0; -2365.0; 60.0; 0.0; -341.0
2015-09-30; -197.0; 621.0; 2164.0; 2785.0; 1793.0; 0.0; 0.0; -2637.0; -847.0; 1741.0; 0.0; 0.0; 0.0; -6614.0; 10463.0; 3849.0; -2455.0; 1394.0; 132.0; 0.0; 132.0; -3730.0; -3730.0; -352.0; 452.0; -3498.0; -368.0; 0.0; -352.0
2015-06-30; 1791.0; 1655.0; -1812.0; -157.0; 58.0; 0.0; 0.0; -2165.0; -1529.0; 105.0; 0.0; 0.0; 0.0; -27288.0; 22734.0; -4554.0; 9526.0; 4972.0; -1483.0; 0.0; -1483.0; -2345.0; -2345.0; -165.0; -969.0; -4962.0; 114.0; 0.0; -165.0
2015-03-31; 2477.0; 1226.0; -594.0; 632.0; -844.0; 0.0; 0.0; -3038.0; -2721.0; 388.0; 0.0; 0.0; 0.0; -186.0; -146.0; -332.0; 646.0; 314.0; 872.0; 0.0; 872.0; -1398.0; -1398.0; -170.0; 92.0; -604.0; 65.0; 0.0; -170.0
2014-12-31; 675.0; 1076.0; 605.0; 1681.0; 2715.0; 0.0; 0.0; -4320.0; -1706.0; 650.0; 0.0; 0.0; 0.0; 42343.0; -32261.0; 10082.0; -665.0; 9417.0; -3295.0; 0.0; -3295.0; -1499.0; -1499.0; -173.0; -5220.0; -10187.0; -175.0; 0.0; -173.0
2014-09-30; 2201.0; 1029.0; 2408.0; 3437.0; 1574.0; 0.0; 0.0; -5182.0; -2922.0; 2716.0; 0.0; 0.0; 0.0; -9419.0; 9477.0; 58.0; 1147.0; 1205.0; -2381.0; 0.0; -2381.0; -1554.0; -1554.0; -178.0; 314.0; -3799.0; 106.0; 0.0; -178.0
2014-06-30; 3036.0; 1222.0; -4450.0; -3228.0; -896.0; 0.0; 0.0; 811.0; 1070.0; 878.0; 0.0; 0.0; 2348.0; -24366.0; 21256.0; -3110.0; 641.0; -121.0; -840.0; 0.0; -840.0; -982.0; -982.0; -179.0; 488.0; -1513.0; -663.0; 0.0; -179.0
2014-03-31; 1612.0; 1121.0; -1215.0; -94.0; -701.0; 0.0; 0.0; -504.0; -755.0; 763.0; 0.0; 0.0; 0.0; 5132.0; -1640.0; 3492.0; 291.0; 3783.0; -1238.0; 0.0; -1238.0; -867.0; -867.0; -182.0; -2002.0; -4289.0; 249.0; 0.0; -182.0
2013-12-31; 1973.0; 1155.0; -165.0; 990.0; 2554.0; 0.0; 0.0; -3369.0; -1046.0; 1917.0; 0.0; 0.0; 0.0; 53207.0; -54635.0; -1428.0; 2009.0; 581.0; -654.0; 0.0; -654.0; -405.0; -405.0; -147.0; -1080.0; -2286.0; 183.0; 0.0; -147.0
2013-09-30; 2130.0; 1058.0; 745.0; 1803.0; 728.0; 0.0; 0.0; -1248.0; -1659.0; 2274.0; 0.0; 0.0; 0.0; -14659.0; 14539.0; -120.0; 567.0; 447.0; -1565.0; 0.0; -1565.0; -192.0; -192.0; -147.0; -513.0; -2417.0; 296.0; 0.0; -147.0
2013-06-30; 2758.0; 1297.0; -1874.0; -577.0; 1385.0; 0.0; 0.0; -2063.0; -358.0; 1823.0; 0.0; 0.0; 0.0; -31957.0; 31892.0; -65.0; 2172.0; 2107.0; -3152.0; 0.0; -3152.0; 0.0; 0.0; 0.0; -185.0; -3337.0; 535.0; 0.0; 0.0
2013-03-31; 2231.0; 1203.0; -1140.0; 63.0; -2493.0; 0.0; 0.0; -563.0; -2443.0; -149.0; 0.0; 0.0; 0.0; 6385.0; -4165.0; 2220.0; 1744.0; 3964.0; -4138.0; 0.0; -4138.0; 0.0; 0.0; 0.0; 420.0; -3718.0; 76.0; 0.0; 0.0
2012-12-31; -3949.0; 3330.0; 3095.0; 6425.0; 1791.0; 0.0; 0.0; -1227.0; -1639.0; 837.0; 0.0; 0.0; 0.0; 42914.0; -55115.0; -12201.0; 9655.0; -2546.0; -1178.0; 0.0; -1178.0; 0.0; 0.0; 0.0; 2468.0; 1290.0; -457.0; 0.0; 0.0
2012-09-30; 1861.0; 1461.0; -648.0; 813.0; 1144.0; 0.0; 0.0; -3273.0; -1467.0; 1207.0; 0.0; 0.0; 0.0; -6634.0; 13191.0; 6557.0; 1730.0; 8287.0; -507.0; 0.0; -507.0; -8000.0; -8000.0; 0.0; -626.0; -9133.0; 376.0; 0.0; 0.0
2012-06-30; 2339.0; 1343.0; -790.0; 553.0; 1260.0; 0.0; 0.0; -1897.0; -1354.0; 1538.0; 0.0; 0.0; 0.0; -30211.0; 29571.0; -640.0; 1530.0; 890.0; -1310.0; 0.0; -1310.0; -2000.0; -2000.0; 0.0; 821.0; -2489.0; -83.0; 0.0; 0.0
2012-03-31; 3449.0; 1215.0; -3364.0; -2149.0; -1110.0; 0.0; 0.0; -1099.0; -1206.0; 94.0; 0.0; 0.0; 0.0; 3636.0; 366.0; 4002.0; 5979.0; 9981.0; -8820.0; 0.0; -8820.0; -3000.0; -3000.0; 0.0; 1588.0; -10232.0; -159.0; 0.0; 0.0
2011-12-31; 21602.0; 1802.0; -2069.0; -267.0; 4297.0; 0.0; 0.0; -5861.0; -20215.0; 1120.0; 0.0; 0.0; 0.0; 5047.0; -6587.0; -1540.0; 1842.0; 302.0; -27841.0; 0.0; -27841.0; -70.0; -70.0; 0.0; 26429.0; -1482.0; -68.0; 0.0; 0.0
2011-09-30; -3826.0; 2033.0; 5629.0; 7662.0; 1938.0; 0.0; 0.0; -2677.0; -1500.0; 2336.0; 0.0; 0.0; 0.0; 3655.0; -8534.0; -4879.0; 3204.0; -1675.0; -2399.0; 0.0; -2399.0; 723.0; 723.0; 0.0; -54.0; -1730.0; -1048.0; 0.0; 0.0
2011-06-30; 2053.0; 1288.0; 1135.0; 2423.0; -785.0; -278.0; 0.0; -1181.0; -2701.0; 1775.0; 0.0; 0.0; 587.0; 8932.0; -12933.0; -4001.0; 1618.0; -1796.0; -2595.0; 0.0; -2595.0; 3609.0; 3609.0; 0.0; -243.0; 771.0; 789.0; 0.0; 0.0
2011-03-31; 1501.0; 2297.0; -534.0; 1763.0; -4725.0; 278.0; 0.0; -3518.0; -8576.0; -5312.0; 0.0; 0.0; 0.0; 10968.0; -4618.0; 6350.0; 33267.0; 39617.0; -26359.0; 0.0; -26359.0; 723.0; 723.0; 0.0; -8849.0; -34485.0; 243.0; 0.0; 0.0
2010-12-31; 13982.0; -353.0; -22472.0; -22825.0; -298.0; -542.0; 0.0; 5373.0; 10325.0; 1482.0; 0.0; 0.0; 19857.0; -7246.0; 7629.0; 383.0; -22625.0; -2385.0; -2438.0; 5855.0; 3417.0; 0.0; 0.0; 0.0; -3906.0; -489.0; -110.0; 0.0; 0.0
2010-09-30; -2013.0; 1459.0; 6835.0; 8294.0; 671.0; 221.0; 0.0; -2452.0; -937.0; 5344.0; 0.0; 0.0; 230.0; 4426.0; -8345.0; -3919.0; 2229.0; -1460.0; -3881.0; 0.0; -3881.0; 0.0; 0.0; 0.0; -364.0; -4245.0; -1172.0; 0.0; 0.0
2010-06-30; -2115.0; 3896.0; 4155.0; 8051.0; 1435.0; 300.0; 0.0; -2097.0; 640.0; 6576.0; 0.0; 0.0; 201.0; 4079.0; -6327.0; -2248.0; 496.0; -1551.0; -1453.0; -2290.0; -3743.0; 0.0; 0.0; 0.0; -518.0; -4261.0; 707.0; 0.0; 0.0
2010-03-31; 2431.0; 5198.0; 1484.0; 6682.0; -4836.0; 21.0; 0.0; 262.0; -5918.0; 3195.0; 0.0; 0.0; 1472.0; -722.0; -6333.0; -7055.0; 1067.0; -4516.0; 4523.0; -3565.0; 958.0; 0.0; 0.0; 0.0; -1224.0; -266.0; -2267.0; 0.0; 0.0
2009-12-31; -9010.0; 1770.0; 11771.0; 13541.0; 491.0; 1918.0; 0.0; 438.0; 2079.0; 6610.0; 270.0; 0.0; 620.0; -1867.0; -13528.0; -15395.0; 11134.0; -3371.0; 7565.0; -11072.0; -3507.0; 0.0; 0.0; 0.0; -487.0; -3994.0; -557.0; 0.0; 0.0
2009-09-30; -15.0; 10980.0; -5346.0; 5634.0; -736.0; 2506.0; 0.0; -3062.0; -1681.0; 3938.0; -55.0; 0.0; 1803.0; 2047.0; -5607.0; -3560.0; 3427.0; 1615.0; -6548.0; 0.0; -6548.0; 0.0; 0.0; 0.0; -14.0; -6562.0; -845.0; 0.0; 0.0
2009-06-30; 1845.0; 4954.0; -1820.0; 3134.0; 981.0; -3320.0; 0.0; 1105.0; -713.0; 4266.0; -114.0; 0.0; 2151.0; 1404.0; 4407.0; 5811.0; -1746.0; 6102.0; -10240.0; 0.0; -10240.0; 0.0; 0.0; 0.0; 1443.0; -8797.0; 1773.0; 0.0; 0.0
2009-03-31; -5133.0; 4545.0; 8812.0; 13357.0; 1300.0; -111.0; 0.0; -3882.0; -4454.0; 3770.0; -101.0; 0.0; 704.0; -2966.0; 4258.0; 1292.0; -463.0; 1432.0; -5388.0; 0.0; -5388.0; 0.0; 0.0; 0.0; -4256.0; -9644.0; -4613.0; 0.0; 0.0
