Date; Net Income/Loss; Total Depreciation And Amortization - Cash Flow; Other Non-Cash Items; Total Non-Cash Items; Change In Accounts Receivable; Change In Inventories; Change In Accounts Payable; Change In Assets/Liabilities; Total Change In Assets/Liabilities; Cash Flow From Operating Activities; Net Change In Property, Plant, And Equipment; Net Change In Intangible Assets; Net Acquisitions/Divestitures; Net Change In Short-term Investments; Net Change In Long-Term Investments; Net Change In Investments - Total; Investing Activities - Other; Cash Flow From Investing Activities; Net Long-Term Debt; Net Current Debt; Debt Issuance/Retirement Net - Total; Net Common Equity Issued/Repurchased; Net Total Equity Issued/Repurchased; Total Common And Preferred Stock Dividends Paid; Financial Activities - Other; Cash Flow From Financial Activities; Net Cash Flow; Stock-Based Compensation; Common Stock Dividends Paid
2022-09-30; 1608.0; 2588.0; -673.0; 1915.0; -674.0; -16.0; 0.0; 1094.0; 164.0; 3687.0; -247.0; 0.0; -3040.0; 1356.0; -150.0; 1206.0; 0.0; -2081.0; -2785.0; -72.0; -2857.0; -585.0; -585.0; -1154.0; 53.0; -4543.0; -3003.0; 115.0; -1154.0
2022-06-30; 1429.0; 2583.0; -178.0; 2405.0; -669.0; -13.0; 0.0; 329.0; -1573.0; 2261.0; -272.0; 0.0; -275.0; 110.0; 148.0; 258.0; 0.0; -289.0; -2877.0; 88.0; -2789.0; 0.0; 0.0; -1150.0; 419.0; -3520.0; -1619.0; 116.0; -1150.0
2022-03-31; 1283.0; 2584.0; 307.0; 2891.0; 786.0; 1.0; 0.0; -2003.0; -362.0; 3812.0; -253.0; 0.0; -40.0; 386.0; 2.0; 388.0; 0.0; 95.0; 157.0; 42.0; 199.0; -5000.0; -5000.0; -1185.0; 333.0; -5653.0; -1737.0; 107.0; -1185.0
2021-12-31; 2372.0; 2579.0; -985.0; 1594.0; -168.0; -128.0; 0.0; 241.0; -51.0; 4057.0; -320.0; 0.0; 26.0; -1884.0; 2579.0; 695.0; 0.0; 401.0; 0.0; -114.0; -114.0; -2751.0; -2751.0; -1099.0; -3.0; -3967.0; 437.0; 133.0; -1099.0
2021-09-30; 1552.0; 2727.0; 338.0; 3065.0; -260.0; 30.0; 0.0; 1064.0; 649.0; 5266.0; -270.0; 0.0; -869.0; 977.0; -814.0; 163.0; 0.0; -976.0; -500.0; 139.0; -361.0; -525.0; -525.0; -1090.0; 196.0; -1780.0; 2482.0; 142.0; -1090.0
2021-06-30; 1061.0; 2712.0; 703.0; 3415.0; -693.0; 5.0; 0.0; 439.0; -1416.0; 3060.0; -210.0; 0.0; -164.0; 145.0; 409.0; 554.0; 0.0; 180.0; -1000.0; -123.0; -1123.0; -1236.0; -1236.0; -1099.0; 276.0; -3182.0; 76.0; 157.0; -1099.0
2021-03-31; 2029.0; 2668.0; -438.0; 2230.0; 67.0; 106.0; 0.0; -1138.0; -435.0; 3824.0; -173.0; 0.0; 145.0; -520.0; 405.0; -115.0; 0.0; -143.0; -4522.0; -62.0; -4584.0; -1775.0; -1775.0; -1108.0; 172.0; -7295.0; -3652.0; 151.0; -1108.0
2020-12-31; -10027.0; 2690.0; 10873.0; 13563.0; -290.0; 101.0; 0.0; 114.0; -144.0; 3355.0; -283.0; 0.0; -12143.0; 499.0; 115.0; 614.0; 0.0; -11812.0; 5695.0; -3.0; 5692.0; -1465.0; -1465.0; -1021.0; 277.0; 3483.0; -4887.0; 171.0; -1021.0
2020-09-30; 1878.0; 2655.0; -824.0; 1831.0; -159.0; 481.0; 0.0; 1089.0; -1302.0; 2267.0; -153.0; 0.0; -91.0; 29.0; 2.0; 31.0; 0.0; -213.0; -1500.0; -242.0; -1742.0; 0.0; 0.0; -1016.0; 171.0; -2587.0; -502.0; 185.0; -1016.0
2020-06-30; -80.0; 2558.0; 824.0; 3382.0; 546.0; 642.0; 0.0; 229.0; 1150.0; 4493.0; -131.0; 0.0; -246.0; 921.0; 12.0; 933.0; 0.0; 556.0; 0.0; -48.0; -48.0; 0.0; 0.0; -1021.0; 76.0; -993.0; 4116.0; 213.0; -1021.0
2020-03-31; -766.0; 2477.0; 988.0; 3465.0; -743.0; 1448.0; 0.0; -358.0; 1279.0; 3937.0; -186.0; 0.0; 137.0; 659.0; 0.0; 659.0; 0.0; 610.0; 0.0; 26.0; 26.0; -81.0; -81.0; -1017.0; 18.0; -1054.0; 3426.0; 210.0; -1017.0
2019-12-31; -1060.0; 1236.0; 30.0; 1266.0; 318.0; 470.0; 0.0; 121.0; 2001.0; 2181.0; -251.0; 0.0; -11260.0; 1490.0; -2158.0; -668.0; 0.0; -12179.0; -12.0; 16.0; 4.0; -7000.0; -7000.0; -668.0; -13.0; -7677.0; -17669.0; 284.0; -668.0
2019-09-30; 1366.0; 171.0; 83.0; 254.0; 127.0; -35.0; 0.0; 903.0; 922.0; 2556.0; -190.0; 0.0; 1710.0; -3354.0; 2325.0; -1029.0; 0.0; 491.0; 0.0; 31.0; 31.0; -300.0; -300.0; -671.0; -1.0; -941.0; 2085.0; 56.0; -671.0
2019-06-30; 1439.0; 169.0; -148.0; 21.0; 71.0; -7.0; 0.0; 712.0; 637.0; 2083.0; -191.0; 0.0; 163.0; 743.0; 0.0; 743.0; 0.0; 715.0; 18784.0; 157.0; 18941.0; 0.0; 0.0; -671.0; -2.0; 18268.0; 21069.0; 48.0; -671.0
2019-03-31; 1715.0; 170.0; -105.0; 65.0; 236.0; 35.0; 0.0; -917.0; -390.0; 1390.0; -204.0; 0.0; 295.0; 969.0; 0.0; 969.0; 0.0; 1060.0; -1250.0; -73.0; -1323.0; 0.0; 0.0; -669.0; -37.0; -2029.0; 424.0; 53.0; -669.0
2018-12-31; 1158.0; 172.0; 1539.0; 1711.0; -207.0; -64.0; 0.0; 826.0; 686.0; 3555.0; -290.0; 0.0; -855.0; -317.0; 0.0; -317.0; 0.0; -1462.0; 0.0; 74.0; 74.0; 0.0; 0.0; -653.0; 1.0; -578.0; 1503.0; 53.0; -653.0
2018-09-30; 1912.0; 165.0; -453.0; -288.0; -334.0; -30.0; 0.0; 121.0; -345.0; 1279.0; -224.0; 0.0; 319.0; -242.0; 0.0; -242.0; 0.0; -147.0; 0.0; -71.0; -71.0; 0.0; 0.0; -653.0; 4.0; -720.0; 409.0; 62.0; -653.0
2018-06-30; 382.0; 157.0; 58.0; 215.0; -107.0; -118.0; 0.0; 443.0; 460.0; 1057.0; -198.0; 0.0; -626.0; 476.0; 0.0; 476.0; 0.0; -348.0; -5.0; -202.0; -207.0; -153.0; -153.0; -654.0; -1.0; -1015.0; -343.0; 51.0; -654.0
2018-03-31; 1495.0; 143.0; 121.0; 264.0; 219.0; -4.0; 0.0; -672.0; -584.0; 1175.0; -239.0; 0.0; 39.0; 157.0; 0.0; 157.0; 0.0; -43.0; 0.0; -344.0; -344.0; -167.0; -167.0; -653.0; -58.0; -1222.0; -79.0; 55.0; -653.0
2017-12-31; -2329.0; 197.0; 371.0; 568.0; 108.0; -36.0; 0.0; -325.0; 2758.0; 1117.0; -254.0; 0.0; 156.0; 1117.0; 0.0; 1117.0; 0.0; 1019.0; 0.0; -471.0; -471.0; -249.0; -249.0; -639.0; 7.0; -1352.0; 777.0; 50.0; -639.0
2017-09-30; 856.0; 188.0; 541.0; 729.0; -85.0; 65.0; 0.0; 65.0; 128.0; 1713.0; -262.0; 0.0; -216.0; 620.0; 0.0; 620.0; 0.0; 142.0; -750.0; 898.0; 148.0; -220.0; -220.0; -640.0; 6.0; -706.0; 1174.0; 50.0; -640.0
2017-06-30; 922.0; 211.0; 472.0; 683.0; -208.0; 13.0; 0.0; 94.0; -21.0; 1584.0; -248.0; 0.0; -59.0; -717.0; 0.0; -717.0; 0.0; -1024.0; -474.0; 108.0; -366.0; 0.0; 0.0; -643.0; 3.0; -1006.0; -440.0; 54.0; -643.0
2017-03-31; 1526.0; 193.0; -138.0; 55.0; -246.0; -71.0; 0.0; -703.0; -720.0; 861.0; -291.0; 0.0; 129.0; -41.0; 0.0; -41.0; 0.0; -203.0; 1488.0; 192.0; 1680.0; -2000.0; -2000.0; -655.0; -38.0; -1013.0; -327.0; 45.0; -655.0
2016-12-31; 898.0; 122.0; 375.0; 497.0; 93.0; -45.0; 0.0; 60.0; 84.0; 1443.0; -371.0; 0.0; 93.0; 294.0; 0.0; 294.0; 0.0; 16.0; -15.0; 23.0; 8.0; 0.0; 0.0; -635.0; 22.0; -605.0; 805.0; 56.0; -635.0
2016-09-30; 1215.0; 105.0; -241.0; -136.0; -44.0; 4.0; 0.0; 212.0; 325.0; 1404.0; -341.0; 0.0; 146.0; -173.0; 0.0; -173.0; 0.0; -368.0; 0.0; 85.0; 85.0; 0.0; 0.0; -636.0; 5.0; -546.0; 498.0; 48.0; -636.0
2016-06-30; 1188.0; 90.0; -219.0; -129.0; -428.0; -67.0; 0.0; 328.0; -620.0; 439.0; -261.0; 0.0; 305.0; 362.0; 0.0; 362.0; 0.0; 406.0; 0.0; 50.0; 50.0; 0.0; 0.0; -635.0; 33.0; -552.0; 290.0; 54.0; -635.0
2016-03-31; 1206.0; 65.0; -558.0; -493.0; -424.0; -44.0; 0.0; -448.0; -941.0; -228.0; -242.0; 0.0; 431.0; 1237.0; 0.0; 1237.0; 0.0; 1426.0; 0.0; -33.0; -33.0; -231.0; -231.0; -641.0; -45.0; -950.0; 259.0; 47.0; -641.0
2015-12-31; -188.0; 76.0; 173.0; 249.0; -356.0; -134.0; 0.0; 897.0; 823.0; 884.0; -285.0; 0.0; -184.0; -515.0; 0.0; -515.0; 0.0; -984.0; 0.0; -503.0; -503.0; -231.0; -231.0; -618.0; -7.0; -1359.0; -1590.0; 59.0; -618.0
2015-09-30; 730.0; 105.0; -138.0; -33.0; -319.0; 69.0; 0.0; 624.0; -173.0; 524.0; -234.0; 0.0; 342.0; -170.0; 0.0; -170.0; 0.0; -62.0; 0.0; -113.0; -113.0; 30.0; 30.0; -617.0; 0.0; -700.0; -224.0; 63.0; -617.0
2015-06-30; -110.0; 91.0; 943.0; 1034.0; -176.0; 111.0; 0.0; -196.0; -853.0; 71.0; -165.0; 0.0; -764.0; -351.0; 0.0; -351.0; 0.0; -1280.0; -689.0; 427.0; -262.0; 27.0; 27.0; -619.0; -29.0; -883.0; -2095.0; 59.0; -619.0
2015-03-31; 1199.0; 104.0; -145.0; -41.0; -91.0; 51.0; 0.0; -490.0; -532.0; 626.0; -136.0; 0.0; 203.0; 687.0; 0.0; 687.0; 0.0; 754.0; 0.0; -260.0; -260.0; 174.0; 174.0; -623.0; 27.0; -682.0; 723.0; 54.0; -623.0
2014-12-31; 27.0; 103.0; -261.0; -158.0; -278.0; -92.0; 0.0; 529.0; 141.0; 572.0; -191.0; 0.0; 126.0; 416.0; 0.0; 416.0; 0.0; 351.0; 0.0; 199.0; 199.0; 59.0; 59.0; -598.0; 109.0; -231.0; 720.0; 66.0; -598.0
2014-09-30; 732.0; 112.0; 223.0; 335.0; -53.0; -5.0; 0.0; 8.0; 398.0; 903.0; -107.0; 0.0; 241.0; 30.0; 0.0; 30.0; 0.0; 164.0; 0.0; 40.0; 40.0; 29.0; 29.0; -597.0; 0.0; -528.0; 569.0; 48.0; -597.0
2014-06-30; 334.0; 35.0; 503.0; 538.0; -28.0; -13.0; 0.0; 301.0; 184.0; 1056.0; -110.0; 0.0; -56.0; -990.0; -376.0; -1366.0; 21.0; -1511.0; 0.0; 84.0; 84.0; 28.0; 28.0; -598.0; 0.0; -486.0; -943.0; 50.0; -598.0
2014-03-31; 936.0; 217.0; -55.0; 162.0; 107.0; -144.0; 0.0; -217.0; -481.0; 617.0; -118.0; 0.0; 3055.0; -1080.0; 376.0; -704.0; -21.0; 2212.0; -676.0; -79.0; -755.0; 172.0; 172.0; -605.0; -4.0; -1192.0; 1639.0; 49.0; -605.0
2013-12-31; 735.0; 181.0; 299.0; 480.0; 59.0; -37.0; 0.0; 73.0; 204.0; 1410.0; -200.0; 0.0; 1.0; 1404.0; -1520.0; -116.0; 0.0; -315.0; 1477.0; -290.0; 1187.0; 81.0; 81.0; -577.0; 20.0; 711.0; 1815.0; 51.0; -577.0
2013-09-30; 692.0; 180.0; -38.0; 142.0; -159.0; 165.0; 0.0; -55.0; 208.0; 1053.0; -124.0; 0.0; 8.0; -1876.0; 1520.0; -356.0; -3.0; -475.0; -597.0; 567.0; -30.0; -13.0; -13.0; -577.0; 0.0; -620.0; -50.0; 45.0; -577.0
2013-06-30; 530.0; 189.0; -100.0; 89.0; -86.0; -10.0; 0.0; 847.0; 899.0; 1510.0; -98.0; 0.0; 0.0; 155.0; 0.0; 155.0; 0.0; 57.0; 0.0; -630.0; -630.0; 90.0; 90.0; -575.0; 0.0; -1115.0; 466.0; 46.0; -575.0
2013-03-31; 623.0; 213.0; -144.0; 69.0; -318.0; -163.0; 0.0; -660.0; -1117.0; -428.0; -115.0; 0.0; 0.0; 273.0; 0.0; 273.0; 3.0; 161.0; 12.0; 551.0; 563.0; -27.0; -27.0; -580.0; 0.0; -44.0; -301.0; 49.0; -580.0
2012-12-31; 924.0; 491.0; -419.0; 72.0; 5.0; 32.0; 0.0; -133.0; -139.0; 836.0; -175.0; 0.0; 52.0; -4490.0; 4890.0; 400.0; 0.0; 277.0; 0.0; 29.0; 29.0; -426.0; -426.0; -561.0; 0.0; -958.0; 153.0; 46.0; -561.0
2012-09-30; -713.0; 195.0; 4611.0; 4806.0; 99.0; 35.0; 0.0; 441.0; 483.0; 4584.0; -137.0; 0.0; -5038.0; 972.0; 0.0; 972.0; 0.0; -4203.0; -49.0; -101.0; -150.0; -968.0; -968.0; -571.0; 0.0; -1689.0; -1298.0; 26.0; -571.0
2012-06-30; 808.0; 148.0; -57.0; 91.0; 652.0; -102.0; 0.0; -161.0; 232.0; 1134.0; -113.0; 0.0; 3.0; 2526.0; -2190.0; 336.0; 0.0; 226.0; 0.0; 91.0; 91.0; -366.0; -366.0; -575.0; 0.0; -850.0; 494.0; 40.0; -575.0
2012-03-31; 1482.0; 139.0; -37.0; 102.0; -108.0; -68.0; 0.0; -1041.0; -1207.0; 387.0; -123.0; 0.0; -2479.0; -2615.0; 2190.0; -425.0; 0.0; -3027.0; -109.0; 30.0; -79.0; -180.0; -180.0; -579.0; 2.0; -836.0; -3469.0; 42.0; -579.0
2011-12-31; 1231.0; 146.0; -343.0; -197.0; -68.0; -43.0; 593.0; 395.0; 454.0; 1568.0; -281.0; 0.0; 99.0; 677.0; 0.0; 677.0; 0.0; 495.0; 0.0; -68.0; -68.0; -126.0; -126.0; -560.0; 0.0; -754.0; 1305.0; 41.0; -560.0
2011-09-30; 1355.0; 86.0; -191.0; -105.0; 176.0; 96.0; 0.0; -239.0; 27.0; 1698.0; -59.0; 0.0; -310.0; 206.0; 0.0; 206.0; 0.0; -163.0; 0.0; -3.0; -3.0; -344.0; -344.0; -564.0; 207.0; -704.0; 806.0; 39.0; -564.0
2011-06-30; 1307.0; 206.0; -409.0; -203.0; -237.0; -162.0; 0.0; 70.0; -26.0; 1093.0; 48.0; 0.0; -114.0; -266.0; 0.0; -266.0; 0.0; -332.0; -24.0; 52.0; 28.0; -55.0; -55.0; -565.0; 85.0; -507.0; 260.0; 43.0; -565.0
2011-03-31; 1367.0; 190.0; -151.0; 39.0; -91.0; -84.0; 0.0; -168.0; -351.0; 481.0; -75.0; 0.0; 114.0; -1476.0; 0.0; -1476.0; 0.0; -1437.0; -54.0; 18.0; -36.0; -95.0; -95.0; -565.0; 4.0; -692.0; -1628.0; 38.0; -565.0
2010-12-31; 842.0; 61.0; 68.0; 129.0; -148.0; 193.0; 315.0; 5.0; 239.0; 1595.0; -125.0; 0.0; -819.0; -2120.0; 585.0; -1535.0; 0.0; -2479.0; -894.0; -87.0; -981.0; -182.0; -182.0; -549.0; 48.0; -1664.0; -2548.0; 50.0; -549.0
2010-09-30; 1302.0; 168.0; -315.0; -147.0; -68.0; -49.0; 0.0; -8.0; -94.0; 1383.0; -124.0; 0.0; 57.0; -116.0; 1131.0; 1015.0; 0.0; 948.0; -42.0; -7.0; -49.0; -99.0; -99.0; -550.0; 0.0; -698.0; 1663.0; 47.0; -550.0
2010-06-30; 1268.0; 191.0; -290.0; -99.0; 255.0; -13.0; 0.0; -26.0; 62.0; 1049.0; -46.0; 0.0; -37.0; -707.0; 1028.0; 321.0; 0.0; 238.0; 6.0; 78.0; 84.0; -125.0; -125.0; -552.0; 98.0; -495.0; 783.0; 49.0; -552.0
2010-03-31; 1101.0; 187.0; -31.0; 156.0; -309.0; 25.0; 0.0; 35.0; -236.0; 464.0; -129.0; 0.0; 37.0; -2880.0; 453.0; -2427.0; 0.0; -2519.0; 0.0; -17.0; -17.0; 82.0; 82.0; -551.0; 0.0; -486.0; -2548.0; 47.0; -551.0
2009-12-31; 8353.0; 182.0; -7820.0; -7638.0; 150.0; 81.0; 0.0; 1084.0; 1561.0; 1344.0; 361.0; 0.0; -130.0; -1171.0; 474.0; -697.0; -561.0; -1027.0; 1603.0; -25.0; 1578.0; 42.0; 42.0; -626.0; 0.0; 994.0; 1316.0; 53.0; -626.0
2009-09-30; 1290.0; 181.0; -250.0; -69.0; 13.0; 11.0; 0.0; -1024.0; -1043.0; 1473.0; -273.0; 0.0; -2102.0; -405.0; 791.0; 386.0; 0.0; -1989.0; -65.0; 29.0; -36.0; 3.0; 3.0; -626.0; 3.0; -656.0; -1140.0; 42.0; -626.0
2009-06-30; 1298.0; 177.0; -219.0; -42.0; -17.0; 8.0; 0.0; 49.0; 90.0; 796.0; -125.0; 0.0; 0.0; -1043.0; 730.0; -313.0; 0.0; -438.0; -67.0; -32.0; -99.0; 0.0; 0.0; -615.0; 4.0; -710.0; -325.0; 45.0; -615.0
2009-03-31; 921.0; 167.0; -257.0; -90.0; 81.0; -18.0; 0.0; 26.0; 366.0; 452.0; -136.0; 0.0; 0.0; -870.0; 80.0; -790.0; 0.0; -926.0; 0.0; 2.0; 2.0; 782.0; 782.0; -616.0; 187.0; 355.0; -144.0; 43.0; -616.0
