Date; Net Income/Loss; Total Depreciation And Amortization - Cash Flow; Other Non-Cash Items; Total Non-Cash Items; Change In Accounts Receivable; Change In Inventories; Change In Accounts Payable; Change In Assets/Liabilities; Total Change In Assets/Liabilities; Cash Flow From Operating Activities; Net Change In Property, Plant, And Equipment; Net Change In Intangible Assets; Net Acquisitions/Divestitures; Net Change In Short-term Investments; Net Change In Long-Term Investments; Net Change In Investments - Total; Investing Activities - Other; Cash Flow From Investing Activities; Net Long-Term Debt; Net Current Debt; Debt Issuance/Retirement Net - Total; Net Common Equity Issued/Repurchased; Net Total Equity Issued/Repurchased; Total Common And Preferred Stock Dividends Paid; Financial Activities - Other; Cash Flow From Financial Activities; Net Cash Flow; Stock-Based Compensation; Common Stock Dividends Paid
2022-09-30; 420.66; 191.11; -231.66; -40.55; -6.03; 0.0; 0.0; -95.18; -84.34; 295.76; -293.07; 0.0; 0.0; -0.15; 0.0; -0.15; -39.82; -333.05; 0.0; 175.0; 175.0; 0.01; 0.01; -171.53; -20.15; -16.68; -53.96; 8.01; -171.53
2022-06-30; 267.24; 184.02; -73.08; 110.94; -7.47; 0.0; 0.0; 7.3; 18.97; 397.15; -818.32; 0.0; 0.0; -0.14; 0.0; -0.14; -10.38; -828.84; 730.0; -90.0; 640.0; -0.03; -0.03; -171.46; -16.31; 452.19; 20.51; 14.96; -171.46
2022-03-31; 176.96; 178.15; 10.72; 188.87; 17.64; 0.0; 0.0; -128.24; -146.34; 219.49; -150.47; 0.0; 0.0; 5.34; 0.0; 5.34; -6.2; -151.34; 0.0; 110.0; 110.0; -0.33; -0.33; -170.49; -26.15; -86.97; -18.82; 21.23; -170.49
2021-12-31; 223.28; 177.83; -58.36; 119.47; -8.92; 0.0; 0.0; 11.21; 3.62; 346.37; -48.7; 0.0; 0.0; -0.23; 0.0; -0.23; 7.34; -41.59; -615.44; 145.0; -470.44; 4.19; 4.19; -170.37; -248.92; -885.54; -580.76; 7.76; -170.37
2021-09-30; 139.25; 179.66; 23.7; 203.36; -3.37; 0.0; 0.0; -112.87; -116.23; 226.38; -359.1; 0.0; 0.0; -0.23; 0.0; -0.23; -75.43; -434.76; 846.32; 0.0; 846.32; 0.45; 0.45; -170.26; -23.48; 653.01; 444.64; 8.73; -170.26
2021-06-30; 141.25; 184.54; 21.55; 206.09; -8.91; 0.0; 0.0; 11.6; 61.08; 408.41; -317.99; 0.0; 0.0; -0.2; 0.0; -0.2; -3.15; -321.34; -3.3; 0.0; -3.3; -0.06; -200.06; -171.55; -24.06; -398.98; -311.9; 14.28; -171.55
2021-03-31; 128.15; 178.83; 17.64; 196.47; 26.02; 0.0; 0.0; -148.03; -172.55; 152.06; -245.41; 0.0; 0.0; 2.11; 0.0; 2.11; 1.03; -242.27; -502.74; 0.0; -502.74; 19.64; 19.64; -171.57; -25.27; -679.94; -770.15; 20.09; -171.57
2020-12-31; 24.91; 168.58; 93.58; 262.16; 4.01; 0.0; 0.0; 78.26; 87.35; 374.42; -217.59; 0.0; 0.0; -0.23; 0.0; -0.23; -7.49; -225.31; -4.37; 0.0; -4.37; 0.0; 0.0; -172.33; -17.86; -194.57; -45.46; 7.99; -172.33
2020-09-30; 118.06; 167.0; 29.81; 196.8; 0.03; 0.0; 0.0; -109.04; -86.71; 228.15; -216.16; 0.0; 0.0; -0.23; 0.0; -0.23; -51.5; -267.89; -4.32; 0.0; -4.32; 0.09; 0.09; -172.33; -10.57; -187.13; -226.87; 8.25; -172.33
2020-06-30; 298.58; 178.73; -185.99; -7.26; 0.73; 0.0; 0.0; 46.02; 87.75; 379.07; -74.98; 0.0; 0.0; -0.2; 0.0; -0.2; 28.44; -46.73; 1243.86; -250.0; 993.86; -0.17; -0.17; -172.28; -20.69; 800.73; 1133.08; 10.37; -172.28
2020-03-31; 577.15; 171.68; -375.26; -203.59; 17.78; 0.0; 0.0; -159.91; -198.36; 175.2; 13.0; 0.0; 0.0; 3.2; 0.0; 3.2; -90.0; -73.79; -4.21; 250.0; 245.79; 3.35; 3.35; -171.96; -11.88; 65.29; 166.69; 17.52; -171.96
2019-12-31; 176.01; 170.49; 14.1; 184.58; -4.2; 0.0; 0.0; 17.86; 0.78; 361.37; -260.08; 0.0; 0.0; -0.2; 0.0; -0.2; -18.35; -278.62; -30.66; 0.0; -30.66; 11.15; 11.15; -166.67; -9.45; -195.63; -112.88; 7.71; -166.67
2019-09-30; 141.37; 166.47; 54.19; 220.66; -9.16; 0.0; 0.0; -107.66; -107.84; 254.19; -394.77; 0.0; 0.0; -0.86; 0.0; -0.86; -12.89; -408.51; -5.24; 0.0; -5.24; 0.3; 0.3; -166.67; -32.23; -203.83; -358.16; 7.81; -166.67
2019-06-30; 203.46; 178.02; -33.73; 144.29; 2.49; 0.0; 0.0; -9.15; 10.62; 358.37; -186.17; 0.0; 0.0; -0.19; 0.0; -0.19; 81.93; -104.44; 844.21; 0.0; 844.21; 0.47; 0.47; -166.6; -201.39; 476.69; 730.63; 10.39; -166.6
2019-03-31; 131.16; 165.2; 44.91; 210.11; -14.0; 0.0; 0.0; -120.13; -134.03; 207.23; -195.63; 0.0; 0.0; -0.89; 0.0; -0.89; -27.0; -223.51; -6.12; 0.0; -6.12; 1.79; 1.79; -166.36; -19.93; -190.61; -206.89; 15.05; -166.36
2018-12-31; 185.24; 165.44; -17.46; 147.98; 27.63; 0.0; 0.0; 27.39; 46.4; 379.62; -13.96; 0.0; 0.0; -0.14; 0.0; -0.14; -64.71; -78.81; 291.58; -170.0; 121.58; -0.4; -0.4; -166.36; -40.22; -85.4; 215.41; 8.42; -166.36
2018-09-30; 150.44; 158.0; 11.47; 169.47; -31.43; 0.0; 0.0; -90.81; -110.13; 209.78; -205.2; 0.0; 0.0; -0.24; 0.0; -0.24; -328.82; -534.27; -5.49; 170.0; 164.51; 0.35; 0.35; -140.51; -3.15; 21.21; -303.28; 8.46; -140.51
2018-06-30; 160.56; 156.42; -4.97; 151.45; 10.22; 0.0; 0.0; 8.22; 23.06; 335.07; -285.38; 0.0; 0.0; -0.2; 0.0; -0.2; -16.43; -302.01; 496.14; -115.0; 381.14; 0.04; 0.04; -140.47; -1.84; 238.88; 271.93; 8.47; -140.47
2018-03-31; 216.31; 165.8; -75.81; 89.98; 22.79; 0.0; 0.0; -101.79; -80.52; 225.78; -134.65; 0.0; 0.0; -0.32; 0.0; -0.32; -48.82; -183.79; -5.34; 70.0; 64.66; -0.72; -0.72; -140.29; -15.88; -92.23; -50.24; 14.77; -140.29
2017-12-31; 132.2; 154.26; 37.63; 191.88; -10.1; 0.0; 0.0; 26.09; 2.93; 327.01; -268.79; 0.0; 0.0; -0.22; 0.0; -0.22; -19.14; -288.15; -3.88; 45.0; 41.12; 0.0; 0.0; -131.68; -19.77; -110.33; -71.47; 8.1; -131.68
2017-09-30; 147.7; 152.16; 14.31; 166.48; 10.49; 0.0; 0.0; -128.92; -94.03; 220.16; -248.58; 0.0; 0.0; -0.26; 0.0; -0.26; 202.62; -46.22; -5.1; 0.0; -5.1; 0.42; 0.42; -131.68; -0.53; -136.88; 37.05; 8.02; -131.68
2017-06-30; 167.01; 151.92; -16.73; 135.19; -16.99; 0.0; 0.0; 7.59; -177.24; 124.96; -256.11; 0.0; 0.0; -0.23; 0.0; -0.23; -23.51; -279.86; 619.38; -105.0; 514.38; 0.0; 0.0; -131.67; -42.22; 340.5; 185.6; 8.44; -131.67
2017-03-31; 115.56; 159.21; 0.68; 159.88; 19.02; 0.0; 0.0; -61.09; -35.59; 239.85; -248.88; 0.0; 0.0; -0.96; 0.0; -0.96; -17.98; -267.82; -5.06; 105.0; 99.94; -0.18; -0.18; -131.56; -6.14; -37.93; -65.91; 10.8; -131.56
2016-12-31; 164.89; 178.03; -49.25; 128.78; -18.45; 0.0; 0.0; 7.42; -2.91; 290.76; -149.32; 0.0; 0.0; -0.23; 0.0; -0.23; -83.41; -232.96; -4.33; 0.0; -4.33; -0.0; -0.0; -114.36; -12.13; -130.82; -73.03; 7.62; -114.36
2016-09-30; 71.5; 203.75; -13.44; 190.31; 8.17; 0.0; 0.0; -130.42; -102.18; 159.63; -305.85; 0.0; 0.0; -0.27; 0.0; -0.27; -372.67; -678.79; -108.04; 0.0; -108.04; 0.4; 0.4; -114.36; -19.56; -241.56; -760.72; 7.64; -114.36
2016-06-30; 117.36; 153.18; -3.65; 149.53; -11.05; 0.0; 0.0; -35.7; -31.72; 235.17; -177.48; 0.0; 0.0; -0.22; -104.7; -104.92; -33.84; -316.24; -216.27; 0.0; -216.27; -0.01; -0.01; -114.33; -13.96; -344.57; -425.63; 7.58; -114.33
2016-03-31; 216.22; 159.45; -59.02; 100.42; 25.02; 0.0; 0.0; -18.67; 32.33; 348.98; -203.89; 0.0; 0.0; -0.44; 104.7; 104.26; -9.73; -109.36; 990.82; 0.0; 990.82; -0.66; -0.66; -328.57; -19.25; 642.34; 881.96; 10.07; -328.57
2015-12-31; 166.74; 164.46; -63.31; 101.15; -26.48; 0.0; 0.0; -36.98; -77.36; 190.53; 204.44; 0.0; 0.0; -667.58; 0.0; -667.58; -215.89; -679.03; -35.02; 0.0; -35.02; 0.0; 0.0; -114.18; -25.59; -174.79; -663.29; 6.36; -114.18
2015-09-30; 323.27; 153.01; -204.52; -51.5; -11.26; 0.0; 0.0; -120.11; -105.97; 165.8; -174.65; 0.0; 0.0; -0.21; 0.0; -0.21; 394.49; 219.64; -7.23; 0.0; -7.23; 0.47; 0.47; -114.18; -220.24; -341.18; 44.26; 6.34; -114.18
2015-06-30; 100.74; 167.84; -4.13; 163.71; -7.42; 0.0; 0.0; -6.88; -22.82; 241.63; 54.2; 0.0; 0.0; -0.24; 0.0; -0.24; 122.48; 176.44; -5.88; 0.0; -5.88; 0.48; -0.16; -114.16; -19.52; -139.72; 278.36; 5.47; -114.16
2015-03-31; 209.17; 154.22; -108.83; 45.39; -1.17; 0.0; 0.0; -69.5; -53.11; 201.45; -113.39; 0.0; 0.0; -0.88; 0.0; -0.88; 117.0; 2.73; -7.02; 0.0; -7.02; -0.14; -0.14; -883.68; -12.0; -902.85; -698.68; 11.01; -883.68
2014-12-31; 211.43; 162.43; -132.13; 30.3; -3.38; 0.0; 0.0; 6.29; -15.85; 225.88; 260.36; 0.0; 0.0; -0.24; 0.0; -0.24; -436.99; -176.87; -553.74; 0.0; -553.74; 0.39; -1.0; -113.95; 1536.1; 867.41; 916.41; 5.39; -113.95
2014-09-30; 150.97; 157.25; -49.91; 107.34; 8.14; 0.0; 0.0; -140.64; -97.63; 160.68; -141.76; 0.0; 0.0; -0.2; 0.0; -0.2; 0.28; -141.69; -69.82; 0.0; -69.82; 0.37; -15.62; -113.7; -9.77; -208.91; -189.91; 5.81; -113.7
2014-06-30; 95.9; 154.63; -6.7; 147.93; -13.54; 0.0; 0.0; -16.89; -59.05; 184.78; -151.74; 0.0; 0.0; -0.24; 0.0; -0.24; -47.52; -199.5; -5.58; 0.0; -5.58; 1.69; 1.69; -116.28; -8.11; -128.28; -143.0; 6.52; -116.28
2014-03-31; 67.76; 154.27; -91.95; 62.32; 21.65; 0.0; 0.0; -39.94; -5.87; 124.21; -146.09; 0.0; 0.0; -1.1; 0.0; -1.1; 0.11; -147.07; -661.15; 0.0; -661.15; -0.53; -0.53; -496.33; -4.69; -1162.7; -1185.56; 10.38; -496.33
2013-12-31; 106.31; 155.41; -47.61; 107.8; -4.07; 0.0; 0.0; 27.32; 13.39; 227.5; -81.77; 0.0; 0.0; -0.23; 0.0; -0.23; 2.79; -79.19; 16.44; 0.0; 16.44; 0.01; 0.01; -113.68; 672.78; 575.55; 723.86; 6.15; -113.68
2013-09-30; 170.44; 154.19; -80.85; 73.35; 10.65; 0.0; 0.0; -79.69; -28.2; 215.58; -22.83; 0.0; 0.0; -0.2; 0.0; -0.2; 21.89; -1.14; -16.89; 0.0; -16.89; 0.35; -43.02; -113.99; -8.0; -181.9; 32.54; 6.54; -113.99
2013-06-30; 506.76; 134.6; -464.55; -329.95; -17.71; 0.0; 0.0; -36.13; -79.4; 97.41; -312.16; 0.0; 0.0; -0.22; 0.0; -0.22; 293.07; -19.31; 745.11; 0.0; 745.11; -0.14; -0.59; -112.51; -10.75; 621.26; 699.36; 6.68; -112.51
2013-03-31; 57.93; 121.19; 31.17; 152.37; 10.69; 0.0; 0.0; -12.54; 27.13; 237.43; -432.14; 0.0; 0.0; -0.92; 0.0; -0.92; 0.07; -432.99; -23.69; 0.0; -23.69; -0.56; 193.81; -110.94; 3.77; 62.96; -132.6; 25.78; -110.94
2012-12-31; 76.61; 120.55; 22.04; 142.59; -5.53; 0.0; 0.0; -5.14; -39.93; 179.26; -267.1; 0.0; 0.0; -0.19; 0.0; -0.19; 9.37; -257.92; -4.83; 0.0; -4.83; -0.15; -0.15; -93.91; -3.69; -102.58; -181.24; 4.82; -93.91
2012-09-30; 65.52; 111.55; 20.09; 131.65; -1.44; 0.0; 0.0; -106.23; -64.56; 132.61; -198.7; 0.0; 0.0; -1.04; 0.0; -1.04; -13.96; -213.7; -253.44; 0.0; -253.44; -0.76; -19.09; -93.72; -1.44; -367.69; -448.78; 6.75; -93.72
2012-06-30; 134.17; 112.08; -30.14; 81.93; 7.43; 0.0; 0.0; -22.04; -54.29; 161.82; -47.76; 0.0; 0.0; 0.84; 0.0; 0.84; 0.61; -46.3; 928.44; 0.0; 928.44; 138.22; 138.22; -92.96; -8.42; 965.29; 1080.8; 6.75; -92.96
2012-03-31; 55.84; 109.86; -50.02; 59.84; 22.69; 0.0; 0.0; -2.16; 53.58; 169.26; -758.54; 0.0; 0.0; -0.84; 0.0; -0.84; -0.72; -760.11; -657.95; 0.0; -657.95; 109.94; 109.94; -92.31; -0.84; -641.16; -1232.01; 11.36; -92.31
2011-12-31; 115.44; 109.18; -29.31; 79.87; -32.49; 0.0; 0.0; 19.78; -31.84; 163.47; -195.83; 0.0; 0.0; -0.2; 0.0; -0.2; 136.34; -59.69; 747.67; 0.0; 747.67; 0.11; 0.11; -84.0; -7.37; 656.41; 760.18; 5.97; -84.0
2011-09-30; 80.45; 109.5; 19.25; 128.75; -3.25; 0.0; 0.0; -85.87; -56.44; 152.76; -106.45; 0.0; 0.0; -1.06; 267.5; 266.44; -0.29; 159.7; -2.43; 0.0; -2.43; 45.07; 45.07; -83.77; 11.12; -30.02; 282.44; 5.94; -83.77
2011-06-30; 69.74; 111.08; 20.38; 131.46; 10.27; 0.0; 0.0; -36.93; -43.38; 157.82; -47.05; 0.0; 0.0; 0.69; 0.0; 0.69; -22.72; -69.08; -6.56; 0.0; -6.56; 55.03; 55.03; -83.39; -20.54; -55.46; 33.28; 5.91; -83.39
2011-03-31; 48.19; 109.43; 24.6; 134.03; 6.07; 0.0; 0.0; -72.62; -49.94; 132.28; -129.1; 0.0; 0.0; -0.69; 0.0; -0.69; 8.77; -121.03; -8.78; 0.0; -8.78; 348.5; 348.5; -81.44; -1.18; 257.1; 268.36; 11.86; -81.44
2010-12-31; -12.76; 92.76; 16.8; 109.56; -8.04; 0.0; 0.0; -21.25; -53.76; 43.04; -406.8; 0.0; 0.0; -0.14; -267.5; -267.64; 288.87; -385.57; -331.69; 0.0; -331.69; 0.66; 0.66; -81.43; -36.14; -448.6; -791.13; 6.13; -81.43
2010-09-30; 68.09; 81.13; 12.2; 93.34; -7.63; 0.0; 0.0; -39.32; -39.08; 122.35; -191.82; 0.0; 0.0; 2.29; 0.0; 2.29; -300.6; -490.14; 2.16; 0.0; 2.16; 15.88; 15.88; -81.21; -2.41; -65.58; -433.37; 6.38; -81.21
2010-06-30; 72.49; 81.4; 12.84; 94.24; 10.81; 0.0; 0.0; -27.59; -16.32; 150.41; -132.49; 0.0; 0.0; -2.55; 0.0; -2.55; 2.42; -132.62; 547.31; 0.0; 547.31; 5.21; 5.21; -81.09; -6.15; 465.27; 483.06; 6.33; -81.09
2010-03-31; 62.51; 83.08; 10.93; 94.0; -0.27; 0.0; 0.0; -65.74; -96.42; 60.09; -119.41; 0.0; 0.0; 2.55; 0.0; 2.55; -36.09; -152.95; -55.09; 0.0; -55.09; 0.85; 0.85; -80.95; -0.5; -135.69; -228.54; 14.01; -80.95
2009-12-31; 62.75; 79.12; 22.1; 101.23; -16.03; 0.0; 0.0; -11.06; 5.49; 169.46; -118.64; 0.0; 0.0; 4.08; 0.0; 4.08; -3.75; -118.32; 699.32; 0.0; 699.32; -846.83; -846.83; -77.4; 840.59; 615.68; 666.83; 6.5; -77.4
2009-09-30; 77.65; 78.18; 12.56; 90.75; 12.16; 0.0; 0.0; -34.03; -37.42; 130.98; -127.7; 0.0; 0.0; 0.0; 0.0; 0.0; -1.62; -129.32; 39.9; 0.0; 39.9; 3.23; 3.23; -84.24; 2.32; -38.8; -37.14; 6.48; -84.24
2009-06-30; 80.07; 87.0; 15.22; 102.23; -1.83; 0.0; 0.0; 2.56; 24.5; 206.8; -105.14; 0.0; 0.0; 0.0; 0.0; 0.0; -0.92; -106.05; -66.08; -100.0; -166.08; 843.08; 843.08; -98.04; -4.26; 574.71; 675.46; 6.56; -98.04
2009-03-31; 54.03; 77.37; 43.01; 120.38; 7.54; 0.0; 0.0; -54.79; -64.28; 110.14; -91.37; 0.0; 0.0; 0.0; 0.0; 0.0; -1.55; -92.91; 9.06; -25.0; -15.94; 0.52; 0.52; -97.65; -1.88; -114.94; -97.72; 7.09; -97.65
