Date; Net Income/Loss; Total Depreciation And Amortization - Cash Flow; Other Non-Cash Items; Total Non-Cash Items; Change In Accounts Receivable; Change In Inventories; Change In Accounts Payable; Change In Assets/Liabilities; Total Change In Assets/Liabilities; Cash Flow From Operating Activities; Net Change In Property, Plant, And Equipment; Net Change In Intangible Assets; Net Acquisitions/Divestitures; Net Change In Short-term Investments; Net Change In Long-Term Investments; Net Change In Investments - Total; Investing Activities - Other; Cash Flow From Investing Activities; Net Long-Term Debt; Net Current Debt; Debt Issuance/Retirement Net - Total; Net Common Equity Issued/Repurchased; Net Total Equity Issued/Repurchased; Total Common And Preferred Stock Dividends Paid; Financial Activities - Other; Cash Flow From Financial Activities; Net Cash Flow; Stock-Based Compensation; Common Stock Dividends Paid
2022-09-30; 11238.0; 4201.0; -1949.0; 2252.0; 0.0; 0.0; 0.0; 1777.0; 1777.0; 15267.0; -2995.0; 0.0; 0.0; 83.0; 0.0; 83.0; 145.0; -2767.0; -2760.0; 242.0; -2518.0; -3697.0; -3697.0; -2810.0; 0.0; -9025.0; 3341.0; 0.0; -2810.0
2022-06-30; 11715.0; 3700.0; -2063.0; 1637.0; 0.0; 0.0; 0.0; 430.0; 430.0; 13782.0; -3184.0; 0.0; -2862.0; -1.0; 0.0; -1.0; 1083.0; -4964.0; -3627.0; -25.0; -3652.0; -1689.0; -1689.0; -2797.0; 0.0; -8138.0; 550.0; 0.0; -2797.0
2022-03-31; 6277.0; 3654.0; -994.0; 2660.0; 0.0; 0.0; 0.0; -882.0; -882.0; 8055.0; -1960.0; 0.0; 0.0; 0.0; 0.0; 0.0; 1295.0; -665.0; -2062.0; 61.0; -2001.0; 3386.0; 3386.0; -2751.0; 0.0; -1366.0; 6011.0; 0.0; -2751.0
2021-12-31; 5082.0; 4813.0; -495.0; 4318.0; -7548.0; -530.0; 0.0; 1438.0; 58.0; 9458.0; -2606.0; 0.0; 0.0; 0.0; 0.0; 0.0; 1217.0; -1389.0; -4059.0; -1945.0; -6004.0; 283.0; 283.0; -2569.0; 0.0; -8290.0; -230.0; 0.0; -2569.0
2021-09-30; 6115.0; 4304.0; -1371.0; 2933.0; 0.0; 0.0; 0.0; -469.0; -469.0; 8579.0; -1907.0; 0.0; 0.0; -1.0; 0.0; -1.0; 567.0; -1341.0; -53.0; -5575.0; -5628.0; -618.0; -618.0; -2579.0; 0.0; -8825.0; -1663.0; 0.0; -2579.0
2021-06-30; 3094.0; 4522.0; -1076.0; 3446.0; 0.0; 0.0; 0.0; 414.0; 414.0; 6954.0; -1797.0; 0.0; 0.0; 0.0; 0.0; 0.0; 225.0; -1572.0; -3174.0; 711.0; -2463.0; 106.0; 106.0; -2588.0; 0.0; -4945.0; 424.0; 0.0; -2588.0
2021-03-31; 1398.0; 4286.0; -1017.0; 3269.0; 0.0; 0.0; 0.0; -471.0; -471.0; 4196.0; -1746.0; 0.0; 0.0; 0.0; 0.0; 0.0; 183.0; -1563.0; -78.0; 1237.0; 1159.0; 267.0; 267.0; -2479.0; 0.0; -1053.0; 1527.0; 0.0; -2479.0
2020-12-31; -656.0; 4486.0; -494.0; 3992.0; 2423.0; 284.0; 0.0; 467.0; -1098.0; 2238.0; -2067.0; 0.0; 0.0; 0.0; 0.0; 0.0; 1377.0; -690.0; -1477.0; 1257.0; -220.0; 14.0; 14.0; -2479.0; 0.0; -2685.0; -1054.0; 0.0; -2479.0
2020-09-30; -209.0; 4017.0; -841.0; 3176.0; 0.0; 0.0; 0.0; 570.0; 570.0; 3537.0; -1630.0; 0.0; 0.0; 36.0; 0.0; 36.0; -233.0; -1827.0; 3866.0; -3177.0; 689.0; 5.0; 5.0; -2390.0; 0.0; -1696.0; 12.0; 0.0; -2390.0
2020-06-30; -8277.0; 6717.0; 801.0; 7518.0; 0.0; 0.0; 0.0; 839.0; 839.0; 80.0; -2092.0; 0.0; 0.0; -1.0; 0.0; -1.0; 803.0; -1290.0; 7239.0; -5596.0; 1643.0; 23.0; 23.0; -2399.0; 0.0; -733.0; -1911.0; 0.0; -2399.0
2020-03-31; 3581.0; 4288.0; -1373.0; 2915.0; 0.0; 0.0; 0.0; -1774.0; -1774.0; 4722.0; -3133.0; 0.0; 0.0; 0.0; 0.0; 0.0; -25.0; -3158.0; -2809.0; 8167.0; 5358.0; -1573.0; -1573.0; -2407.0; 0.0; 1378.0; 2779.0; 0.0; -2407.0
2019-12-31; -6667.0; 16429.0; -4294.0; 12135.0; 1852.0; 7.0; 0.0; -1628.0; 189.0; 5657.0; -4210.0; 0.0; 0.0; 0.0; 0.0; 0.0; 1588.0; -2622.0; -1157.0; -4794.0; -5951.0; -1090.0; -1090.0; -2230.0; 0.0; -9271.0; -5909.0; 0.0; -2230.0
2019-09-30; 2580.0; 4361.0; -515.0; 3846.0; 0.0; 0.0; 0.0; 1391.0; 1391.0; 7817.0; -3369.0; 0.0; 0.0; 0.0; 0.0; 0.0; -199.0; -3568.0; -5.0; 2162.0; 2157.0; -1005.0; -1005.0; -2245.0; 0.0; -1093.0; 3129.0; 0.0; -2245.0
2019-06-30; 4290.0; 4334.0; -1056.0; 3278.0; 0.0; 0.0; 0.0; 1215.0; 1215.0; 8783.0; -3584.0; 0.0; 0.0; 0.0; 0.0; 0.0; 344.0; -3240.0; -1357.0; -1125.0; -2482.0; -825.0; -825.0; -2252.0; 0.0; -5559.0; -4.0; 0.0; -2252.0
2019-03-31; 2642.0; 4094.0; -459.0; 3635.0; 0.0; 0.0; 0.0; -1220.0; -1220.0; 5057.0; -2953.0; 0.0; 0.0; 952.0; 0.0; 952.0; -27.0; -2028.0; -2506.0; 936.0; -1570.0; -15.0; -15.0; -2250.0; 0.0; -3835.0; -786.0; 0.0; -2250.0
2018-12-31; 3723.0; 5252.0; -1079.0; 4173.0; 2178.0; 325.0; 0.0; 252.0; 1255.0; 9151.0; -3991.0; 0.0; 0.0; -950.0; 0.0; -950.0; 309.0; -4632.0; -1513.0; -178.0; -1691.0; -941.0; -941.0; -2124.0; 0.0; -4756.0; -260.0; 0.0; -2124.0
2018-09-30; 4056.0; 5380.0; -554.0; 4826.0; -362.0; 326.0; 0.0; 405.0; 687.0; 9569.0; -3578.0; 0.0; 0.0; -2.0; 0.0; -2.0; 1353.0; -2227.0; 58.0; -2502.0; -2444.0; -671.0; -671.0; -2161.0; 0.0; -5276.0; 2043.0; 0.0; -2161.0
2018-06-30; 3422.0; 4498.0; -1073.0; 3425.0; -1044.0; -532.0; 0.0; 366.0; 8.0; 6855.0; -3226.0; 0.0; 0.0; -20.0; 0.0; -20.0; 704.0; -2542.0; -2810.0; 1487.0; -1323.0; 442.0; 442.0; -2173.0; 0.0; -3054.0; 1181.0; 0.0; -2173.0
2018-03-31; 3659.0; 4289.0; -668.0; 3621.0; -335.0; -543.0; 0.0; -741.0; -2237.0; 5043.0; -2997.0; 0.0; 0.0; -29.0; 0.0; -29.0; 137.0; -2889.0; -2258.0; 3214.0; 956.0; 566.0; 566.0; -2135.0; 0.0; -613.0; 1574.0; 0.0; -2135.0
2017-12-31; 3118.0; 4735.0; -3002.0; 1733.0; -1180.0; 169.0; 0.0; 112.0; 1242.0; 6093.0; -3641.0; 0.0; 0.0; 4.0; 0.0; 4.0; 351.0; -3286.0; -5282.0; 2043.0; -3239.0; -649.0; 468.0; -2051.0; 0.0; -4822.0; -2012.0; 0.0; -2051.0
2017-09-30; 1986.0; 5109.0; -1653.0; 3456.0; -662.0; 268.0; 0.0; -824.0; 55.0; 5497.0; -3224.0; 0.0; 0.0; 0.0; 0.0; 0.0; 2291.0; -933.0; -30.0; -880.0; -910.0; 370.0; 370.0; -2057.0; 0.0; -2597.0; 1989.0; 0.0; -2057.0
2017-06-30; 1466.0; 5311.0; -1757.0; 3554.0; 610.0; -154.0; 0.0; 535.0; -49.0; 4971.0; -3224.0; 0.0; 0.0; -2.0; 0.0; -2.0; 598.0; -2628.0; -35.0; -2377.0; -2412.0; 34.0; 34.0; -2073.0; 0.0; -4451.0; -2107.0; 0.0; -2073.0
2017-03-31; 2699.0; 4194.0; -2017.0; 2177.0; 317.0; -550.0; 0.0; -21.0; -1099.0; 3777.0; -3315.0; 0.0; 0.0; 2.0; 0.0; 2.0; 1840.0; -1473.0; 3028.0; -3928.0; -900.0; 245.0; 245.0; -2029.0; 0.0; -2684.0; -341.0; 0.0; -2029.0
2016-12-31; 438.0; 4203.0; -2105.0; 2098.0; -1666.0; 371.0; 0.0; 217.0; 1171.0; 3707.0; -4009.0; 0.0; 0.0; 140.0; 0.0; 140.0; 1428.0; -2441.0; -772.0; 1261.0; 489.0; 291.0; 291.0; -2031.0; 0.0; -1251.0; -37.0; 0.0; -2031.0
2016-09-30; 1301.0; 4130.0; -1321.0; 2809.0; 403.0; 451.0; 0.0; 1197.0; 1201.0; 5311.0; -4065.0; 0.0; 0.0; 0.0; 0.0; 0.0; -1198.0; -5263.0; -34.0; 510.0; 476.0; 97.0; 97.0; -2038.0; 0.0; -1465.0; -1413.0; 0.0; -2038.0
2016-06-30; -1463.0; 6721.0; -1980.0; 4741.0; -1326.0; -43.0; 0.0; 615.0; -747.0; 2531.0; -4469.0; 0.0; 0.0; 90.0; 0.0; 90.0; 1222.0; -3157.0; 6160.0; -3443.0; 2717.0; 139.0; 139.0; -2026.0; 0.0; 830.0; 202.0; 0.0; -2026.0
2016-03-31; -707.0; 4403.0; -1322.0; 3081.0; 468.0; -176.0; 0.0; -481.0; -1233.0; 1141.0; -5566.0; 0.0; 0.0; 67.0; 0.0; 67.0; -10.0; -5509.0; -14.0; 3802.0; 3788.0; 123.0; 123.0; -2000.0; 0.0; 1911.0; -2460.0; 0.0; -2000.0
2015-12-31; -555.0; 5400.0; -831.0; 4569.0; 1294.0; 530.0; 0.0; 747.0; 543.0; 4557.0; -7449.0; 0.0; 0.0; -28.0; 0.0; -28.0; 269.0; -7208.0; 5092.0; -2384.0; 2708.0; 53.0; 53.0; -2005.0; 0.0; 756.0; -1911.0; 0.0; -2005.0
2015-09-30; 2057.0; 4268.0; -566.0; 3702.0; 2041.0; 166.0; 0.0; -711.0; -399.0; 5360.0; -6810.0; 0.0; 0.0; 51.0; 0.0; 51.0; 480.0; -6279.0; -7.0; 3969.0; 3962.0; 20.0; 20.0; -2095.0; 0.0; 1887.0; 777.0; 0.0; -2095.0
2015-06-30; 608.0; 6958.0; -489.0; 6469.0; -911.0; -279.0; 0.0; 1326.0; 143.0; 7220.0; -7643.0; 0.0; 0.0; 55.0; 0.0; 55.0; 3873.0; -3715.0; -11.0; -2037.0; -2048.0; 83.0; 83.0; -2023.0; 0.0; -3988.0; -519.0; 0.0; -2023.0
2015-03-31; 2600.0; 4411.0; -2591.0; 1820.0; 1207.0; -332.0; 0.0; -484.0; -2101.0; 2319.0; -7602.0; 0.0; 0.0; 88.0; 0.0; 88.0; 908.0; -6606.0; 5985.0; 117.0; 6102.0; 55.0; 55.0; -1997.0; 0.0; 4160.0; -110.0; 0.0; -1997.0
2014-12-31; 3472.0; 4873.0; -1751.0; 3122.0; 3103.0; 785.0; 0.0; -577.0; -97.0; 6497.0; -9668.0; 0.0; 0.0; -289.0; 0.0; -289.0; 3215.0; -6742.0; 3984.0; -1863.0; 2121.0; -1238.0; -1238.0; -2031.0; 0.0; -1148.0; -1430.0; 0.0; -2031.0
2014-09-30; 5627.0; 3948.0; -1478.0; 2470.0; 1243.0; -96.0; 0.0; 639.0; 583.0; 8680.0; -8264.0; 0.0; 0.0; -40.0; 0.0; -40.0; 931.0; -7373.0; -7.0; 2171.0; 2164.0; -1155.0; -1155.0; -2028.0; 0.0; -1019.0; 256.0; 0.0; -2028.0
2014-06-30; 5690.0; 3842.0; -361.0; 3481.0; -1228.0; 263.0; 0.0; -215.0; -1290.0; 7881.0; -8931.0; 0.0; 0.0; -6.0; 0.0; -6.0; 1739.0; -7198.0; -8.0; 487.0; 479.0; -829.0; -829.0; -2021.0; 0.0; -2371.0; -1653.0; 0.0; -2021.0
2014-03-31; 4521.0; 4130.0; -374.0; 3756.0; 1373.0; -1098.0; 0.0; -378.0; 140.0; 8417.0; -8544.0; 0.0; 0.0; -20.0; 0.0; -20.0; -16.0; -8580.0; -12.0; 2636.0; 2624.0; -1190.0; -1190.0; -1895.0; 0.0; -461.0; -633.0; 0.0; -1895.0
2013-12-31; 4958.0; 3635.0; 530.0; 4165.0; -197.0; 512.0; 0.0; 1108.0; 1329.0; 10452.0; -11613.0; 0.0; 0.0; 44.0; 0.0; 44.0; 1738.0; -9831.0; -10.0; 1844.0; 1834.0; -1188.0; -1188.0; -1909.0; 0.0; -1263.0; -769.0; 0.0; -1909.0
2013-09-30; 4996.0; 3658.0; 845.0; 4503.0; -1408.0; 530.0; 0.0; 183.0; 817.0; 10316.0; -9607.0; 0.0; 0.0; -16.0; 0.0; -16.0; 316.0; -9307.0; -12.0; -1369.0; -1381.0; -1278.0; -1278.0; -1935.0; 0.0; -4594.0; -3616.0; 0.0; -1935.0
2013-06-30; 5404.0; 3412.0; -1117.0; 2295.0; 1498.0; -759.0; 0.0; 918.0; 821.0; 8520.0; -8573.0; 0.0; 0.0; -165.0; 0.0; -165.0; 726.0; -8012.0; 5992.0; -166.0; 5826.0; -1001.0; -1001.0; -1984.0; 0.0; 2841.0; 3256.0; 0.0; -1984.0
2013-03-31; 6239.0; 3481.0; -813.0; 2668.0; -994.0; -520.0; 0.0; -270.0; -3193.0; 5714.0; -8192.0; 0.0; 0.0; 356.0; 0.0; 356.0; -623.0; -8459.0; -102.0; 2069.0; 1967.0; -1027.0; -1027.0; -1745.0; 0.0; -805.0; -3565.0; 0.0; -1745.0
2012-12-31; 7297.0; 3554.0; -2268.0; 1286.0; 396.0; 1835.0; 0.0; 1256.0; 4197.0; 12780.0; -10486.0; 0.0; 0.0; -153.0; 0.0; -153.0; 564.0; -10075.0; 1995.0; -2142.0; -147.0; -1180.0; -1180.0; -1763.0; 0.0; -3090.0; -374.0; 0.0; -1763.0
2012-09-30; 5308.0; 3370.0; -791.0; 2579.0; -620.0; -709.0; 0.0; 128.0; -157.0; 7730.0; -7490.0; 0.0; 0.0; -269.0; 0.0; -269.0; 517.0; -7242.0; -184.0; 2284.0; 2100.0; -801.0; -801.0; -1763.0; 0.0; -464.0; 104.0; 0.0; -1763.0
2012-06-30; 7232.0; 3284.0; -1062.0; 2222.0; 1530.0; 488.0; 0.0; -393.0; 461.0; 9915.0; -7067.0; 0.0; 0.0; 15.0; 0.0; 15.0; 1546.0; -5506.0; -13.0; 974.0; 961.0; -1165.0; -1165.0; -1761.0; 0.0; -1965.0; 2338.0; 0.0; -1761.0
2012-03-31; 6499.0; 3205.0; 230.0; 3435.0; -153.0; -1847.0; 0.0; 1129.0; -1547.0; 8387.0; -5895.0; 0.0; 0.0; 194.0; 0.0; 194.0; 3728.0; -1973.0; -15.0; -852.0; -867.0; -996.0; -996.0; -1598.0; 0.0; -3461.0; 3007.0; 0.0; -1598.0
2011-12-31; 5152.0; 3313.0; -443.0; 2870.0; -941.0; 515.0; 0.0; 284.0; 1047.0; 9069.0; -7307.0; 0.0; 5.0; -604.0; 0.0; -604.0; 2898.0; -5008.0; 363.0; 18.0; 381.0; -1147.0; -1147.0; -1610.0; 0.0; -2376.0; 1635.0; 0.0; -1610.0
2011-09-30; 7857.0; 3215.0; -1277.0; 1938.0; 1541.0; 904.0; 0.0; -944.0; 1727.0; 11522.0; -6775.0; 0.0; 0.0; 116.0; 0.0; 116.0; 599.0; -6060.0; -1524.0; -248.0; -1772.0; -1160.0; -1160.0; -1577.0; 0.0; -4509.0; 894.0; 0.0; -1577.0
2011-06-30; 7760.0; 3257.0; 30.0; 3287.0; -1539.0; -1057.0; 0.0; 314.0; -357.0; 10690.0; -7773.0; 0.0; 0.0; 3.0; 0.0; 3.0; -304.0; -8074.0; -162.0; 102.0; -60.0; -828.0; -828.0; -1571.0; 0.0; -2459.0; 186.0; 0.0; -1571.0
2011-03-31; 6239.0; 3126.0; 21.0; 3147.0; -1217.0; -766.0; 0.0; 20.0; 428.0; 9814.0; -4645.0; 0.0; -3014.0; 156.0; 0.0; 156.0; -844.0; -8347.0; -1069.0; 151.0; -918.0; -58.0; -58.0; -1449.0; 0.0; -2425.0; -911.0; 0.0; -1449.0
2010-12-31; 5320.0; 3439.0; -766.0; 2673.0; -2754.0; 623.0; 0.0; 155.0; 259.0; 8252.0; -5504.0; 0.0; 0.0; -759.0; 0.0; -759.0; 2239.0; -4024.0; 851.0; -43.0; 808.0; -551.0; -551.0; -1452.0; 0.0; -1195.0; 3065.0; 0.0; -1452.0
2010-09-30; 3792.0; 3401.0; 200.0; 3601.0; 111.0; -226.0; 0.0; 37.0; 589.0; 7982.0; -5589.0; 0.0; 0.0; -148.0; 0.0; -148.0; 430.0; -5307.0; 320.0; -205.0; 115.0; 103.0; 103.0; -1464.0; 0.0; -1246.0; 1599.0; 0.0; -1464.0
2010-06-30; 5444.0; 3141.0; -620.0; 2521.0; 109.0; 167.0; 0.0; 342.0; -362.0; 7603.0; -4552.0; 0.0; 0.0; 38.0; 0.0; 38.0; 265.0; -4249.0; -52.0; 108.0; 56.0; 102.0; 102.0; -1451.0; 0.0; -1293.0; 2020.0; 0.0; -1451.0
2010-03-31; 4580.0; 3082.0; -463.0; 2619.0; -233.0; -549.0; 0.0; -348.0; 318.0; 7517.0; -3967.0; 0.0; 0.0; 88.0; 0.0; 88.0; -3456.0; -7335.0; -25.0; -72.0; -97.0; 40.0; 40.0; -1374.0; 0.0; -1431.0; -1340.0; 0.0; -1374.0
2009-12-31; 3102.0; 3156.0; -456.0; 2700.0; -599.0; 857.0; 0.0; 478.0; 1218.0; 7020.0; -5355.0; 0.0; 0.0; 105.0; 0.0; 105.0; 601.0; -4649.0; -27.0; 66.0; 39.0; 82.0; 82.0; -1391.0; 0.0; -1270.0; 1148.0; 0.0; -1391.0
2009-09-30; 3846.0; 2988.0; -405.0; 2583.0; -592.0; 132.0; 0.0; -61.0; 236.0; 6665.0; -4074.0; 0.0; 0.0; -52.0; 0.0; -52.0; 604.0; -3522.0; 327.0; -1837.0; -1510.0; 39.0; 39.0; -1365.0; 0.0; -2836.0; 332.0; 0.0; -1365.0
2009-06-30; 1761.0; 3099.0; 191.0; 3290.0; -2076.0; -84.0; 0.0; -159.0; -1767.0; 3284.0; -4430.0; 0.0; 0.0; 137.0; 0.0; 137.0; 501.0; -3792.0; -21.0; -184.0; -205.0; 36.0; 36.0; -1315.0; 0.0; -1484.0; -1914.0; 0.0; -1315.0
2009-03-31; 1854.0; 2867.0; -942.0; 1925.0; 1791.0; 308.0; 0.0; 91.0; -1375.0; 2404.0; -5984.0; 0.0; 0.0; 181.0; 0.0; 181.0; 1194.0; -4609.0; 4572.0; -1237.0; 3335.0; 11.0; 11.0; -1302.0; 0.0; 2044.0; -197.0; 0.0; -1302.0
