Date; Net Income/Loss; Total Depreciation And Amortization - Cash Flow; Other Non-Cash Items; Total Non-Cash Items; Change In Accounts Receivable; Change In Inventories; Change In Accounts Payable; Change In Assets/Liabilities; Total Change In Assets/Liabilities; Cash Flow From Operating Activities; Net Change In Property, Plant, And Equipment; Net Change In Intangible Assets; Net Acquisitions/Divestitures; Net Change In Short-term Investments; Net Change In Long-Term Investments; Net Change In Investments - Total; Investing Activities - Other; Cash Flow From Investing Activities; Net Long-Term Debt; Net Current Debt; Debt Issuance/Retirement Net - Total; Net Common Equity Issued/Repurchased; Net Total Equity Issued/Repurchased; Total Common And Preferred Stock Dividends Paid; Financial Activities - Other; Cash Flow From Financial Activities; Net Cash Flow; Stock-Based Compensation; Common Stock Dividends Paid
2022-09-30; 490.0; 178.0; 16.0; 194.0; -579.0; -229.0; -375.0; -16.0; -1334.0; -650.0; -152.0; 0.0; 0.0; 0.0; 138.0; 138.0; 0.0; -14.0; -254.0; 249.0; -5.0; -110.0; -110.0; -215.0; 26.0; -304.0; -1019.0; 53.0; -215.0
2022-06-30; 50.0; 181.0; 18.0; 199.0; 538.0; -204.0; 409.0; -53.0; 822.0; 1071.0; -382.0; 0.0; 0.0; 0.0; 0.0; 0.0; 0.0; -382.0; -2.0; 0.0; -2.0; -311.0; -311.0; -216.0; 9.0; -520.0; 121.0; 48.0; -216.0
2022-03-31; 573.0; 182.0; 272.0; 454.0; -141.0; -234.0; -159.0; -238.0; -904.0; 123.0; -199.0; 0.0; 0.0; 0.0; 50.0; 50.0; 0.0; -149.0; -6.0; 0.0; -6.0; -570.0; -570.0; -215.0; 50.0; -741.0; -767.0; 91.0; -215.0
2021-12-31; 1090.0; 181.0; 132.0; 313.0; 176.0; 14.0; 151.0; 168.0; 524.0; 1927.0; -254.0; 0.0; -3.0; 0.0; -4.0; -4.0; 0.0; -261.0; -6.0; -7.0; -13.0; -871.0; -871.0; -217.0; 40.0; -1061.0; 608.0; 113.0; -217.0
2021-09-30; 695.0; 183.0; 37.0; 220.0; -583.0; -178.0; -191.0; -29.0; -996.0; -81.0; -205.0; 0.0; 0.0; 0.0; 52.0; 52.0; 0.0; -153.0; -4.0; 3.0; -1.0; -557.0; -557.0; -192.0; 36.0; -714.0; -963.0; 79.0; -192.0
2021-06-30; 1015.0; 176.0; -852.0; -676.0; 108.0; -153.0; 385.0; 804.0; 515.0; 854.0; -251.0; 0.0; -1057.0; 0.0; 21.0; 21.0; 0.0; -1287.0; -453.0; 2.0; -451.0; -417.0; -417.0; -192.0; 30.0; -1030.0; -1441.0; 72.0; -192.0
2021-03-31; 458.0; 159.0; 186.0; 345.0; 214.0; -54.0; -8.0; -785.0; -4.0; 799.0; -136.0; 0.0; -2.0; 0.0; -42.0; -42.0; 0.0; -180.0; 594.0; 1.0; 595.0; -214.0; -214.0; -193.0; 69.0; 257.0; 854.0; 86.0; -193.0
2020-12-31; 877.0; 160.0; 184.0; 344.0; -113.0; 161.0; 84.0; 267.0; 399.0; 1620.0; -134.0; 0.0; 0.0; 0.0; -21.0; -21.0; 0.0; -155.0; -2.0; 0.0; -2.0; -77.0; -77.0; -194.0; 44.0; -229.0; 1278.0; 105.0; -194.0
2020-09-30; 525.0; 156.0; 33.0; 189.0; -607.0; -94.0; -21.0; 366.0; -356.0; 358.0; -116.0; 0.0; -6.0; 0.0; -152.0; -152.0; 32.0; -242.0; -2.0; -747.0; -749.0; -25.0; -25.0; -174.0; 58.0; -890.0; -755.0; 64.0; -174.0
2020-06-30; -459.0; 164.0; 256.0; 420.0; 673.0; 38.0; 9.0; -346.0; 374.0; 335.0; -155.0; 0.0; 0.0; 0.0; 14.0; 14.0; 0.0; -141.0; 696.0; -759.0; -63.0; -10.0; -10.0; -1.0; 10.0; -64.0; 146.0; 3.0; -1.0
2020-03-31; -4.0; -617.0; 1139.0; 522.0; 299.0; -72.0; 58.0; -113.0; 172.0; 690.0; -177.0; 0.0; -7.0; 0.0; -23.0; -23.0; 0.0; -207.0; -503.0; 1506.0; 1003.0; -70.0; -70.0; -172.0; 77.0; 838.0; 1280.0; 71.0; -172.0
2019-12-31; 561.0; 921.0; -490.0; 431.0; 140.0; 114.0; 25.0; 154.0; 433.0; 1425.0; -166.0; 0.0; -1040.0; 0.0; -16.0; -16.0; 0.0; -1222.0; 1780.0; 3.0; 1783.0; -500.0; -500.0; -174.0; -6.0; 1103.0; 1337.0; 83.0; -174.0
2019-09-30; 598.0; 143.0; 79.0; 222.0; -487.0; -83.0; -400.0; -20.0; -990.0; -170.0; -125.0; 0.0; 0.0; 0.0; -3.0; -3.0; 0.0; -128.0; -5.0; 5.0; 0.0; -313.0; -313.0; -156.0; 53.0; -416.0; -728.0; 56.0; -156.0
2019-06-30; 158.0; 63.0; 83.0; 146.0; 208.0; -191.0; 424.0; 16.0; 457.0; 761.0; -301.0; 0.0; 0.0; 0.0; 0.0; 0.0; 0.0; -301.0; 0.0; -4.0; -4.0; -211.0; -211.0; -156.0; 12.0; -359.0; 85.0; 42.0; -156.0
2019-03-31; 557.0; 225.0; -44.0; 181.0; -34.0; -163.0; 69.0; -127.0; -255.0; 483.0; -149.0; 0.0; 0.0; 0.0; 958.0; 958.0; 0.0; 809.0; -1.0; 2.0; 1.0; -218.0; -218.0; -156.0; 95.0; -278.0; 1026.0; 70.0; -156.0
2018-12-31; 577.0; 137.0; 80.0; 217.0; 203.0; 15.0; 88.0; 292.0; 598.0; 1392.0; -337.0; 0.0; 0.0; 0.0; 271.0; 271.0; 0.0; -66.0; 0.0; -166.0; -166.0; -596.0; -596.0; -156.0; 24.0; -894.0; 433.0; 73.0; -156.0
2018-09-30; 502.0; 132.0; 49.0; 181.0; -546.0; -36.0; -262.0; 42.0; -802.0; -119.0; 45.0; 0.0; 0.0; 0.0; -14.0; -14.0; 0.0; 31.0; 0.0; -3.0; -3.0; -530.0; -530.0; -141.0; 32.0; -642.0; -738.0; 58.0; -141.0
2018-06-30; 188.0; 142.0; 87.0; 229.0; 220.0; -147.0; 329.0; -643.0; 225.0; 642.0; -261.0; 0.0; 0.0; 0.0; 47.0; 47.0; 0.0; -214.0; -1.0; -114.0; -115.0; -83.0; -83.0; -139.0; -13.0; -350.0; 41.0; 40.0; -139.0
2018-03-31; 374.0; 133.0; 2.0; 135.0; -44.0; -66.0; 131.0; -49.0; -28.0; 481.0; -105.0; 0.0; 0.0; 0.0; 94.0; 94.0; 0.0; -11.0; 0.0; -116.0; -116.0; -278.0; -278.0; -140.0; 74.0; -460.0; 35.0; 64.0; -140.0
2017-12-31; 125.0; 129.0; 196.0; 325.0; 109.0; 82.0; 55.0; 661.0; 907.0; 1357.0; -147.0; 0.0; 0.0; 0.0; -33.0; -33.0; 0.0; -180.0; -1.0; -140.0; -141.0; -287.0; -287.0; -141.0; 34.0; -535.0; 661.0; 75.0; -141.0
2017-09-30; 430.0; 127.0; 65.0; 192.0; -390.0; -16.0; -166.0; 32.0; -540.0; 82.0; -116.0; 0.0; 0.0; 0.0; 163.0; 163.0; 0.0; 47.0; 0.0; 362.0; 362.0; -111.0; -111.0; -126.0; 48.0; 173.0; 308.0; 57.0; -126.0
2017-06-30; 230.0; 127.0; -18.0; 109.0; 150.0; -144.0; 222.0; -29.0; 199.0; 538.0; -188.0; 0.0; 19.0; 0.0; 71.0; 71.0; 0.0; -98.0; -302.0; -29.0; -331.0; -50.0; -50.0; -125.0; 53.0; -453.0; -3.0; 44.0; -125.0
2017-03-31; 300.0; 119.0; -9.0; 110.0; 1.0; -19.0; -25.0; 61.0; 18.0; 428.0; -108.0; 0.0; 0.0; 0.0; -271.0; -271.0; 0.0; -379.0; 1497.0; -1623.0; -126.0; 0.0; 0.0; -125.0; 64.0; -187.0; -123.0; 41.0; -125.0
2016-12-31; 430.0; 112.0; 30.0; 142.0; 122.0; 109.0; 27.0; 98.0; 402.0; 974.0; -123.0; 0.0; -1680.0; 0.0; 142.0; 142.0; 0.0; -1661.0; -1.0; 1554.0; 1553.0; -141.0; -141.0; -125.0; 19.0; 1306.0; 598.0; 46.0; -125.0
2016-09-30; 296.0; 106.0; 56.0; 162.0; -365.0; -31.0; -170.0; 4.0; -608.0; -150.0; -73.0; 0.0; -10.0; 0.0; 17.0; 17.0; 0.0; -66.0; -2.0; 263.0; 261.0; -222.0; -222.0; -111.0; 36.0; -36.0; -250.0; 88.0; -111.0
2016-06-30; 95.0; 110.0; -43.0; 67.0; 150.0; -122.0; 147.0; 136.0; 311.0; 473.0; -191.0; 0.0; 0.0; 0.0; 19.0; 19.0; 0.0; -172.0; 614.0; -286.0; 328.0; -187.0; -187.0; -111.0; 30.0; 60.0; 358.0; 37.0; -111.0
2016-03-31; 266.0; 103.0; 35.0; 138.0; 26.0; -49.0; 35.0; -62.0; -50.0; 354.0; -111.0; 0.0; -82.0; 0.0; -260.0; -260.0; 0.0; -453.0; -2.0; -61.0; -63.0; -75.0; -75.0; -111.0; 37.0; -212.0; -312.0; 36.0; -111.0
2015-12-31; 449.0; 104.0; 54.0; 158.0; 112.0; 85.0; 20.0; 130.0; 347.0; 954.0; -133.0; 0.0; 0.0; 0.0; 53.0; 53.0; 0.0; -80.0; -2.0; -79.0; -81.0; -241.0; -241.0; -111.0; 24.0; -409.0; 460.0; 42.0; -111.0
2015-09-30; 311.0; 98.0; 62.0; 160.0; -389.0; 17.0; -101.0; 10.0; -463.0; 8.0; -90.0; 0.0; -19.0; 0.0; -455.0; -455.0; 0.0; -564.0; -2.0; 426.0; 424.0; -387.0; -387.0; -90.0; 9.0; -44.0; -613.0; 69.0; -90.0
2015-06-30; 154.4; 110.4; 11.1; 121.5; 197.2; -130.9; 132.2; 139.4; 282.1; 558.0; -193.2; 0.0; -180.3; 0.0; -210.3; -210.3; 0.0; -583.8; 292.0; -105.7; 186.3; -356.9; -356.9; -90.2; 20.2; -240.6; -267.2; 31.1; -90.2
2015-03-31; 272.7; 100.0; 0.4; 100.4; 15.6; -2.2; 15.9; -17.3; 18.2; 391.3; -92.4; 0.0; 43.5; 0.0; -192.4; -192.4; 0.0; -241.3; -1.1; 68.2; 67.1; -147.5; -147.5; -90.9; 85.0; -86.3; 47.1; 33.0; -90.9
2014-12-31; 437.7; 98.0; 28.6; 126.6; 58.1; 116.8; -13.1; 40.0; 301.7; 866.0; -108.7; 0.0; -94.2; 0.0; -507.7; -507.7; 0.0; -710.6; -1.3; 53.4; 52.1; -271.6; -271.6; -91.4; 15.4; -295.5; -154.2; 38.8; -91.4
2014-09-30; 229.2; 100.6; 50.9; 151.5; -167.9; -9.7; 12.0; -37.1; -253.0; 127.7; -78.7; 0.0; -10.0; 0.0; 8.4; 8.4; 0.0; -80.3; -3.6; -2.9; -6.5; -207.0; -207.0; -77.5; 18.4; -272.6; -233.7; 62.1; -77.5
2014-06-30; 258.4; 104.6; 1.9; 106.5; 30.5; -69.4; 7.6; 19.9; 0.9; 365.8; -167.4; 0.0; 0.0; 0.0; 0.0; 0.0; 0.0; -167.4; -2.7; -0.2; -2.9; -66.9; -66.9; -76.6; 34.2; -112.2; 98.9; 27.8; -76.6
2014-03-31; 213.7; 95.6; 55.7; 151.3; 91.7; -74.5; 20.8; -20.3; 22.0; 387.0; -125.9; 0.0; 0.0; 0.0; 8.4; 8.4; 0.0; -117.5; -2.4; 1.9; -0.5; -395.4; -395.4; -76.8; 31.1; -441.6; -217.8; 29.9; -76.8
2013-12-31; 435.2; 95.5; 43.2; 138.7; 56.7; 45.2; 32.4; -108.0; 178.6; 752.5; -131.2; 0.0; 0.0; 0.0; -0.6; -0.6; 0.0; -131.8; -3.0; 3.2; 0.2; -145.4; -145.4; -78.6; 35.6; -188.2; 425.8; 38.6; -78.6
2013-09-30; 301.8; 88.9; 36.0; 124.9; -375.1; -58.1; -26.8; 63.2; -396.8; 29.9; -85.7; 0.0; -9.2; 0.0; 0.0; 0.0; 0.0; -94.9; -3.7; 0.2; -3.5; -59.5; -59.5; -69.8; 17.9; -114.9; -173.5; 56.3; -69.8
2013-06-30; 95.9; 107.4; -0.1; 107.3; 184.0; -130.3; 95.4; 71.9; 88.9; 292.1; -155.5; 0.0; 0.0; 0.0; 0.8; 0.8; 0.0; -154.7; -3.3; 0.2; -3.1; -24.5; -24.5; -69.9; 22.5; -75.0; 57.1; 27.4; -69.9
2013-03-31; 178.9; 90.4; 8.7; 99.1; 147.9; -15.9; 54.0; -317.0; 1.1; 279.1; -100.1; 0.0; 0.0; 0.0; 5.5; 5.5; 0.0; -94.6; 1.0; -6.3; -5.3; -36.7; -36.7; -69.8; 47.8; -64.0; 115.0; 29.6; -69.8
2012-12-31; 449.4; 79.3; 8.1; 87.4; 73.2; 70.9; -78.8; 178.2; 243.5; 780.3; -109.9; 0.0; 0.0; 0.0; -2.1; -2.1; 0.0; -112.0; -3.3; 3.0; -0.3; -161.1; -161.1; -279.0; 38.7; -401.7; 269.9; 34.3; -279.0
2012-09-30; 299.6; 77.5; 39.5; 117.0; -518.1; -59.2; -79.3; 114.8; -541.8; -125.2; -95.5; 0.0; -8.7; 0.0; 0.0; 0.0; 0.0; -104.2; 262.8; -195.4; 67.4; -165.4; -165.4; -0.5; 27.7; -70.8; -294.0; 54.5; -0.5
2012-06-30; 52.2; 102.1; -28.3; 73.8; 218.6; -107.2; 95.2; 126.3; 131.0; 257.0; -148.8; 0.0; 0.0; 0.0; 0.0; 0.0; 0.0; -148.8; -1.2; 75.5; 74.3; -42.7; -42.7; 0.0; 24.0; 55.6; 154.9; 23.7; 0.0
2012-03-31; 131.3; 74.4; -15.3; 59.1; 97.4; 6.8; 21.3; -47.2; 69.1; 259.5; -90.4; 0.0; 0.1; 0.0; 0.0; 0.0; 0.0; -90.3; -122.3; 118.4; -3.9; -27.6; -27.6; 0.0; 48.5; 17.0; 193.7; 24.4; 0.0
2011-12-31; 398.4; 71.4; 12.2; 83.6; -12.3; 80.6; -37.6; 23.7; 164.4; 646.4; -100.7; 0.0; 0.0; 0.0; 0.0; 0.0; 0.0; -100.7; -2.9; 2.3; -0.6; -119.5; -119.5; -203.7; 57.0; -266.8; 279.6; 31.2; -203.7
2011-09-30; 278.6; 69.6; 37.7; 107.3; -482.1; -21.4; -10.6; -9.1; -422.1; -36.2; -80.8; 0.0; -7.7; 0.0; 0.0; 0.0; 0.0; -88.5; -2.4; 1.2; -1.2; -402.9; -402.9; -0.3; 13.5; -390.9; -533.5; 45.4; -0.3
2011-06-30; 43.2; 83.5; -13.5; 70.0; 309.2; -94.7; 64.2; -31.7; 186.2; 299.4; -127.1; 0.0; 0.0; 0.0; 0.0; 0.0; 0.0; -127.1; -1.4; -6.3; -7.7; -50.0; -50.0; 0.0; 33.4; -24.3; 154.0; 20.3; 0.0
2011-03-31; 125.1; 113.6; -34.7; 78.9; -46.0; -0.6; 14.7; 30.0; 15.6; 219.6; -79.1; 0.0; 0.0; 0.0; 0.2; 0.2; 0.0; -78.9; -2.4; -0.6; -3.0; -173.6; -173.6; 0.0; 87.2; -89.4; 55.9; 20.1; 0.0
2010-12-31; 345.9; 66.5; 26.9; 93.4; -18.7; 34.8; -32.1; 48.9; 107.8; 547.1; -87.1; 0.0; 2.4; 0.0; 0.0; 0.0; 0.0; -84.7; -3.2; 0.2; -3.0; -29.2; -29.2; -147.9; 64.1; -116.0; 349.6; 23.8; -147.9
2010-09-30; 189.6; 68.8; 45.7; 114.5; -369.2; -34.6; -63.8; 52.9; -343.2; -39.1; -57.7; 0.0; -258.5; 0.0; 0.0; 0.0; 0.0; -316.2; -9.5; 7.1; -2.4; -143.8; -143.8; -0.1; 62.9; -83.4; -427.2; 30.6; -0.1
2010-06-30; 25.0; 69.7; -11.7; 58.0; 211.7; -64.8; 78.8; 2.1; 75.5; 158.5; -109.2; 0.0; -1.4; 0.0; 0.0; 0.0; 0.0; -110.6; -201.8; 1.5; -200.3; -119.0; -119.0; 0.0; 29.1; -290.2; -260.5; 12.2; 0.0
2010-03-31; 57.9; 69.1; -5.7; 63.4; 93.8; -44.6; 47.0; -14.4; 60.0; 181.3; -57.2; 0.0; 0.0; 0.0; 0.0; 0.0; 0.0; -57.2; -10.4; -3.7; -14.1; -69.6; -69.6; 0.0; 118.0; 34.3; 157.6; 14.0; 0.0
2009-12-31; 261.7; 108.0; 12.2; 120.2; -7.6; 91.2; -28.3; 151.0; 232.3; 614.2; -58.8; 0.0; 0.0; 0.0; -0.1; -0.1; 0.0; -58.9; -1.1; 1.0; -0.1; -77.7; -77.7; -109.0; 56.9; -129.9; 424.4; 11.6; -109.0
2009-09-30; 137.8; 65.3; 10.0; 75.3; -218.7; -42.6; 6.1; -24.5; -210.4; 2.7; -45.4; 0.0; -9.3; 0.0; 0.0; 0.0; 0.0; -54.7; -13.9; -6.3; -20.2; -0.4; -0.4; -0.1; 0.4; -20.3; -65.3; 19.2; -0.1
2009-06-30; -12.4; 110.7; -87.2; 23.5; 216.8; 49.1; 43.7; 32.1; 378.2; 389.3; -63.9; 0.0; -4.0; 0.0; 8.3; 8.3; 0.0; -59.6; -1.0; -109.2; -110.2; 0.0; 0.0; 0.0; -8.2; -118.4; 223.9; 8.9; 0.0
2009-03-31; 239.2; 206.4; 34.6; 241.0; -113.0; 76.6; -55.6; -69.5; -173.5; 306.7; -215.9; 0.0; -64.5; 0.0; 0.5; 0.5; 0.0; -279.9; 288.6; 15.7; 304.3; -62.6; -62.6; -108.4; 110.9; 244.2; 238.9; 42.6; -108.4
