Date; Net Income/Loss; Total Depreciation And Amortization - Cash Flow; Other Non-Cash Items; Total Non-Cash Items; Change In Accounts Receivable; Change In Inventories; Change In Accounts Payable; Change In Assets/Liabilities; Total Change In Assets/Liabilities; Cash Flow From Operating Activities; Net Change In Property, Plant, And Equipment; Net Change In Intangible Assets; Net Acquisitions/Divestitures; Net Change In Short-term Investments; Net Change In Long-Term Investments; Net Change In Investments - Total; Investing Activities - Other; Cash Flow From Investing Activities; Net Long-Term Debt; Net Current Debt; Debt Issuance/Retirement Net - Total; Net Common Equity Issued/Repurchased; Net Total Equity Issued/Repurchased; Total Common And Preferred Stock Dividends Paid; Financial Activities - Other; Cash Flow From Financial Activities; Net Cash Flow; Stock-Based Compensation; Common Stock Dividends Paid
2022-09-30; 13910.0; 4046.0; 4601.0; 8647.0; -97.0; 0.0; 1907.0; -2535.0; 796.0; 23353.0; -7276.0; 0.0; -5649.0; 11659.0; -358.0; 11301.0; 791.0; -833.0; -674.0; 0.0; -674.0; -15382.0; -15382.0; 0.0; -2041.0; -18097.0; 4048.0; 4976.0; 0.0
2022-06-30; 16002.0; 3899.0; 3738.0; 7637.0; -1969.0; 0.0; 1201.0; -759.0; -4217.0; 19422.0; -6828.0; 0.0; -1063.0; 3858.0; -375.0; 3483.0; 221.0; -4187.0; -356.0; 0.0; -356.0; -15197.0; -15197.0; 0.0; -2264.0; -17817.0; -2950.0; 4782.0; 0.0
2022-03-31; 16436.0; 3782.0; 3991.0; 7773.0; 4364.0; 0.0; -2373.0; -870.0; 897.0; 25106.0; -9786.0; 0.0; -173.0; 1317.0; -764.0; 553.0; 355.0; -9051.0; 2.0; 0.0; 2.0; -13300.0; -13300.0; 0.0; -2916.0; -16214.0; -59.0; 4504.0; 0.0
2021-12-31; 20642.0; 3439.0; 3078.0; 6517.0; -5819.0; 0.0; 1157.0; -31.0; -2225.0; 24934.0; -6383.0; 0.0; -385.0; -3922.0; -426.0; -4348.0; 100.0; -11016.0; -115.0; 0.0; -115.0; -13473.0; -13473.0; 0.0; -2923.0; -16511.0; -2774.0; 3954.0; 0.0
2021-09-30; 18936.0; 3304.0; 493.0; 3797.0; -2409.0; 0.0; 238.0; -983.0; 2806.0; 25539.0; -6819.0; 0.0; -259.0; -3038.0; -322.0; -3360.0; 388.0; -10050.0; -42.0; 0.0; -42.0; -12610.0; -12610.0; 0.0; -2602.0; -15254.0; 89.0; 3874.0; 0.0
2021-06-30; 18525.0; 2945.0; 1291.0; 4236.0; -3661.0; 0.0; -130.0; -202.0; -871.0; 21890.0; -5496.0; 0.0; -308.0; -2764.0; -529.0; -3293.0; 23.0; -9074.0; -1042.0; 0.0; -1042.0; -12496.0; -12496.0; 0.0; -2453.0; -15991.0; -2992.0; 3803.0; 0.0
2021-03-31; 17930.0; 2753.0; -161.0; 2592.0; 2794.0; 0.0; -982.0; 144.0; -1233.0; 19289.0; -5942.0; 0.0; -1666.0; 2822.0; -627.0; 2195.0; 30.0; -5383.0; -37.0; 0.0; -37.0; -11385.0; -11385.0; 0.0; -2184.0; -13606.0; 157.0; 3745.0; 0.0
2020-12-31; 15227.0; 3725.0; 2023.0; 5748.0; -5445.0; 0.0; 963.0; -531.0; 1702.0; 22677.0; -5479.0; 0.0; -370.0; 3511.0; -4886.0; -1375.0; -57.0; -7281.0; -57.0; 0.0; -57.0; -7566.0; -7566.0; 0.0; -1647.0; -9270.0; 6336.0; 3223.0; 0.0
2020-09-30; 11247.0; 3478.0; 1522.0; 5000.0; -3601.0; 0.0; 420.0; 47.0; 756.0; 17003.0; -5406.0; 0.0; -13.0; -8944.0; -428.0; -9372.0; -406.0; -15197.0; 9802.0; 0.0; 9802.0; -7899.0; -7899.0; 0.0; -1357.0; 546.0; 2387.0; 3195.0; 0.0
2020-06-30; 6959.0; 3386.0; 1321.0; 4707.0; -80.0; 0.0; 146.0; -133.0; 2327.0; 13993.0; -5391.0; 0.0; -165.0; -2485.0; -526.0; -3011.0; 119.0; -8448.0; -35.0; 0.0; -35.0; -5988.0; -5988.0; 0.0; -1475.0; -7498.0; -1902.0; 3382.0; 0.0
2020-03-31; 6836.0; 3108.0; 4465.0; 7573.0; 2602.0; 0.0; -835.0; -78.0; -2958.0; 11451.0; -6005.0; 0.0; -190.0; 4248.0; -312.0; 3936.0; 412.0; -1847.0; -49.0; 0.0; -49.0; -6896.0; -6896.0; 0.0; -1241.0; -8186.0; 1146.0; 3191.0; 0.0
2019-12-31; 10671.0; 3413.0; 1565.0; 4978.0; -4365.0; 0.0; 814.0; 352.0; -1222.0; 14427.0; -23548.0; 17496.0; -2142.0; 3695.0; -325.0; 3370.0; 121.0; -4703.0; -47.0; 0.0; -47.0; -6080.0; -6080.0; 0.0; -1199.0; -7326.0; 2466.0; 2645.0; 0.0
2019-09-30; 7068.0; 2920.0; 3793.0; 6713.0; -1.0; 0.0; 57.0; -670.0; 1685.0; 15466.0; 10764.0; -17496.0; -126.0; -2153.0; -313.0; -2466.0; 379.0; -8945.0; -145.0; 0.0; -145.0; -5678.0; -5678.0; 0.0; -1131.0; -6954.0; -555.0; 2624.0; 0.0
2019-06-30; 9947.0; 2835.0; 582.0; 3417.0; -1146.0; 0.0; -18.0; 80.0; -737.0; 12627.0; -6126.0; 0.0; -148.0; -4155.0; -81.0; -4236.0; 55.0; -10455.0; -46.0; 0.0; -46.0; -3440.0; -3440.0; 0.0; -1260.0; -4746.0; -2561.0; 2756.0; 0.0
2019-03-31; 6657.0; 2613.0; 1637.0; 4250.0; 1172.0; 0.0; -425.0; -346.0; 1093.0; 12000.0; -4638.0; 0.0; -99.0; 123.0; -808.0; -685.0; 34.0; -5388.0; -30.0; 0.0; -30.0; -2978.0; -2978.0; 0.0; -1175.0; -4183.0; 2447.0; 2769.0; 0.0
2018-12-31; 8948.0; 2580.0; 964.0; 3544.0; -2887.0; 0.0; 774.0; 132.0; 495.0; 12987.0; -7081.0; 0.0; -39.0; 763.0; -548.0; 215.0; 29.0; -6876.0; -5.0; 0.0; -5.0; -1700.0; -1700.0; 0.0; -1041.0; -2746.0; 3258.0; 2253.0; 0.0
2018-09-30; 9192.0; 2355.0; 1795.0; 4150.0; -670.0; 0.0; 316.0; -507.0; -132.0; 13210.0; -5282.0; 0.0; -18.0; -4896.0; -232.0; -5128.0; 20.0; -10408.0; -25.0; 0.0; -25.0; -2200.0; -2200.0; 0.0; -1253.0; -3478.0; -705.0; 2230.0; 0.0
2018-06-30; 3195.0; 2114.0; 1343.0; 3457.0; -312.0; 0.0; -145.0; -350.0; 3480.0; 10132.0; -5507.0; 0.0; -184.0; 1980.0; 288.0; 2268.0; 49.0; -3374.0; -1344.0; 0.0; -1344.0; -2052.0; -2052.0; 0.0; -1541.0; -4937.0; 1490.0; 2413.0; 0.0
2018-03-31; 9401.0; 1986.0; -810.0; 1176.0; 1700.0; 0.0; 122.0; -111.0; 1065.0; 11642.0; -7269.0; 0.0; -1250.0; 502.0; 171.0; 673.0; 0.0; -7846.0; 1313.0; 0.0; 1313.0; -2173.0; -2173.0; 0.0; -1158.0; -2018.0; 1943.0; 2457.0; 0.0
2017-12-31; -3020.0; 2026.0; 1935.0; 3961.0; -3049.0; 0.0; 673.0; 84.0; 9327.0; 10268.0; -4388.0; 0.0; -14.0; -2115.0; -556.0; -2671.0; 99.0; -6974.0; -22.0; 0.0; -22.0; -2101.0; -2101.0; 0.0; -1055.0; -3178.0; 134.0; 1847.0; 0.0
2017-09-30; 6732.0; 1761.0; 1665.0; 3426.0; -1150.0; 0.0; -61.0; -1599.0; -286.0; 9872.0; -3511.0; 0.0; -130.0; -10683.0; -80.0; -10763.0; 0.0; -14404.0; -8.0; 0.0; -8.0; 320.0; 320.0; 0.0; -1018.0; -706.0; -5130.0; 1820.0; 0.0
2017-06-30; 3524.0; 1625.0; 1970.0; 3595.0; -836.0; 0.0; 16.0; -242.0; 284.0; 7403.0; -2818.0; 0.0; -42.0; -4681.0; -300.0; -4981.0; 669.0; -7172.0; -38.0; 0.0; -38.0; -1618.0; -1618.0; 0.0; -1084.0; -2740.0; -2421.0; 2003.0; 0.0
2017-03-31; 5426.0; 1503.0; 2698.0; 4201.0; 1267.0; 0.0; 103.0; -17.0; -79.0; 9548.0; -2467.0; 0.0; -101.0; -757.0; -276.0; -1033.0; 750.0; -2851.0; -18.0; 0.0; -18.0; -647.0; -647.0; 0.0; -1009.0; -1674.0; 5214.0; 2009.0; 0.0
2016-12-31; 5333.0; 1687.0; 1817.0; 3504.0; -2279.0; 0.0; -128.0; 379.0; 576.0; 9413.0; -3064.0; 0.0; -662.0; -1034.0; 58.0; -976.0; 0.0; -4702.0; -13.0; 0.0; -13.0; 0.0; 0.0; 0.0; -879.0; -892.0; 3512.0; 1846.0; 0.0
2016-09-30; 5061.0; 1596.0; 1551.0; 3147.0; -282.0; 0.0; 459.0; -8.0; 1637.0; 9845.0; -2357.0; 0.0; -252.0; -8781.0; 410.0; -8371.0; -2065.0; -13045.0; -274.0; 0.0; -274.0; 0.0; 0.0; 0.0; -815.0; -1089.0; -4221.0; 1860.0; 0.0
2016-06-30; 4877.0; 1490.0; 1494.0; 2984.0; -835.0; 0.0; 48.0; -39.0; 1259.0; 9120.0; -2123.0; 0.0; -38.0; -4494.0; -412.0; -4906.0; -106.0; -7173.0; -1042.0; 0.0; -1042.0; -1595.0; -1595.0; 0.0; -803.0; -3440.0; -1484.0; 1503.0; 0.0
2016-03-31; 4207.0; 1371.0; 2252.0; 3623.0; 818.0; 0.0; -269.0; 203.0; -172.0; 7658.0; -2428.0; 0.0; -34.0; -3305.0; -221.0; -3526.0; -257.0; -6245.0; -6.0; 0.0; -6.0; -2098.0; -2098.0; 0.0; -807.0; -2911.0; -1438.0; 1494.0; 0.0
2015-12-31; 4923.0; 1404.0; 2180.0; 3584.0; -1758.0; 0.0; 371.0; -424.0; -1898.0; 6609.0; -2100.0; 0.0; 8.0; -2106.0; -451.0; -2557.0; -838.0; -5487.0; -14.0; 0.0; -14.0; -1780.0; -1780.0; 0.0; -765.0; -2559.0; -1519.0; 1436.0; 0.0
2015-09-30; 3979.0; 1248.0; 1056.0; 2304.0; -267.0; 0.0; 230.0; 121.0; -138.0; 6145.0; -2373.0; 0.0; -102.0; -3817.0; -97.0; -3914.0; 572.0; -5817.0; -3.0; 0.0; -3.0; 0.0; 0.0; 0.0; -606.0; -609.0; -385.0; 1432.0; 0.0
2015-06-30; 3931.0; 1234.0; 983.0; 2217.0; -767.0; 0.0; -374.0; 44.0; 948.0; 7096.0; -2515.0; 0.0; -78.0; -3371.0; -175.0; -3546.0; 1036.0; -5103.0; -3.0; 0.0; -3.0; 0.0; 0.0; 0.0; -558.0; -561.0; 1477.0; 1132.0; 0.0
2015-03-31; 3515.0; 1177.0; 1351.0; 2528.0; 698.0; 0.0; -24.0; -16.0; 679.0; 6722.0; -2927.0; 0.0; -64.0; -2169.0; -1024.0; -3193.0; -1120.0; -7304.0; -3.0; 0.0; -3.0; 0.0; 0.0; 0.0; -493.0; -496.0; -1371.0; 1203.0; 0.0
2014-12-31; 4675.0; 1267.0; 1330.0; 2597.0; -1151.0; 0.0; 549.0; -222.0; -260.0; 7012.0; -3551.0; 0.0; 130.0; 1547.0; -741.0; 806.0; -626.0; -3241.0; -4.0; 0.0; -4.0; 0.0; 0.0; 0.0; -988.0; -992.0; 2742.0; 1187.0; 0.0
2014-09-30; 2739.0; 1547.0; 809.0; 2356.0; -36.0; 0.0; -127.0; -13.0; 899.0; 5994.0; -2417.0; 0.0; -1142.0; -5290.0; -794.0; -6084.0; 316.0; -9327.0; -3.0; 0.0; -3.0; 0.0; 0.0; 0.0; -452.0; -455.0; -4015.0; 1290.0; 0.0
2014-06-30; 3270.0; 1079.0; 456.0; 1535.0; -721.0; 0.0; -163.0; 804.0; 822.0; 5627.0; -2646.0; 0.0; -543.0; 1424.0; -349.0; 1075.0; 934.0; -1180.0; -1004.0; 0.0; -1004.0; 0.0; 0.0; 0.0; -458.0; -1462.0; 2981.0; 915.0; 0.0
2014-03-31; 3452.0; 1086.0; 642.0; 1728.0; 267.0; 0.0; 177.0; -285.0; -789.0; 4391.0; -2345.0; 0.0; -2947.0; -2676.0; -118.0; -2794.0; 779.0; -7307.0; 993.0; 0.0; 993.0; 0.0; 0.0; 0.0; -171.0; 822.0; -2259.0; 887.0; 0.0
2013-12-31; 3189.0; 1036.0; 228.0; 1264.0; -853.0; 46.0; 320.0; -624.0; 785.0; 5238.0; -2255.0; 0.0; -120.0; 1375.0; -98.0; 1277.0; -519.0; -1617.0; -3.0; 0.0; -3.0; 0.0; 0.0; 0.0; 35.0; 32.0; 3656.0; 902.0; 0.0
2013-09-30; 2970.0; 974.0; 725.0; 1699.0; -516.0; 112.0; 357.0; 291.0; 414.0; 5083.0; -2289.0; 0.0; 147.0; -2729.0; 371.0; -2358.0; -1318.0; -5818.0; -2.0; 0.0; -2.0; 0.0; 0.0; 0.0; -265.0; -267.0; -922.0; 886.0; 0.0
2013-06-30; 3228.0; 1030.0; 25.0; 1055.0; -194.0; -16.0; -159.0; -119.0; 422.0; 4705.0; -1611.0; 0.0; 1301.0; -4261.0; -206.0; -4467.0; 974.0; -3803.0; -151.0; 0.0; -151.0; 0.0; 0.0; 0.0; 46.0; -105.0; 789.0; 847.0; 0.0
2013-03-31; 3346.0; 899.0; 853.0; 1752.0; 256.0; -142.0; 87.0; -245.0; -1465.0; 3633.0; -1203.0; 0.0; -251.0; -1515.0; -36.0; -1551.0; 564.0; -2441.0; -401.0; 0.0; -401.0; 0.0; 0.0; 0.0; -116.0; -517.0; 597.0; 708.0; 0.0
2012-12-31; 2886.0; 953.0; 348.0; 1301.0; -559.0; -188.0; -225.0; 664.0; 482.0; 4669.0; -1020.0; 0.0; -97.0; -3784.0; -600.0; -4384.0; -13.0; -5514.0; -669.0; 0.0; -669.0; 0.0; 0.0; 0.0; -23.0; -692.0; -1482.0; 716.0; 0.0
2012-09-30; 2176.0; 828.0; 568.0; 1396.0; -307.0; 18.0; -194.0; 101.0; 432.0; 4004.0; -872.0; 0.0; -525.0; -1561.0; -119.0; -1680.0; -230.0; -3307.0; -1.0; 0.0; -1.0; 0.0; 0.0; 0.0; 53.0; 52.0; 823.0; 762.0; 0.0
2012-06-30; 2785.0; 670.0; 292.0; 962.0; -222.0; 202.0; -249.0; -898.0; 505.0; 4252.0; -774.0; 0.0; -9854.0; -1398.0; -24.0; -1422.0; -336.0; -12386.0; 749.0; 0.0; 749.0; 0.0; 0.0; 0.0; -110.0; 639.0; -7671.0; 658.0; 0.0
2012-03-31; 2890.0; 511.0; 814.0; 1325.0; 301.0; -32.0; 169.0; -236.0; -521.0; 3694.0; -607.0; 0.0; -92.0; 8513.0; 92.0; 8605.0; 245.0; 8151.0; 1249.0; 0.0; 1249.0; 0.0; 0.0; 0.0; -19.0; 1230.0; 13125.0; 556.0; 0.0
2011-12-31; 2704.0; 503.0; 442.0; 945.0; -909.0; -12.0; 29.0; -25.0; 275.0; 3924.0; -951.0; 0.0; -550.0; -2340.0; 330.0; -2010.0; -1048.0; -4559.0; 0.0; 0.0; 0.0; 0.0; 0.0; 0.0; 40.0; 40.0; -647.0; 537.0; 0.0
2011-09-30; 2729.0; 492.0; 553.0; 1045.0; -223.0; -17.0; -5.0; 33.0; 176.0; 3950.0; -680.0; 0.0; -487.0; -3258.0; -140.0; -3398.0; 1118.0; -3447.0; 0.0; 0.0; 0.0; 0.0; 0.0; 0.0; -80.0; -80.0; 310.0; 571.0; 0.0
2011-06-30; 2506.0; 455.0; 619.0; 1074.0; -205.0; -1.0; 50.0; -33.0; -61.0; 3519.0; -917.0; 0.0; -715.0; -4382.0; -482.0; -4864.0; -118.0; -6614.0; 977.0; 0.0; 977.0; 0.0; 0.0; 0.0; -19.0; 958.0; -2095.0; 434.0; 0.0
2011-03-31; 1798.0; 401.0; 733.0; 1134.0; 181.0; 0.0; 27.0; -45.0; 240.0; 3172.0; -890.0; 0.0; -148.0; -2946.0; -131.0; -3077.0; -306.0; -4421.0; -251.0; 0.0; -251.0; 0.0; 0.0; 0.0; 140.0; -111.0; -1215.0; 432.0; 0.0
2010-12-31; 2543.0; 381.0; 326.0; 707.0; -673.0; 0.0; -42.0; 20.0; 276.0; 3526.0; -2545.0; 0.0; -208.0; 334.0; 70.0; 404.0; -500.0; -2849.0; 1342.0; 0.0; 1342.0; 0.0; 0.0; 0.0; 410.0; 1752.0; 2373.0; 396.0; 0.0
2010-09-30; 2167.0; 342.0; 386.0; 728.0; -259.0; 0.0; 115.0; -160.0; -9.0; 2886.0; -758.0; 0.0; -440.0; -2429.0; -910.0; -3339.0; -9.0; -4546.0; 2121.0; 0.0; 2121.0; 0.0; 0.0; 0.0; -54.0; 2067.0; 544.0; 380.0; 0.0
2010-06-30; 1840.0; 342.0; 299.0; 641.0; -243.0; 0.0; 79.0; -17.0; -396.0; 2085.0; -476.0; 0.0; -229.0; -1799.0; -227.0; -2026.0; 2870.0; 139.0; 0.0; 0.0; 0.0; -704.0; -704.0; 0.0; 58.0; -646.0; 1521.0; 309.0; 0.0
2010-03-31; 1955.0; 331.0; 268.0; 599.0; 46.0; 0.0; 120.0; -146.0; 30.0; 2584.0; -239.0; 0.0; -190.0; -2992.0; -3.0; -2995.0; 0.0; -3424.0; 0.0; 0.0; 0.0; -97.0; -97.0; 0.0; -26.0; -123.0; -1006.0; 291.0; 0.0
2009-12-31; 1974.0; 365.0; 276.0; 641.0; -377.0; 0.0; 25.0; -10.0; 116.0; 2731.0; -221.0; 0.0; -68.0; -4465.0; -19.0; -4484.0; 0.0; -4773.0; 0.0; 0.0; 0.0; 0.0; 0.0; 0.0; 158.0; 158.0; -1889.0; 276.0; 0.0
2009-09-30; 1639.0; 379.0; 112.0; 491.0; -85.0; 0.0; -33.0; 248.0; 596.0; 2726.0; -187.0; 0.0; -35.0; -2370.0; -18.0; -2388.0; 0.0; -2610.0; 0.0; 0.0; 0.0; 0.0; 0.0; 0.0; 29.0; 29.0; 176.0; 317.0; 0.0
2009-06-30; 1484.0; 377.0; 187.0; 564.0; -139.0; 0.0; 20.0; 13.0; -439.0; 1609.0; -139.0; 0.0; -3.0; -66.0; -9.0; -75.0; 0.0; -217.0; 0.0; 0.0; 0.0; 0.0; 0.0; 0.0; 51.0; 51.0; 1485.0; 294.0; 0.0
2009-03-31; 1423.0; 403.0; 211.0; 614.0; 97.0; 0.0; 22.0; 87.0; 213.0; 2250.0; -263.0; 0.0; -2.0; -135.0; -19.0; -154.0; 0.0; -419.0; 0.0; 0.0; 0.0; 0.0; 0.0; 0.0; -5.0; -5.0; 1769.0; 277.0; 0.0
