Date; Net Income/Loss; Total Depreciation And Amortization - Cash Flow; Other Non-Cash Items; Total Non-Cash Items; Change In Accounts Receivable; Change In Inventories; Change In Accounts Payable; Change In Assets/Liabilities; Total Change In Assets/Liabilities; Cash Flow From Operating Activities; Net Change In Property, Plant, And Equipment; Net Change In Intangible Assets; Net Acquisitions/Divestitures; Net Change In Short-term Investments; Net Change In Long-Term Investments; Net Change In Investments - Total; Investing Activities - Other; Cash Flow From Investing Activities; Net Long-Term Debt; Net Current Debt; Debt Issuance/Retirement Net - Total; Net Common Equity Issued/Repurchased; Net Total Equity Issued/Repurchased; Total Common And Preferred Stock Dividends Paid; Financial Activities - Other; Cash Flow From Financial Activities; Net Cash Flow; Stock-Based Compensation; Common Stock Dividends Paid
2022-09-30; 630.0; 72.0; -61.0; 11.0; 0.0; 0.0; 0.0; 210.0; 233.0; 874.0; -73.0; 0.0; 0.0; 0.0; 0.0; 0.0; 27.0; -46.0; 981.0; -300.0; 681.0; -935.0; -935.0; -97.0; 24.0; -327.0; 501.0; 48.0; -97.0
2022-06-30; 678.0; 68.0; 13.0; 81.0; 0.0; 0.0; 0.0; -222.0; -109.0; 650.0; -70.0; 0.0; 0.0; 0.0; 0.0; 0.0; 2.0; -68.0; -175.0; -500.0; -675.0; -300.0; -300.0; -98.0; -9.0; -1082.0; -500.0; 52.0; -98.0
2022-03-31; 377.0; 72.0; 82.0; 154.0; 0.0; 0.0; 0.0; -194.0; -133.0; 398.0; -49.0; 0.0; 0.0; 0.0; 0.0; 0.0; 26.0; -23.0; -401.0; -250.0; -651.0; 0.0; 0.0; 0.0; -78.0; -729.0; -354.0; 44.0; 0.0
2021-12-31; 468.0; 73.0; -113.0; -40.0; 0.0; 0.0; 0.0; -7.0; 4.0; 432.0; -65.0; 0.0; 0.0; 0.0; 0.0; 0.0; -41.0; -106.0; -151.0; 300.0; 149.0; 0.0; 0.0; 0.0; 149.0; 298.0; 624.0; 44.0; 0.0
2021-09-30; 220.0; 85.0; 134.0; 219.0; 0.0; 0.0; 0.0; 195.0; 180.0; 619.0; -43.0; 0.0; 0.0; 0.0; 0.0; 0.0; 34.0; -9.0; -704.0; 350.0; -354.0; 0.0; 0.0; 0.0; -138.0; -492.0; 118.0; 42.0; 0.0
2021-06-30; 422.0; 68.0; 0.0; 68.0; 0.0; 0.0; 0.0; -164.0; -391.0; 99.0; -40.0; 0.0; 0.0; 0.0; 0.0; 0.0; -3.0; -43.0; -18.0; 0.0; -18.0; 0.0; 0.0; 0.0; -1.0; -19.0; 37.0; 43.0; 0.0
2021-03-31; -11.0; 69.0; 74.0; 143.0; 0.0; 0.0; 0.0; -55.0; -105.0; 27.0; -23.0; 0.0; 0.0; 0.0; 0.0; 0.0; -6.0; -29.0; 337.0; -500.0; -163.0; 2.0; 2.0; 0.0; -89.0; -250.0; -252.0; 53.0; 0.0
2020-12-31; -164.0; 109.0; 358.0; 467.0; 0.0; 0.0; 0.0; -98.0; -287.0; 16.0; -38.0; 0.0; 0.0; 0.0; 0.0; 0.0; -38.0; -76.0; -604.0; -30.0; -634.0; 0.0; 0.0; 0.0; -2.0; -636.0; -696.0; 58.0; 0.0
2020-09-30; 100.0; 101.0; 59.0; 160.0; 0.0; 0.0; 0.0; -1.0; -142.0; 118.0; -18.0; 0.0; 0.0; 0.0; 0.0; 0.0; -12.0; -30.0; 636.0; -1433.0; -797.0; 0.0; 0.0; 0.0; -1.0; -798.0; -710.0; 52.0; 0.0
2020-06-30; -234.0; 93.0; 264.0; 357.0; 0.0; 0.0; 0.0; 945.0; 868.0; 991.0; -20.0; 0.0; 0.0; 0.0; 0.0; 0.0; -4.0; -24.0; 1708.0; -2144.0; -436.0; 0.0; 0.0; 0.0; -13.0; -449.0; 518.0; 50.0; 0.0
2020-03-31; 31.0; 175.0; 116.0; 291.0; 0.0; 0.0; 0.0; 263.0; 192.0; 514.0; 201.0; 0.0; 0.0; 0.0; 0.0; 0.0; -36.0; 165.0; -66.0; 1317.0; 1251.0; -150.0; -150.0; -156.0; -95.0; 850.0; 1529.0; 41.0; -156.0
2019-12-31; 279.0; 196.0; -95.0; 101.0; 0.0; 0.0; 0.0; 217.0; 115.0; 495.0; -27.0; 0.0; 0.0; 0.0; 0.0; 0.0; -14.0; -41.0; 331.0; -226.0; 105.0; -432.0; -432.0; -157.0; -17.0; -501.0; -47.0; 49.0; -157.0
2019-09-30; 387.0; 68.0; -76.0; -8.0; 0.0; 0.0; 0.0; 69.0; 73.0; 452.0; -91.0; 0.0; 0.0; 0.0; 0.0; 0.0; 22.0; -69.0; 7.0; 354.0; 361.0; -599.0; -599.0; -157.0; -8.0; -403.0; -20.0; 48.0; -157.0
2019-06-30; 232.0; 71.0; 337.0; 408.0; 0.0; 0.0; 0.0; 136.0; 41.0; 587.0; -76.0; 0.0; 0.0; 0.0; 0.0; 0.0; -10.0; -86.0; -14.0; 158.0; 144.0; -430.0; -430.0; -159.0; -36.0; -481.0; 20.0; 50.0; -159.0
2019-03-31; 375.0; 68.0; 22.0; 90.0; 0.0; 0.0; 0.0; -401.0; -408.0; 151.0; -64.0; 0.0; 0.0; 0.0; 0.0; 0.0; -24.0; -88.0; 238.0; 665.0; 903.0; -792.0; -792.0; -139.0; -95.0; -123.0; -60.0; 40.0; -139.0
2018-12-31; 317.0; 76.0; 157.0; 233.0; 0.0; 0.0; 0.0; 132.0; 50.0; 533.0; -75.0; 0.0; 0.0; 0.0; 0.0; 0.0; -58.0; -133.0; 1197.0; -1174.0; 23.0; -337.0; -337.0; -139.0; 0.0; -453.0; -53.0; 44.0; -139.0
2018-09-30; 503.0; 65.0; 31.0; 96.0; 0.0; 0.0; 0.0; 65.0; 78.0; 695.0; -50.0; 0.0; 0.0; 0.0; 0.0; 0.0; 17.0; -33.0; -4.0; 338.0; 334.0; -840.0; -840.0; -142.0; -4.0; -652.0; 10.0; 47.0; -142.0
2018-06-30; 667.0; 70.0; 41.0; 111.0; 0.0; 0.0; 0.0; -68.0; -262.0; 454.0; 4.0; 0.0; 0.0; 0.0; 0.0; 0.0; 61.0; 65.0; 69.0; 80.0; 149.0; -858.0; -858.0; -144.0; -6.0; -859.0; -340.0; 51.0; -144.0
2018-03-31; 420.0; 73.0; 145.0; 218.0; 0.0; 0.0; 0.0; -98.0; -74.0; 675.0; 44.0; 0.0; 0.0; 0.0; 0.0; 0.0; 5.0; 49.0; -13.0; 627.0; 614.0; -811.0; -811.0; -118.0; -95.0; -410.0; 314.0; 42.0; -118.0
2017-12-31; 114.0; 69.0; -539.0; -470.0; 0.0; 0.0; 0.0; 94.0; 791.0; 476.0; 851.0; 0.0; 0.0; 0.0; 0.0; 0.0; 33.0; 884.0; -6.0; -420.0; -426.0; -906.0; -906.0; -120.0; -13.0; -1465.0; -105.0; 42.0; -120.0
2017-09-30; 485.0; 65.0; -46.0; 19.0; 0.0; 0.0; 0.0; -11.0; 31.0; 565.0; -51.0; 0.0; 0.0; 0.0; 0.0; 0.0; 55.0; 4.0; -4.0; 361.0; 357.0; -776.0; -776.0; -122.0; -9.0; -550.0; 19.0; 44.0; -122.0
2017-06-30; 489.0; 83.0; 39.0; 122.0; 0.0; 0.0; 0.0; 22.0; 84.0; 724.0; 115.0; 0.0; 0.0; 0.0; 0.0; 0.0; -35.0; 80.0; -297.0; 145.0; -152.0; -745.0; -745.0; -125.0; -36.0; -1058.0; -254.0; 47.0; -125.0
2017-03-31; 371.0; 62.0; 29.0; 91.0; 0.0; 0.0; 0.0; -135.0; -49.0; 462.0; 263.0; 0.0; 0.0; 0.0; 0.0; 0.0; -20.0; 243.0; -3.0; -26.0; -29.0; -580.0; -580.0; -115.0; -99.0; -823.0; -118.0; 48.0; -115.0
2016-12-31; 272.0; 62.0; 99.0; 161.0; 0.0; 0.0; 0.0; -133.0; -31.0; 413.0; 91.0; 55.0; 20.0; 0.0; 0.0; 0.0; -25.0; 141.0; -31.0; -284.0; -315.0; -308.0; -308.0; -117.0; -26.0; -766.0; -212.0; 95.0; -117.0
2016-09-30; 70.0; 36.0; 278.0; 314.0; 0.0; 0.0; 0.0; 8.0; -52.0; 344.0; -54.0; -18.0; -2412.0; 0.0; 0.0; 0.0; 69.0; -2415.0; -2.0; 2598.0; 2596.0; 7.0; 7.0; -117.0; -16.0; 2470.0; 399.0; 58.0; -117.0
2016-06-30; 247.0; 30.0; 86.0; 116.0; 0.0; 0.0; 0.0; 64.0; 67.0; 468.0; 13.0; -16.0; 0.0; 0.0; 0.0; 0.0; -5.0; -8.0; 1191.0; -992.0; 199.0; 9.0; 9.0; -76.0; -12.0; 120.0; 580.0; 31.0; -76.0
2016-03-31; 219.0; 31.0; 104.0; 135.0; 0.0; 0.0; 0.0; -45.0; 13.0; 394.0; -38.0; -21.0; 0.0; 0.0; 0.0; 0.0; -5.0; -64.0; -2.0; 51.0; 49.0; -242.0; -242.0; -64.0; -70.0; -327.0; 3.0; 28.0; -64.0
2015-12-31; 202.0; 32.0; 118.0; 150.0; 0.0; 0.0; 0.0; 36.0; 59.0; 435.0; -26.0; -32.0; 0.0; 0.0; 0.0; 0.0; 52.0; -6.0; -318.0; 134.0; -184.0; -95.0; -95.0; -64.0; -85.0; -428.0; 1.0; 29.0; -64.0
2015-09-30; 210.0; 31.0; 47.0; 78.0; 0.0; 0.0; 0.0; -9.0; 12.0; 328.0; -28.0; -17.0; -1.0; 0.0; 0.0; 0.0; 67.0; 21.0; 787.0; -410.0; 377.0; -706.0; -706.0; -65.0; 0.0; -394.0; -45.0; 29.0; -65.0
2015-06-30; 240.0; 32.0; 87.0; 119.0; 0.0; 0.0; 0.0; 63.0; 133.0; 490.0; 250.0; -11.0; -136.0; 0.0; 121.0; 121.0; 150.0; 374.0; -2.0; -110.0; -112.0; -664.0; -664.0; -68.0; 0.0; -844.0; 20.0; 31.0; -68.0
2015-03-31; 207.0; 44.0; 69.0; 113.0; 0.0; 0.0; 0.0; -131.0; -102.0; 262.0; 172.0; -61.0; 0.0; 0.0; 0.0; 0.0; -133.0; -22.0; -2.0; 246.0; 244.0; -412.0; -412.0; -56.0; 0.0; -224.0; 16.0; 24.0; -56.0
2014-12-31; 197.0; 32.0; 133.0; 165.0; 0.0; 0.0; 0.0; -83.0; -95.0; 274.0; -1.0; -18.0; 0.0; 0.0; 7.0; 7.0; 3.0; -9.0; 392.0; -140.0; 252.0; -507.0; -507.0; -56.0; 0.0; -311.0; -46.0; 28.0; -56.0
2014-09-30; 192.0; 33.0; 29.0; 62.0; 0.0; 0.0; 0.0; -20.0; 6.0; 281.0; -111.0; -19.0; 0.0; 0.0; -2.0; -2.0; 11.0; -121.0; -2.0; 125.0; 123.0; -267.0; -267.0; -58.0; 0.0; -202.0; -42.0; 27.0; -58.0
2014-06-30; 192.0; 47.0; 67.0; 114.0; 0.0; 0.0; 0.0; 104.0; 145.0; 487.0; -95.0; -22.0; -184.0; 3.0; -4.0; -1.0; 77.0; -225.0; -1.0; 101.0; 100.0; -295.0; -295.0; -59.0; 0.0; -254.0; 8.0; 29.0; -59.0
2014-03-31; 172.0; 36.0; 55.0; 91.0; 0.0; 0.0; 0.0; -121.0; -105.0; 182.0; 231.0; -6.0; 0.0; -3.0; -1.0; -4.0; -179.0; 42.0; -2.0; 149.0; 147.0; -263.0; -263.0; -50.0; 0.0; -166.0; 58.0; 25.0; -50.0
2013-12-31; 151.0; 35.0; 121.0; 156.0; 0.0; 0.0; 0.0; 15.0; 21.0; 335.0; -70.0; -25.0; -112.0; 0.0; -65.0; -65.0; 62.0; -210.0; -2.0; 43.0; 41.0; -132.0; -132.0; -52.0; 0.0; -143.0; -18.0; 27.0; -52.0
2013-09-30; 160.0; 34.0; 13.0; 47.0; 0.0; 0.0; 0.0; 9.0; -9.0; 195.0; -78.0; -10.0; 0.0; 0.0; 0.0; 0.0; -2.0; -90.0; 343.0; -285.0; 58.0; -75.0; -75.0; -51.0; -1.0; -69.0; 36.0; 28.0; -51.0
2013-06-30; 179.0; 33.0; 43.0; 76.0; 0.0; 0.0; 0.0; 180.0; 232.0; 492.0; -78.0; -12.0; 0.0; 0.0; -2.0; -2.0; -39.0; -131.0; -1.0; -169.0; -170.0; -252.0; -252.0; -52.0; 0.0; -474.0; -113.0; 31.0; -52.0
2013-03-31; 136.0; 25.0; 38.0; 63.0; 0.0; 0.0; 0.0; -154.0; -121.0; 118.0; -70.0; -14.0; 0.0; 0.0; -14.0; -14.0; 10.0; -88.0; -402.0; 722.0; 320.0; -176.0; -176.0; -41.0; 0.0; 103.0; 133.0; 30.0; -41.0
2012-12-31; 181.0; 2.0; 150.0; 152.0; 0.0; 0.0; 0.0; -297.0; -227.0; 181.0; -121.0; -9.0; -210.0; 2.0; -3.0; -1.0; -31.0; -372.0; 344.0; 74.0; 418.0; -163.0; -163.0; -81.0; 0.0; 174.0; -17.0; 94.0; -81.0
2012-09-30; 143.0; 33.0; -21.0; 12.0; 0.0; 0.0; 0.0; 195.0; 236.0; 391.0; 2.0; -33.0; 0.0; -2.0; 0.0; -2.0; 39.0; 6.0; -16.0; -37.0; -53.0; -301.0; -301.0; -43.0; 0.0; -397.0; 0.0; 0.0; -43.0
2012-06-30; 143.0; 38.0; 10.0; 48.0; 0.0; 0.0; 0.0; 58.0; 101.0; 292.0; -56.0; -9.0; 0.0; 0.0; -10.0; -10.0; -9.0; -84.0; -350.0; 387.0; 37.0; -396.0; -396.0; -33.0; -1.0; -393.0; -185.0; 0.0; -33.0
2012-03-31; 104.0; 29.0; 15.0; 44.0; 0.0; 0.0; 0.0; -93.0; -23.0; 125.0; -197.0; -10.0; 0.0; 0.0; -2.0; -2.0; 74.0; -135.0; 588.0; -240.0; 348.0; -106.0; -106.0; -34.0; -10.0; 198.0; 188.0; 0.0; -34.0
2011-12-31; 141.0; 28.0; 30.0; 58.0; 0.0; 0.0; 0.0; -88.0; 5.0; 204.0; -36.0; -20.0; 0.0; 0.0; -12.0; -12.0; -34.0; -102.0; 50.0; -72.0; -22.0; -175.0; -175.0; -34.0; 11.0; -220.0; -118.0; 0.0; -34.0
2011-09-30; -179.0; 40.0; 393.0; 433.0; 0.0; 0.0; 0.0; 204.0; 150.0; 404.0; -36.0; -7.0; 0.0; 0.0; -1.0; -1.0; 125.0; 81.0; -67.0; 241.0; 174.0; -520.0; -520.0; -36.0; 0.0; -382.0; 103.0; 0.0; -36.0
2011-06-30; 135.0; 41.0; 35.0; 76.0; 0.0; 0.0; 0.0; 92.0; 131.0; 342.0; -29.0; -10.0; 0.0; 0.0; -5.0; -5.0; -4.0; -48.0; -52.0; 114.0; 62.0; -351.0; -351.0; -32.0; 0.0; -321.0; -27.0; 0.0; -32.0
2011-03-31; 101.0; 35.0; 114.0; 149.0; 0.0; 0.0; 0.0; -146.0; -111.0; 139.0; -62.0; -37.0; 0.0; 0.0; -65.0; -65.0; -14.0; -178.0; -77.0; 42.0; -35.0; -255.0; -255.0; -32.0; 0.0; -322.0; -361.0; 0.0; -32.0
2010-12-31; 173.0; 57.0; 183.0; 240.0; 0.0; 0.0; 0.0; -57.0; -175.0; 238.0; -49.0; -21.0; 0.0; 0.0; -14.0; -14.0; -19.0; -103.0; 98.0; 0.0; 98.0; 63.0; 63.0; -14.0; 0.0; 147.0; 282.0; 0.0; -14.0
2010-09-30; 83.0; 40.0; 88.0; 128.0; 0.0; 0.0; 0.0; 150.0; 180.0; 391.0; -80.0; -15.0; 0.0; 0.0; -6.0; -6.0; 9.0; -92.0; -89.0; -96.0; -185.0; 24.0; 24.0; -15.0; 0.0; -176.0; 123.0; 0.0; -15.0
2010-06-30; 119.0; 42.0; 61.0; 103.0; 0.0; 0.0; 0.0; 101.0; 140.0; 362.0; -39.0; -4.0; 0.0; 0.0; -6.0; -6.0; 4.0; -45.0; -58.0; -300.0; -358.0; 37.0; 37.0; -14.0; 0.0; -335.0; -18.0; 0.0; -14.0
2010-03-31; 83.0; 39.0; 90.0; 129.0; 0.0; 0.0; 0.0; -74.0; -52.0; 160.0; -25.0; -16.0; 0.0; 0.0; -3.0; -3.0; 20.0; -24.0; -121.0; -29.0; -150.0; 17.0; 17.0; 0.0; 0.0; -133.0; 3.0; 0.0; 0.0
2009-12-31; 106.0; 61.0; 139.0; 200.0; 0.0; 0.0; 0.0; -63.0; -35.0; 271.0; -34.0; -13.0; 0.0; 0.0; 15.0; 15.0; 93.0; 61.0; -79.0; -285.0; -364.0; 17.0; 17.0; 0.0; 0.0; -347.0; -15.0; 0.0; 0.0
2009-09-30; -469.0; 43.0; 738.0; 781.0; 0.0; 0.0; 0.0; 160.0; -62.0; 250.0; -29.0; -12.0; 0.0; 0.0; -13.0; -13.0; -3.0; -57.0; -2.0; -186.0; -188.0; 2.0; 2.0; -2.0; 0.0; -188.0; 5.0; 0.0; -2.0
2009-06-30; 35.0; 42.0; -32.0; 10.0; 0.0; 0.0; 0.0; 92.0; 99.0; 144.0; -33.0; -9.0; 0.0; 0.0; -10.0; -10.0; 20.0; -32.0; -27.0; -104.0; -131.0; 6.0; 6.0; -30.0; 0.0; -155.0; -43.0; 0.0; -30.0
2009-03-31; -25.0; 39.0; 252.0; 291.0; 0.0; 0.0; 0.0; -83.0; -63.0; 203.0; -49.0; -5.0; 0.0; 0.0; -4.0; -4.0; 17.0; -41.0; -130.0; 31.0; -99.0; 2.0; 2.0; -31.0; 0.0; -128.0; 34.0; 0.0; -31.0
