Date; Net Income/Loss; Total Depreciation And Amortization - Cash Flow; Other Non-Cash Items; Total Non-Cash Items; Change In Accounts Receivable; Change In Inventories; Change In Accounts Payable; Change In Assets/Liabilities; Total Change In Assets/Liabilities; Cash Flow From Operating Activities; Net Change In Property, Plant, And Equipment; Net Change In Intangible Assets; Net Acquisitions/Divestitures; Net Change In Short-term Investments; Net Change In Long-Term Investments; Net Change In Investments - Total; Investing Activities - Other; Cash Flow From Investing Activities; Net Long-Term Debt; Net Current Debt; Debt Issuance/Retirement Net - Total; Net Common Equity Issued/Repurchased; Net Total Equity Issued/Repurchased; Total Common And Preferred Stock Dividends Paid; Financial Activities - Other; Cash Flow From Financial Activities; Net Cash Flow; Stock-Based Compensation; Common Stock Dividends Paid
2022-09-30; 2222.0; 358.0; -90.0; 268.0; -336.0; -74.0; 101.0; 543.0; 468.0; 3068.0; -252.0; 0.0; 0.0; 0.0; 0.0; 0.0; 156.0; -96.0; -1482.0; 1274.0; -208.0; 0.0; 0.0; -1942.0; -121.0; -2271.0; 331.0; 0.0; -1942.0
2022-06-30; 2346.0; 287.0; -106.0; 181.0; -74.0; 1099.0; 160.0; -34.0; 820.0; 3524.0; -249.0; 0.0; 0.0; 0.0; 0.0; 0.0; 390.0; 141.0; -1.0; -876.0; -877.0; 0.0; 0.0; -1945.0; -277.0; -3099.0; 417.0; 0.0; -1945.0
2022-03-31; 2465.0; 253.0; -29.0; 224.0; -553.0; -232.0; 14.0; -835.0; -1699.0; 1118.0; -229.0; 0.0; 0.0; 0.0; -20.0; -20.0; 53.0; -196.0; -496.0; 2221.0; 1725.0; -209.0; -209.0; -1952.0; -265.0; -701.0; 126.0; 0.0; -1952.0
2021-12-31; 2229.0; 279.0; 13.0; 292.0; 156.0; -686.0; 488.0; 1643.0; 1605.0; 4032.0; -289.0; 0.0; -242.0; 0.0; -8.0; -8.0; 199.0; -340.0; -1063.0; 18.0; -1045.0; -681.0; -681.0; -1952.0; -123.0; -3801.0; -300.0; 0.0; -1952.0
2021-09-30; 2588.0; 235.0; -28.0; 207.0; 273.0; 468.0; 181.0; -80.0; 1037.0; 3870.0; -152.0; 0.0; -1842.0; 0.0; -26.0; -26.0; 130.0; -1890.0; 0.0; 90.0; 90.0; -94.0; -94.0; -1876.0; -173.0; -2053.0; -120.0; 0.0; -1876.0
2021-06-30; 2298.0; 239.0; -21.0; 218.0; -200.0; 462.0; 51.0; 1168.0; 1113.0; 3630.0; -128.0; 0.0; -27.0; 0.0; 0.0; 0.0; -28.0; -183.0; -347.0; -59.0; -406.0; 0.0; 0.0; -1873.0; -195.0; -2474.0; 1014.0; 0.0; -1873.0
2021-03-31; 2595.0; 245.0; -3.0; 242.0; -427.0; 305.0; -67.0; -2108.0; -2388.0; 435.0; -179.0; 0.0; 0.0; 0.0; 0.0; 0.0; 234.0; 55.0; -1632.0; -49.0; -1681.0; 0.0; 0.0; -1879.0; -89.0; -3649.0; -3379.0; 0.0; -1879.0
2020-12-31; 2119.0; 272.0; 74.0; 346.0; 167.0; -988.0; 428.0; 1147.0; 675.0; 3162.0; -140.0; 0.0; 0.0; 0.0; -44.0; -44.0; -402.0; -586.0; 1483.0; 89.0; 1572.0; 0.0; 0.0; -1879.0; -158.0; -465.0; 2458.0; 0.0; -1879.0
2020-09-30; 2437.0; 239.0; -135.0; 104.0; 197.0; 843.0; 142.0; -246.0; 988.0; 3614.0; -152.0; 0.0; 0.0; 0.0; 0.0; 0.0; -282.0; -434.0; -358.0; -129.0; -487.0; 0.0; 0.0; -1827.0; -214.0; -2528.0; 620.0; 0.0; -1827.0
2020-06-30; 2049.0; 229.0; -24.0; 205.0; -454.0; 555.0; -99.0; -118.0; -295.0; 1925.0; -140.0; 0.0; 0.0; 0.0; -1.0; -1.0; -507.0; -648.0; 2230.0; -1152.0; 1078.0; 0.0; 0.0; -1830.0; -202.0; -954.0; 457.0; 0.0; -1830.0
2020-03-31; 1987.0; 241.0; -72.0; 169.0; 116.0; -575.0; -65.0; -662.0; -1240.0; 1111.0; -170.0; 0.0; 0.0; 0.0; -2.0; -2.0; 686.0; 514.0; -3641.0; 1122.0; -2519.0; 0.0; 0.0; -1828.0; -202.0; -4549.0; -3115.0; 0.0; -1828.0
2019-12-31; 1782.0; 255.0; 312.0; 567.0; 175.0; -484.0; 482.0; 816.0; 1070.0; 3324.0; -156.0; 0.0; 0.0; 0.0; 0.0; 0.0; -28.0; -184.0; -1027.0; -24.0; -1051.0; -47.0; -47.0; -1825.0; -36.0; -2959.0; 354.0; 0.0; -1825.0
2019-09-30; 2046.0; 237.0; 8.0; 245.0; 267.0; -450.0; 70.0; -250.0; -268.0; 2083.0; -194.0; 0.0; 0.0; 0.0; -3.0; -3.0; 319.0; 122.0; 2191.0; 89.0; 2280.0; 2.0; 2.0; -1779.0; -50.0; 453.0; 2498.0; 0.0; -1779.0
2019-06-30; 2436.0; 232.0; -13.0; 219.0; -777.0; 149.0; -94.0; 1397.0; 825.0; 3442.0; -178.0; 0.0; 0.0; 0.0; -4.0; -4.0; 29.0; -153.0; 794.0; -1251.0; -457.0; 45.0; 45.0; -1777.0; -215.0; -2404.0; 927.0; 0.0; -1777.0
2019-03-31; 1464.0; 240.0; -77.0; 163.0; 4.0; 237.0; -7.0; -855.0; -872.0; 1241.0; -324.0; 0.0; -1346.0; 0.0; -24.0; -24.0; 98.0; -1596.0; -2137.0; 822.0; -1315.0; 0.0; 0.0; -1780.0; -56.0; -3151.0; -3534.0; 0.0; -1780.0
2018-12-31; 2003.0; 255.0; -61.0; 194.0; -59.0; -464.0; 325.0; 289.0; 228.0; 2422.0; -334.0; 0.0; 0.0; 0.0; -22.0; -22.0; 522.0; 166.0; -1.0; 180.0; 179.0; 82.0; 82.0; -1775.0; -233.0; -1747.0; 707.0; 0.0; -1775.0
2018-09-30; 2341.0; 246.0; 3.0; 249.0; 177.0; 377.0; -248.0; -1402.0; -1008.0; 1683.0; -328.0; 0.0; 0.0; 0.0; -11.0; -11.0; -142.0; -481.0; 0.0; -44.0; -44.0; 3.0; 3.0; -1778.0; -70.0; -1889.0; -709.0; 0.0; -1778.0
2018-06-30; 2295.0; 246.0; -71.0; 175.0; 48.0; -864.0; -66.0; 2532.0; 1605.0; 3993.0; -409.0; 0.0; 0.0; 0.0; -12.0; -12.0; 756.0; 335.0; -2483.0; 16.0; -2467.0; 6.0; 6.0; -1673.0; -143.0; -4277.0; -609.0; 0.0; -1673.0
2018-03-31; 1647.0; 242.0; 26.0; 268.0; -113.0; 338.0; -62.0; -509.0; -661.0; 1380.0; -365.0; 0.0; 0.0; 0.0; -18.0; -18.0; -635.0; -1018.0; 0.0; 103.0; 103.0; -91.0; -91.0; -1659.0; -91.0; -1738.0; -1245.0; 0.0; -1659.0
2017-12-31; 796.0; 243.0; -156.0; 87.0; 26.0; -513.0; 178.0; 164.0; 1645.0; 2921.0; -553.0; 0.0; 0.0; 0.0; -71.0; -71.0; -137.0; -761.0; 2631.0; -2407.0; 224.0; 0.0; 0.0; -1666.0; -95.0; -1537.0; 741.0; 0.0; -1666.0
2017-09-30; 2045.0; 225.0; -425.0; -200.0; -104.0; -421.0; 111.0; 402.0; 28.0; 1920.0; -435.0; 0.0; 0.0; 0.0; -21.0; -21.0; -622.0; -1078.0; 1.0; 2014.0; 2015.0; 2.0; 2.0; -1618.0; -40.0; 359.0; 1448.0; 0.0; -1618.0
2017-06-30; 1842.0; 210.0; 43.0; 253.0; -518.0; 421.0; 52.0; 1087.0; 1092.0; 3228.0; -268.0; 0.0; 0.0; 0.0; -14.0; -14.0; -419.0; -701.0; -1.0; -108.0; -109.0; 3.0; 3.0; -1618.0; -208.0; -1932.0; 1081.0; 0.0; -1618.0
2017-03-31; 1658.0; 197.0; 27.0; 224.0; 504.0; 1243.0; 84.0; -2207.0; -886.0; 843.0; -292.0; 0.0; 0.0; 0.0; -5.0; -5.0; -246.0; -543.0; 1668.0; 374.0; 2042.0; 0.0; 0.0; -1618.0; -83.0; 341.0; 875.0; 0.0; -1618.0
2016-12-31; 1775.0; 195.0; 158.0; 353.0; -611.0; -1940.0; 193.0; 2462.0; 154.0; 2149.0; -438.0; 0.0; 0.0; 0.0; -15.0; -15.0; 562.0; 109.0; -321.0; 43.0; -278.0; 2.0; 2.0; -1619.0; 42.0; -1853.0; -602.0; 0.0; -1619.0
2016-09-30; 2028.0; 188.0; 2.0; 190.0; -13.0; 546.0; -92.0; 204.0; 854.0; 3092.0; -254.0; 0.0; 0.0; 0.0; -10.0; -10.0; -242.0; -506.0; 0.0; 56.0; 56.0; 0.0; 0.0; -1586.0; -36.0; -1566.0; 1070.0; 0.0; -1586.0
2016-06-30; 1842.0; 185.0; 26.0; 211.0; -210.0; 650.0; 49.0; -267.0; 239.0; 2374.0; -254.0; 0.0; 0.0; 0.0; -9.0; -9.0; 245.0; -18.0; 313.0; 25.0; 338.0; -1.0; -1.0; -1588.0; -150.0; -1401.0; 870.0; 0.0; -1588.0
2016-03-31; 1605.0; 175.0; -4.0; 171.0; -175.0; 49.0; 223.0; -922.0; -1310.0; 462.0; -226.0; 0.0; 0.0; 0.0; -7.0; -7.0; -186.0; -419.0; 1151.0; -136.0; 1015.0; 6.0; 6.0; -1585.0; -29.0; -593.0; -473.0; 0.0; -1585.0
2015-12-31; 1298.0; 193.0; -64.0; 129.0; 472.0; -1429.0; 140.0; 1260.0; 459.0; 1872.0; -324.0; 0.0; 0.0; 0.0; -31.0; -31.0; 35.0; -320.0; -1.0; -180.0; -181.0; 1503.0; 1503.0; -1585.0; -12.0; -275.0; 1024.0; 0.0; -1585.0
2015-09-30; 1984.0; 184.0; -60.0; 124.0; 113.0; -221.0; 132.0; 193.0; 538.0; 2693.0; -223.0; 0.0; 0.0; 0.0; -13.0; -13.0; 72.0; -164.0; 409.0; -659.0; -250.0; 6.0; 6.0; -1555.0; -22.0; -1821.0; 555.0; 0.0; -1555.0
2015-06-30; 1916.0; 185.0; -30.0; 155.0; 8.0; 416.0; -6.0; 866.0; 1440.0; 3675.0; -210.0; 0.0; 0.0; 0.0; -3.0; -3.0; -79.0; -292.0; -1.0; -1677.0; -1678.0; 113.0; 113.0; -1555.0; -45.0; -3165.0; 314.0; 0.0; -1555.0
2015-03-31; 1834.0; 192.0; -28.0; 164.0; 54.0; 393.0; 44.0; -2327.0; -2371.0; -375.0; -203.0; 0.0; 0.0; 0.0; -8.0; -8.0; 279.0; 68.0; -97.0; 2250.0; 2153.0; -48.0; -48.0; -1555.0; -25.0; 525.0; -158.0; 0.0; -1555.0
2014-12-31; 1649.0; 229.0; -179.0; 50.0; -287.0; -1221.0; 50.0; 901.0; -349.0; 1354.0; -349.0; 0.0; 0.0; 0.0; -7.0; -7.0; 133.0; -223.0; 1959.0; -855.0; 1104.0; -783.0; -783.0; -1564.0; -34.0; -1277.0; -361.0; 0.0; -1564.0
2014-09-30; 2198.0; 233.0; -71.0; 162.0; 69.0; -158.0; 125.0; 258.0; 531.0; 2965.0; -296.0; 0.0; -7.0; 0.0; -6.0; -6.0; 80.0; -229.0; 0.0; 203.0; 203.0; -769.0; -769.0; -1478.0; -31.0; -2075.0; 502.0; 0.0; -1478.0
2014-06-30; 1895.0; 216.0; 454.0; 670.0; -640.0; 398.0; -33.0; 465.0; 277.0; 2705.0; -252.0; 0.0; -103.0; 0.0; -16.0; -16.0; 35.0; -336.0; 1273.0; -1362.0; -89.0; -1040.0; -1040.0; -1490.0; -63.0; -2682.0; -282.0; 0.0; -1490.0
2014-03-31; 1916.0; 211.0; -91.0; 120.0; 395.0; 1086.0; 35.0; -2131.0; -1377.0; 715.0; -256.0; 0.0; 0.0; 0.0; 0.0; 0.0; 48.0; -208.0; 1119.0; 934.0; 2053.0; -1241.0; -1241.0; -1503.0; -114.0; -805.0; -331.0; 0.0; -1503.0
2013-12-31; 2036.0; 223.0; 196.0; 419.0; -243.0; -1959.0; 77.0; 1697.0; -153.0; 2320.0; -379.0; 0.0; 0.0; 0.0; -762.0; -762.0; -68.0; -1209.0; 1976.0; -1257.0; 719.0; -1447.0; -1447.0; -1518.0; -66.0; -2312.0; -1228.0; 0.0; -1518.0
2013-09-30; 2402.0; 218.0; -1.0; 217.0; 328.0; 74.0; -35.0; 29.0; 590.0; 3315.0; -301.0; 0.0; 0.0; 0.0; -653.0; -653.0; -26.0; -980.0; 0.0; 1014.0; 1014.0; -2191.0; -2191.0; -1387.0; -40.0; -2604.0; -204.0; 0.0; -1387.0
2013-06-30; 2194.0; 219.0; -12.0; 207.0; -467.0; -334.0; 60.0; 1414.0; 607.0; 3137.0; -280.0; 0.0; 0.0; 0.0; -3.0; -3.0; 14.0; -269.0; -1363.0; 1174.0; -189.0; -1575.0; -1575.0; -1401.0; -81.0; -3246.0; -395.0; 0.0; -1401.0
2013-03-31; 2218.0; 222.0; 77.0; 299.0; -67.0; 806.0; 1.0; -1260.0; -1254.0; 1363.0; -240.0; 0.0; 0.0; 0.0; 0.0; 0.0; 18.0; -222.0; 3830.0; -879.0; 2951.0; -1453.0; -1453.0; -1414.0; -137.0; -53.0; 998.0; 0.0; -1414.0
2012-12-31; 2191.0; 233.0; -132.0; 101.0; -6.0; -591.0; 10.0; -360.0; -635.0; 1650.0; -337.0; 0.0; 0.0; 0.0; -3.0; -3.0; 39.0; -301.0; 0.0; 273.0; 273.0; -1970.0; -1970.0; -1431.0; -84.0; -3212.0; -1834.0; 0.0; -1431.0
2012-09-30; 2324.0; 216.0; -52.0; 164.0; 21.0; -714.0; -80.0; 327.0; -140.0; 2393.0; -243.0; 0.0; 0.0; 0.0; -3.0; -3.0; 67.0; -179.0; 2023.0; -568.0; 1455.0; -1498.0; -1498.0; -1310.0; -47.0; -1400.0; 971.0; 0.0; -1310.0
2012-06-30; 2407.0; 222.0; -84.0; 138.0; -262.0; -459.0; 57.0; 1393.0; 802.0; 3480.0; -249.0; 0.0; 0.0; 0.0; 0.0; 0.0; -39.0; -288.0; 1703.0; -1371.0; 332.0; -1632.0; -1632.0; -1325.0; -80.0; -2705.0; 270.0; 0.0; -1325.0
2012-03-31; 2232.0; 227.0; 46.0; 273.0; -151.0; 1036.0; 23.0; -1543.0; -688.0; 1898.0; -227.0; 0.0; 0.0; 0.0; 0.0; 0.0; 3.0; -224.0; -447.0; 2564.0; 2117.0; -1427.0; -1427.0; -1338.0; -135.0; -783.0; 1026.0; 0.0; -1338.0
2011-12-31; 1946.0; 250.0; 99.0; 349.0; -60.0; -1006.0; 20.0; 272.0; -998.0; 961.0; -329.0; 0.0; 0.0; 0.0; -36.0; -36.0; 15.0; -350.0; 2142.0; -1036.0; 1106.0; -1008.0; -1008.0; -1347.0; -35.0; -1284.0; -841.0; 0.0; -1347.0
2011-09-30; 2461.0; 255.0; -35.0; 220.0; 59.0; -26.0; -7.0; -7.0; 332.0; 3053.0; -223.0; 0.0; -18.0; 0.0; 0.0; 0.0; -20.0; -261.0; -813.0; 2016.0; 1203.0; -1445.0; -1445.0; -1133.0; 19.0; -1356.0; 1213.0; 0.0; -1133.0
2011-06-30; 2485.0; 249.0; -68.0; 181.0; -388.0; 518.0; 70.0; 917.0; 1396.0; 4120.0; -186.0; 0.0; -42.0; 0.0; 0.0; 0.0; -18.0; -246.0; 978.0; -1174.0; -196.0; -1594.0; -1594.0; -1149.0; -100.0; -3039.0; 856.0; 0.0; -1149.0
2011-03-31; 1987.0; 239.0; 30.0; 269.0; 138.0; 478.0; 116.0; -491.0; 104.0; 2395.0; -159.0; 0.0; -20.0; 0.0; 0.0; 0.0; 4.0; -175.0; -23.0; -32.0; -55.0; -1253.0; -1253.0; -1159.0; -192.0; -2659.0; -381.0; 0.0; -1159.0
2010-12-31; 1810.0; 255.0; 104.0; 359.0; -37.0; -215.0; -154.0; 62.0; -409.0; 1581.0; -230.0; 0.0; -41.0; 0.0; 0.0; 0.0; 7.0; -264.0; -115.0; -663.0; -778.0; -1107.0; -1107.0; -1169.0; -17.0; -3071.0; -1804.0; 0.0; -1169.0
2010-09-30; 1892.0; 230.0; -21.0; 209.0; 430.0; -78.0; -38.0; -180.0; 277.0; 2417.0; -164.0; 0.0; -41.0; 0.0; 0.0; 0.0; 10.0; -195.0; 0.0; 1544.0; 1544.0; -956.0; -956.0; -1071.0; -20.0; -503.0; 1923.0; 0.0; -1071.0
2010-06-30; 2042.0; 224.0; -6.0; 218.0; -242.0; 146.0; 103.0; 1113.0; 1280.0; 3465.0; -169.0; 0.0; -1.0; 0.0; 0.0; 0.0; 23.0; -147.0; -68.0; -184.0; -252.0; -1092.0; -1092.0; -1085.0; -63.0; -2492.0; 734.0; 0.0; -1085.0
2010-03-31; 1754.0; 223.0; -4.0; 219.0; -28.0; 1218.0; 17.0; -954.0; 107.0; 1974.0; -150.0; 0.0; 0.0; 0.0; 0.0; 0.0; 46.0; -104.0; 1130.0; -706.0; 424.0; -1646.0; -1646.0; -1098.0; -192.0; -2512.0; -690.0; 0.0; -1098.0
2009-12-31; 1584.0; 246.0; 27.0; 273.0; -102.0; -483.0; -172.0; 497.0; -294.0; 1465.0; -232.0; 0.0; 6.0; 0.0; 0.0; 0.0; -104.0; -330.0; -100.0; 1352.0; 1252.0; -1321.0; -1321.0; -1115.0; -17.0; -1201.0; -62.0; 0.0; -1115.0
2009-09-30; 1854.0; 212.0; 33.0; 245.0; 241.0; -201.0; 83.0; -665.0; -302.0; 1846.0; -160.0; 0.0; -226.0; 0.0; 0.0; 0.0; 13.0; -373.0; 0.0; -107.0; -107.0; -1382.0; -1382.0; -1051.0; -25.0; -2565.0; -1000.0; 0.0; -1051.0
2009-06-30; 1597.0; 202.0; 8.0; 210.0; -370.0; 249.0; 7.0; 1470.0; 1290.0; 3146.0; -178.0; 0.0; 0.0; 0.0; 0.0; 0.0; -29.0; -207.0; 0.0; -358.0; -358.0; -1387.0; -1387.0; -1072.0; -46.0; -2863.0; 241.0; 0.0; -1072.0
2009-03-31; 1517.0; 193.0; 34.0; 227.0; 44.0; 1095.0; -34.0; -1112.0; -142.0; 1427.0; -145.0; 0.0; -209.0; 0.0; 0.0; 0.0; 166.0; -188.0; 2986.0; -641.0; 2345.0; -1358.0; -1358.0; -1089.0; -180.0; -282.0; 830.0; 0.0; -1089.0
