Date; Net Income/Loss; Total Depreciation And Amortization - Cash Flow; Other Non-Cash Items; Total Non-Cash Items; Change In Accounts Receivable; Change In Inventories; Change In Accounts Payable; Change In Assets/Liabilities; Total Change In Assets/Liabilities; Cash Flow From Operating Activities; Net Change In Property, Plant, And Equipment; Net Change In Intangible Assets; Net Acquisitions/Divestitures; Net Change In Short-term Investments; Net Change In Long-Term Investments; Net Change In Investments - Total; Investing Activities - Other; Cash Flow From Investing Activities; Net Long-Term Debt; Net Current Debt; Debt Issuance/Retirement Net - Total; Net Common Equity Issued/Repurchased; Net Total Equity Issued/Repurchased; Total Common And Preferred Stock Dividends Paid; Financial Activities - Other; Cash Flow From Financial Activities; Net Cash Flow; Stock-Based Compensation; Common Stock Dividends Paid
2022-12-31; 1962.0; 263.0; -111.0; 152.0; 145.0; -353.0; 106.0; -455.0; -425.0; 2042.0; -967.0; 0.0; 0.0; -38.0; 0.0; -38.0; -22.0; -1027.0; 799.0; 0.0; 799.0; -798.0; -798.0; -1123.0; -12.0; -1134.0; -119.0; 62.0; -1123.0
2022-09-30; 2295.0; 262.0; 65.0; 327.0; 150.0; -205.0; 0.0; 81.0; 229.0; 2766.0; -790.0; 0.0; 0.0; -1313.0; 0.0; -1313.0; -10.0; -2113.0; 695.0; 0.0; 695.0; -918.0; -918.0; -1051.0; -12.0; -1286.0; -633.0; 68.0; -1051.0
2022-06-30; 2291.0; 240.0; 70.0; 310.0; -395.0; -139.0; -11.0; 48.0; -612.0; 1768.0; -596.0; 0.0; 0.0; 1739.0; 0.0; 1739.0; 82.0; 1225.0; -500.0; 0.0; -500.0; -1126.0; -1126.0; -1060.0; -10.0; -2696.0; 297.0; 85.0; -1060.0
2022-03-31; 2201.0; 214.0; 71.0; 285.0; -94.0; -150.0; 11.0; 42.0; -295.0; 2144.0; -441.0; 0.0; 0.0; -1214.0; 0.0; -1214.0; -13.0; -1668.0; 0.0; 0.0; 0.0; -532.0; -532.0; -1063.0; -7.0; -1602.0; -1126.0; 74.0; -1063.0
2021-12-31; 2138.0; 213.0; -4.0; 209.0; -48.0; -47.0; 33.0; -28.0; -33.0; 2357.0; -1214.0; 0.0; 0.0; -989.0; 0.0; -989.0; -26.0; -2229.0; 0.0; 0.0; 0.0; -90.0; -90.0; -1062.0; -8.0; -1160.0; -1032.0; 50.0; -1062.0
2021-09-30; 1947.0; 253.0; 59.0; 312.0; -62.0; -13.0; 0.0; 89.0; 174.0; 2428.0; -483.0; 0.0; 0.0; -378.0; 0.0; -378.0; -23.0; -884.0; 1495.0; 0.0; 1495.0; -64.0; -64.0; -942.0; -19.0; 470.0; 2014.0; 50.0; -942.0
2021-06-30; 1931.0; 247.0; 65.0; 312.0; -7.0; 40.0; -69.0; -43.0; -61.0; 2121.0; -383.0; 0.0; 0.0; 503.0; 0.0; 503.0; 7.0; 127.0; 0.0; 0.0; 0.0; -92.0; -92.0; -942.0; -7.0; -1041.0; 1207.0; 69.0; -942.0
2021-03-31; 1753.0; 241.0; 68.0; 309.0; -170.0; 65.0; 69.0; 101.0; -183.0; 1850.0; -307.0; 0.0; 0.0; -782.0; 0.0; -782.0; -20.0; -1109.0; -550.0; 0.0; -550.0; 96.0; 96.0; -940.0; -12.0; -1406.0; -665.0; 61.0; -940.0
2020-12-31; 1688.0; 243.0; 19.0; 262.0; -22.0; 117.0; 63.0; -104.0; 240.0; 2125.0; -211.0; 0.0; 0.0; -764.0; 0.0; -764.0; -21.0; -996.0; 0.0; 0.0; 0.0; 99.0; 99.0; -937.0; -6.0; -844.0; 285.0; 42.0; -937.0
2020-09-30; 1353.0; 250.0; -3.0; 247.0; -216.0; 64.0; 0.0; 24.0; -192.0; 1443.0; -144.0; 0.0; 0.0; -2030.0; 0.0; -2030.0; -15.0; -2189.0; 0.0; 0.0; 0.0; 108.0; 108.0; -825.0; -9.0; -726.0; -1472.0; 50.0; -825.0
2020-06-30; 1380.0; 249.0; 38.0; 287.0; 140.0; -133.0; 0.0; 53.0; 26.0; 1720.0; -129.0; 0.0; 0.0; 1561.0; 0.0; 1561.0; 5.0; 1437.0; 249.0; 0.0; 249.0; -795.0; -795.0; -823.0; -12.0; -1381.0; 1776.0; 69.0; -823.0
2020-03-31; 1174.0; 250.0; 29.0; 279.0; -242.0; -2.0; 0.0; -61.0; -511.0; 851.0; -161.0; 0.0; 0.0; 992.0; 0.0; 992.0; -5.0; 826.0; 749.0; 0.0; 749.0; -1495.0; -1495.0; -841.0; -9.0; -1596.0; 81.0; 63.0; -841.0
2019-12-31; 1070.0; 250.0; 91.0; 341.0; 268.0; 39.0; -93.0; -17.0; 368.0; 1754.0; -163.0; 0.0; 0.0; -1765.0; 0.0; -1765.0; 7.0; -1921.0; 0.0; 0.0; 0.0; -441.0; -441.0; -841.0; -7.0; -1289.0; -1456.0; 41.0; -841.0
2019-09-30; 1425.0; 275.0; 44.0; 319.0; 77.0; 39.0; 93.0; 61.0; 242.0; 1992.0; -149.0; 0.0; 0.0; -766.0; 0.0; -766.0; 1.0; -914.0; -2.0; 0.0; -2.0; -262.0; -262.0; -721.0; -13.0; -998.0; 80.0; 48.0; -721.0
2019-06-30; 1305.0; 267.0; 77.0; 344.0; 21.0; 52.0; -93.0; 20.0; 183.0; 1796.0; -256.0; 0.0; 0.0; -39.0; 0.0; -39.0; 37.0; -258.0; 0.0; 0.0; 0.0; -717.0; -717.0; -722.0; -6.0; -1445.0; 93.0; 67.0; -722.0
2019-03-31; 1217.0; 258.0; 63.0; 321.0; -233.0; 86.0; 0.0; 230.0; -451.0; 1107.0; -249.0; 0.0; 0.0; 1435.0; 0.0; 1435.0; -13.0; 1173.0; 743.0; 0.0; 743.0; -1001.0; -1001.0; -724.0; -16.0; -998.0; 1282.0; 61.0; -724.0
2018-12-31; 1239.0; 249.0; 16.0; 265.0; 378.0; -101.0; -7.0; 111.0; 627.0; 2145.0; -314.0; 0.0; 0.0; 1830.0; 0.0; 1830.0; -11.0; 1505.0; 0.0; 0.0; 0.0; -1971.0; -1971.0; -736.0; -7.0; -2714.0; 936.0; 42.0; -736.0
2018-09-30; 1570.0; 243.0; -6.0; 237.0; -34.0; -26.0; 0.0; 163.0; 313.0; 2106.0; -370.0; 0.0; 0.0; -1384.0; 0.0; -1384.0; -14.0; -1768.0; 0.0; 0.0; 0.0; -1145.0; -1145.0; -602.0; -8.0; -1755.0; -1417.0; 46.0; -602.0
2018-06-30; 1405.0; 233.0; 75.0; 308.0; -97.0; -58.0; 0.0; 90.0; 184.0; 1826.0; -249.0; 0.0; 0.0; 162.0; 0.0; 162.0; 6.0; -81.0; 1000.0; 0.0; 1000.0; -916.0; -916.0; -606.0; -21.0; -543.0; 1202.0; 74.0; -606.0
2018-03-31; 1366.0; 229.0; 39.0; 268.0; -176.0; -97.0; 0.0; 341.0; -486.0; 1112.0; -189.0; 0.0; 0.0; 459.0; 0.0; 459.0; -4.0; 266.0; 0.0; 0.0; 0.0; -695.0; -695.0; -611.0; -11.0; -1317.0; 61.0; 70.0; -611.0
2017-12-31; 344.0; 224.0; 204.0; 428.0; 299.0; -49.0; 19.0; 18.0; 1114.0; 1929.0; -231.0; 0.0; 0.0; -660.0; 0.0; -660.0; -7.0; -898.0; 494.0; 0.0; 494.0; -544.0; -544.0; -611.0; -10.0; -671.0; 360.0; 45.0; -611.0
2017-09-30; 1285.0; 225.0; 52.0; 277.0; -106.0; 39.0; -19.0; 62.0; 192.0; 1722.0; -186.0; 0.0; 0.0; -298.0; 0.0; -298.0; -4.0; -488.0; 0.0; 0.0; 0.0; -574.0; -574.0; -495.0; -9.0; -1078.0; 156.0; 54.0; -495.0
2017-06-30; 1056.0; 225.0; 21.0; 246.0; -132.0; -104.0; 0.0; 102.0; -376.0; 917.0; -151.0; 0.0; 0.0; 135.0; 0.0; 135.0; 8.0; -8.0; 230.0; 0.0; 230.0; -566.0; -566.0; -498.0; -8.0; -842.0; 67.0; 75.0; -498.0
2017-03-31; 997.0; 230.0; 77.0; 307.0; -68.0; -53.0; 0.0; -85.0; -491.0; 795.0; -87.0; 0.0; 0.0; 363.0; 0.0; 363.0; -9.0; 267.0; -250.0; 0.0; -250.0; -389.0; -389.0; -500.0; -4.0; -1143.0; -81.0; 68.0; -500.0
2016-12-31; 1047.0; 227.0; -34.0; 193.0; 166.0; 18.0; 72.0; -340.0; 145.0; 1387.0; -110.0; 0.0; 0.0; -567.0; 0.0; -567.0; -8.0; -685.0; 0.0; 0.0; 0.0; -418.0; -418.0; -499.0; 0.0; -917.0; -215.0; 48.0; -499.0
2016-09-30; 1018.0; 237.0; -69.0; 168.0; -98.0; 68.0; 0.0; 119.0; 299.0; 1465.0; -139.0; 0.0; 0.0; -463.0; 0.0; -463.0; -1.0; -603.0; 0.0; 0.0; 0.0; -346.0; -346.0; -382.0; 0.0; -728.0; 134.0; 56.0; -382.0
2016-06-30; 819.0; 242.0; 17.0; 259.0; -76.0; -71.0; 0.0; 6.0; 21.0; 1109.0; -158.0; 0.0; 0.0; 217.0; 0.0; 217.0; 6.0; 65.0; -501.0; 0.0; -501.0; -334.0; -334.0; -382.0; -3.0; -1220.0; -46.0; 76.0; -382.0
2016-03-31; 711.0; 249.0; 96.0; 345.0; -100.0; -114.0; 0.0; 61.0; -385.0; 653.0; -124.0; 0.0; 0.0; 700.0; 0.0; 700.0; -3.0; 573.0; 0.0; 0.0; 0.0; -562.0; -562.0; -383.0; 0.0; -945.0; 281.0; 72.0; -383.0
2015-12-31; 836.0; 261.0; 27.0; 288.0; 318.0; 80.0; 0.0; -83.0; 397.0; 1559.0; -64.0; 0.0; 0.0; -617.0; 0.0; -617.0; 6.0; -675.0; 0.0; 0.0; 0.0; -563.0; -563.0; -386.0; -68.0; -1017.0; -133.0; 58.0; -386.0
2015-09-30; 798.0; 285.0; 16.0; 301.0; -47.0; 114.0; 0.0; 64.0; 314.0; 1409.0; -139.0; 0.0; 0.0; 521.0; 0.0; 521.0; 7.0; 389.0; -750.0; 0.0; -750.0; -755.0; -755.0; -348.0; 4.0; -1849.0; -51.0; 66.0; -348.0
2015-06-30; 696.0; 291.0; 25.0; 316.0; -40.0; -41.0; 0.0; 17.0; -198.0; 820.0; -116.0; 0.0; 0.0; -59.0; 0.0; -59.0; 1.0; -174.0; 248.0; 0.0; 248.0; -603.0; -603.0; -354.0; 5.0; -704.0; -58.0; 84.0; -354.0
2015-03-31; 656.0; 296.0; 78.0; 374.0; -154.0; -60.0; 0.0; 73.0; -396.0; 609.0; -122.0; 0.0; 0.0; 280.0; 0.0; 280.0; 0.0; 158.0; 0.0; 0.0; 0.0; -424.0; -424.0; -356.0; 56.0; -724.0; 43.0; 78.0; -356.0
2014-12-31; 825.0; 305.0; 54.0; 359.0; 223.0; -33.0; 0.0; -147.0; 182.0; 1434.0; -29.0; 0.0; 0.0; -462.0; 0.0; -462.0; 0.0; -491.0; 0.0; 0.0; 0.0; -620.0; -620.0; -356.0; -74.0; -1050.0; -107.0; 60.0; -356.0
2014-09-30; 826.0; 308.0; 30.0; 338.0; 42.0; -7.0; 0.0; 128.0; 200.0; 1383.0; -97.0; 0.0; 0.0; -292.0; 0.0; -292.0; 6.0; -383.0; 0.0; 0.0; 0.0; -602.0; -602.0; -319.0; 11.0; -910.0; 90.0; 62.0; -319.0
2014-06-30; 683.0; 307.0; 18.0; 325.0; -165.0; -30.0; 0.0; 33.0; -236.0; 775.0; -77.0; 0.0; 0.0; 879.0; 0.0; 879.0; 0.0; 802.0; -1000.0; 0.0; -1000.0; -618.0; -618.0; -323.0; 15.0; -1926.0; -349.0; 77.0; -323.0
2014-03-31; 487.0; 310.0; 41.0; 351.0; -149.0; 17.0; 0.0; -7.0; -365.0; 462.0; -40.0; 0.0; 0.0; -266.0; 0.0; -266.0; 1.0; -305.0; 498.0; 0.0; 498.0; -437.0; -437.0; -325.0; 45.0; -219.0; -62.0; 78.0; -325.0
2013-12-31; 511.0; 313.0; 118.0; 431.0; 318.0; -5.0; 0.0; -129.0; 285.0; 1199.0; -107.0; 0.0; 0.0; -45.0; 0.0; -45.0; 29.0; -123.0; 0.0; 0.0; 0.0; -566.0; -566.0; -326.0; 8.0; -884.0; 192.0; 66.0; -326.0
2013-09-30; 629.0; 318.0; 80.0; 398.0; -30.0; -6.0; 0.0; 277.0; 147.0; 1150.0; -120.0; 0.0; 0.0; -94.0; 0.0; -94.0; 3.0; -211.0; 0.0; 0.0; 0.0; -385.0; -385.0; -308.0; 9.0; -684.0; 255.0; 71.0; -308.0
2013-06-30; 660.0; 321.0; 35.0; 356.0; -160.0; -20.0; 0.0; -295.0; -301.0; 675.0; -98.0; 0.0; 0.0; 402.0; 0.0; 402.0; 5.0; 309.0; -514.0; 0.0; -514.0; -378.0; -378.0; -309.0; 4.0; -1197.0; -213.0; 75.0; -309.0
2013-03-31; 362.0; 345.0; 98.0; 443.0; -112.0; 57.0; 0.0; 39.0; -385.0; 360.0; -66.0; 0.0; 0.0; 79.0; 0.0; 79.0; 9.0; 22.0; 0.0; 0.0; 0.0; -225.0; -225.0; -232.0; 52.0; -405.0; -23.0; 75.0; -232.0
2012-12-31; 264.0; 419.0; 58.0; 477.0; 381.0; 91.0; 123.0; -175.0; 426.0; 1085.0; -96.0; 0.0; 0.0; -102.0; -51.0; -153.0; 60.0; -189.0; -1375.0; 1375.0; 0.0; -467.0; -467.0; -235.0; 12.0; -690.0; 206.0; 64.0; -235.0
2012-09-30; 784.0; 327.0; 41.0; 368.0; 18.0; 37.0; -9.0; 31.0; 31.0; 1205.0; -150.0; 0.0; 0.0; -1311.0; 20.0; -1291.0; 0.0; -1441.0; 1492.0; -500.0; 992.0; -537.0; -537.0; -194.0; -7.0; 254.0; 18.0; 66.0; -194.0
2012-06-30; 446.0; 326.0; 85.0; 411.0; -151.0; -32.0; -77.0; 77.0; -211.0; 675.0; -146.0; 0.0; 0.0; 438.0; 29.0; 467.0; 0.0; 321.0; 0.0; -575.0; -575.0; -232.0; -232.0; -195.0; 5.0; -997.0; -1.0; 64.0; -195.0
2012-03-31; 265.0; 329.0; 65.0; 394.0; 63.0; -91.0; -37.0; 31.0; -178.0; 449.0; -103.0; 0.0; 0.0; 371.0; 2.0; 373.0; 0.0; 270.0; 0.0; -300.0; -300.0; -41.0; -41.0; -195.0; 18.0; -518.0; 201.0; 69.0; -195.0
2011-12-31; 298.0; 425.0; 130.0; 555.0; 236.0; 203.0; -70.0; -190.0; 250.0; 971.0; -153.0; 0.0; -35.0; -889.0; -71.0; -960.0; 151.0; -997.0; -188.0; 0.0; -188.0; -173.0; -173.0; -193.0; -9.0; -563.0; -589.0; 66.0; -193.0
2011-09-30; 600.0; 226.0; 94.0; 320.0; 22.0; 22.0; 95.0; -8.0; 204.0; 1140.0; -179.0; 0.0; -5390.0; 863.0; 10.0; 873.0; 0.0; -4696.0; 1200.0; 0.0; 1200.0; -417.0; -417.0; -148.0; 1.0; 636.0; -2920.0; 93.0; -148.0
2011-06-30; 672.0; 226.0; 7.0; 233.0; -102.0; -84.0; 58.0; -3.0; -291.0; 629.0; -274.0; 0.0; 0.0; -311.0; 43.0; -268.0; 0.0; -542.0; 3485.0; 0.0; 3485.0; -272.0; -272.0; -150.0; 8.0; 3071.0; 3158.0; 53.0; -150.0
2011-03-31; 666.0; 231.0; 88.0; 319.0; -44.0; -158.0; -83.0; -9.0; -438.0; 516.0; -194.0; 0.0; 0.0; 239.0; 18.0; 257.0; 0.0; 63.0; 0.0; 0.0; 0.0; -421.0; -421.0; -153.0; 19.0; -555.0; 24.0; 57.0; -153.0
2010-12-31; 942.0; 238.0; -240.0; -2.0; 237.0; -91.0; -97.0; -12.0; 236.0; 1230.0; -153.0; 0.0; -140.0; -310.0; 55.0; -255.0; 0.0; -548.0; 0.0; 0.0; 0.0; -313.0; -313.0; -153.0; 10.0; -456.0; 226.0; 47.0; -153.0
2010-09-30; 859.0; 224.0; 20.0; 244.0; -29.0; -66.0; 115.0; 23.0; 215.0; 1318.0; -396.0; 0.0; -59.0; -225.0; 18.0; -207.0; 0.0; -662.0; 0.0; 0.0; 0.0; -559.0; -559.0; -143.0; 1.0; -701.0; -45.0; 47.0; -143.0
2010-06-30; 769.0; 227.0; 42.0; 269.0; -188.0; -73.0; 8.0; -8.0; -476.0; 562.0; -283.0; 0.0; 0.0; 420.0; 67.0; 487.0; 0.0; 204.0; 0.0; 0.0; 0.0; -700.0; -700.0; -147.0; 2.0; -845.0; -79.0; 49.0; -147.0
2010-03-31; 658.0; 224.0; 36.0; 260.0; -251.0; -74.0; -26.0; 15.0; -208.0; 710.0; -219.0; 0.0; 0.0; 169.0; -1.0; 168.0; 0.0; -51.0; 0.0; 0.0; 0.0; -475.0; -475.0; -149.0; 0.0; -624.0; 35.0; 47.0; -149.0
2009-12-31; 655.0; 223.0; 109.0; 332.0; 156.0; -86.0; -36.0; 40.0; 80.0; 1001.0; -436.0; 0.0; 0.0; -213.0; -2.0; -215.0; 0.0; -651.0; 0.0; 0.0; 0.0; -314.0; -314.0; -149.0; 1.0; -462.0; -112.0; 43.0; -149.0
2009-09-30; 538.0; 229.0; 117.0; 346.0; -186.0; -53.0; 54.0; 13.0; -50.0; 834.0; -226.0; 0.0; 0.0; -740.0; 16.0; -724.0; 0.0; -950.0; 0.0; 0.0; 0.0; -217.0; -217.0; -138.0; 0.0; -355.0; -471.0; 46.0; -138.0
2009-06-30; 260.0; 233.0; 53.0; 286.0; -116.0; 37.0; 101.0; 15.0; 11.0; 557.0; -48.0; 0.0; -51.0; 201.0; 40.0; 241.0; 0.0; 142.0; 0.0; 0.0; 0.0; -231.0; -231.0; -139.0; 0.0; -370.0; 329.0; 47.0; -139.0
2009-03-31; 17.0; 240.0; 53.0; 293.0; -218.0; 279.0; -119.0; 47.0; -59.0; 251.0; -43.0; 0.0; -104.0; 509.0; 1.0; 510.0; 0.0; 363.0; 0.0; 0.0; 0.0; -83.0; -83.0; -141.0; 0.0; -224.0; 390.0; 50.0; -141.0
