Date; Net Income/Loss; Total Depreciation And Amortization - Cash Flow; Other Non-Cash Items; Total Non-Cash Items; Change In Accounts Receivable; Change In Inventories; Change In Accounts Payable; Change In Assets/Liabilities; Total Change In Assets/Liabilities; Cash Flow From Operating Activities; Net Change In Property, Plant, And Equipment; Net Change In Intangible Assets; Net Acquisitions/Divestitures; Net Change In Short-term Investments; Net Change In Long-Term Investments; Net Change In Investments - Total; Investing Activities - Other; Cash Flow From Investing Activities; Net Long-Term Debt; Net Current Debt; Debt Issuance/Retirement Net - Total; Net Common Equity Issued/Repurchased; Net Total Equity Issued/Repurchased; Total Common And Preferred Stock Dividends Paid; Financial Activities - Other; Cash Flow From Financial Activities; Net Cash Flow; Stock-Based Compensation; Common Stock Dividends Paid
2022-09-30; 169.5; 11.4; 15.5; 26.9; 0.0; 0.0; 0.0; 50.3; 65.8; 262.2; -6.9; 0.0; 0.0; -26.5; 0.0; -26.5; 0.0; -33.4; 0.0; 0.0; 0.0; -273.8; -273.8; 0.0; 0.0; -273.8; -45.7; 16.3; 0.0
2022-06-30; 167.3; 11.9; 14.6; 26.5; 0.0; 0.0; 0.0; -7.3; -48.9; 144.9; -6.2; 0.0; 0.0; 61.1; 0.0; 61.1; 0.0; 54.9; 0.0; 0.0; 0.0; -351.5; -351.5; 0.0; 0.0; -351.5; -152.3; 13.7; 0.0
2022-03-31; 157.5; 11.9; 14.8; 26.7; 0.0; 0.0; 0.0; 36.6; 22.9; 207.1; -6.6; 0.0; 0.0; 531.1; 0.0; 531.1; 0.0; 524.5; 0.0; 0.0; 0.0; -196.4; -196.4; 0.0; 0.0; -196.4; 535.1; 14.2; 0.0
2021-12-31; 330.13; 12.34; 13.07; 25.41; 0.0; 0.0; 0.0; 1.21; -149.28; 206.25; -13.53; 0.0; 0.0; -40.61; 0.0; -40.61; 0.0; -54.15; -0.05; 0.0; -0.05; -185.78; -185.78; 0.0; 0.0; -185.83; -33.69; 12.44; 0.0
2021-09-30; 156.6; 12.0; 15.4; 27.4; 0.0; 0.0; 0.0; 43.8; 76.1; 260.1; -15.2; 0.0; 0.0; -35.0; 0.0; -35.0; 0.0; -50.2; -1.2; 0.0; -1.2; -171.3; -171.3; 0.0; 0.0; -172.5; 37.1; 14.4; 0.0
2021-06-30; 147.7; 12.0; 16.9; 28.9; 0.0; 0.0; 0.0; 2.1; -34.1; 142.5; -17.6; 0.0; 0.0; 27.9; 0.0; 27.9; 0.0; 10.3; -7.7; 0.0; -7.7; -175.8; -175.8; 0.0; 0.0; -183.5; -30.8; 13.6; 0.0
2021-03-31; 150.4; 11.6; 14.1; 25.7; 0.0; 0.0; 0.0; 29.3; 22.2; 198.3; -6.7; 0.0; 0.0; -168.5; 0.0; -168.5; 0.0; -175.2; 0.0; 0.0; 0.0; -177.3; -177.3; 0.0; 0.0; -177.3; -154.4; 13.0; 0.0
2020-12-31; 157.31; 11.89; 11.51; 23.4; 0.0; 0.0; 0.0; 3.23; 14.51; 195.22; -6.46; 0.0; 0.8; 239.22; 0.0; 239.22; 0.0; 233.56; 0.0; 0.0; 0.0; -173.75; -173.75; 0.0; 0.0; -173.75; 255.49; 12.14; 0.0
2020-09-30; 170.98; 11.62; 12.3; 23.92; 0.0; 0.0; 0.0; -3.72; -55.31; 139.59; -15.04; 0.0; 0.0; -116.41; 0.0; -116.41; 0.0; -131.45; 0.0; 0.0; 0.0; -169.6; -169.6; 0.0; 0.0; -169.6; -161.0; 12.68; 0.0
2020-06-30; 152.48; 11.61; 5.2; 16.81; 0.0; 0.0; 0.0; -2.55; 46.03; 215.31; -10.88; 0.0; 5.15; -247.73; 0.0; -247.73; 0.0; -253.45; 0.0; 0.0; 0.0; -154.2; -154.2; 0.0; 0.0; -154.2; -191.99; 11.99; 0.0
2020-03-31; 334.12; 11.23; 10.13; 21.36; 0.0; 0.0; 0.0; 22.84; -175.42; 180.06; -11.01; 0.0; 14.86; 75.24; 0.0; 75.24; 0.0; 79.08; 0.0; 0.0; 0.0; -267.33; -267.33; 0.0; 0.0; -267.33; -9.5; 11.44; 0.0
2019-12-31; 148.32; 22.27; -1.66; 20.61; 0.0; 0.0; 0.0; 0.47; 24.66; 193.6; -8.82; 0.0; -1.34; 415.18; 0.0; 415.18; 0.0; 405.02; 0.0; 0.0; 0.0; -199.1; -199.1; 0.0; -0.87; -199.97; 398.92; 12.39; 0.0
2019-09-30; 153.91; 6.85; 13.85; 20.7; 0.0; 0.0; 0.0; -9.16; 33.5; 208.12; -11.31; 0.0; -2.22; -642.36; 0.0; -642.36; 0.0; -655.89; 0.0; 0.0; 0.0; -194.05; -194.05; 0.0; 0.0; -194.05; -642.27; 12.62; 0.0
2019-06-30; 147.53; 9.47; 14.2; 23.66; 0.0; 0.0; 0.0; -7.39; -6.35; 164.84; -11.06; 0.0; -3.35; 1.78; 0.0; 1.78; 0.0; -12.63; 0.0; 0.0; 0.0; -180.23; -180.23; 0.0; 0.0; -180.23; -28.03; 13.15; 0.0
2019-03-31; 162.53; 7.74; 12.31; 20.05; 0.0; 0.0; 0.0; 28.99; 4.75; 187.33; -9.13; 0.0; -2.96; 442.78; 0.0; 442.78; 0.0; 430.69; 0.0; 0.0; 0.0; -196.05; -196.05; 0.0; 0.0; -196.05; 422.23; 12.46; 0.0
2018-12-31; 182.19; 6.4; -43.85; -37.44; 0.0; 0.0; 0.0; 2.94; 73.75; 218.5; -7.41; 0.0; 52.24; 40.85; 0.0; 40.85; 0.0; 85.68; 0.0; 0.0; 0.0; -178.35; -178.35; 0.0; 0.0; -178.35; 125.86; 11.1; 0.0
2018-09-30; 137.68; 7.2; 16.43; 23.62; 0.0; 0.0; 0.0; -1.76; 26.16; 187.46; -10.93; 0.0; 0.0; -27.77; 0.0; -27.77; 0.0; -38.7; 0.0; 0.0; 0.0; -173.18; -173.18; 0.0; 0.0; -173.18; -24.81; 15.13; 0.0
2018-06-30; 128.35; 8.52; 22.75; 31.27; 0.0; 0.0; 0.0; -6.44; 42.2; 201.82; -11.01; 0.0; 0.0; -889.96; 631.46; -258.5; 0.0; -269.51; -1250.01; 0.0; -1250.01; -128.86; -128.86; 0.0; 0.0; -1378.87; -1447.31; 13.3; 0.0
2018-03-31; 134.26; 7.99; 16.98; 24.97; 0.0; 0.0; 0.0; 26.13; -69.25; 89.99; -7.66; 0.0; 0.0; 1931.93; -631.46; 1300.47; -0.16; 1292.65; 0.0; 0.0; 0.0; -144.93; -144.93; 0.0; 0.0; -144.93; 1237.88; 12.98; 0.0
2017-12-31; 102.84; -4.38; 12.99; 8.6; 0.0; 0.0; 0.0; 1.77; 87.75; 199.19; -8.89; 0.0; 11.75; 135.44; 0.0; 135.44; -11.75; 126.55; 0.0; 0.0; 0.0; -146.88; -146.88; 0.0; 0.0; -146.88; 179.03; 12.86; 0.0
2017-09-30; 114.9; 11.77; 14.18; 25.95; 0.0; 0.0; 0.0; -5.2; 33.83; 174.67; -21.64; 0.0; 0.0; -508.32; 0.0; -508.32; 0.0; -529.96; 543.18; 0.0; 543.18; -143.61; -143.61; 0.0; 0.0; 399.57; 44.4; 14.11; 0.0
2017-06-30; 123.1; 12.8; 2.7; 15.5; 0.0; 0.0; 0.0; -8.33; 42.11; 180.71; -9.32; 0.0; 0.0; -1044.59; 813.46; -231.13; 0.0; -240.45; 0.0; 0.0; 0.0; -152.71; -152.71; 0.0; 0.0; -152.71; -212.18; 13.38; 0.0
2017-03-31; 116.41; 14.83; 12.89; 27.72; 0.0; 0.0; 0.0; 50.88; 4.05; 148.19; -9.65; 0.0; 0.0; 1049.8; -813.46; 236.34; 11.75; 238.43; 0.0; 0.0; 0.0; -165.05; -165.05; 0.0; 0.0; -165.05; 222.3; 12.56; 0.0
2016-12-31; 105.55; 11.97; 18.99; 30.96; 0.0; 0.0; 0.0; -11.29; 68.45; 204.96; -6.68; 0.0; 0.0; 14.89; 0.0; 14.89; -0.17; 8.03; 0.0; 0.0; 0.0; -160.56; -160.56; 0.0; 0.0; -160.56; 51.83; 14.3; 0.0
2016-09-30; 114.43; 18.08; -33.0; -14.92; 0.0; 0.0; 0.0; -5.23; 71.53; 171.04; -6.43; -143.0; 0.0; 157.21; 0.0; 157.21; -0.04; 7.75; 0.0; 0.0; 0.0; -172.11; -172.11; 0.0; 0.0; -172.11; 6.82; 12.85; 0.0
2016-06-30; 113.21; 17.87; 46.63; 64.5; 0.0; 0.0; 0.0; 5.24; -10.36; 167.35; -6.38; 0.0; 0.0; -946.07; 874.03; -72.03; 0.21; -78.2; 0.0; 0.0; 0.0; -151.88; -151.88; 0.0; 0.0; -151.88; -63.06; 11.13; 0.0
2016-03-31; 107.46; 18.13; 3.37; 21.5; 0.0; 0.0; 0.0; 33.74; 20.68; 149.64; -7.08; 0.0; 0.0; 900.81; -874.03; 26.78; 0.0; 19.7; 0.0; 0.0; 0.0; -164.28; -164.28; 0.0; 0.0; -164.28; 5.37; 11.76; 0.0
2015-12-31; 101.53; 16.26; 37.24; 53.5; 1.32; 0.0; 0.0; 17.17; 51.97; 207.0; -12.0; 0.0; 0.0; 25.8; 0.0; 25.8; -0.28; 13.52; 0.0; 0.0; 0.0; -150.59; -150.59; 0.0; -19.42; -170.01; 50.79; 11.72; 0.0
2015-09-30; 92.46; 18.11; 3.52; 21.63; -0.3; 0.0; 0.0; 4.14; 41.23; 155.32; -6.77; 0.0; 0.0; -14.44; 0.0; -14.44; 0.07; -21.14; 0.0; 0.0; 0.0; -151.01; -151.01; 0.0; 8.05; -142.96; -9.41; 12.22; 0.0
2015-06-30; 93.01; 18.97; 2.96; 21.93; 0.26; 0.0; 0.0; 17.12; 60.01; 174.96; -8.85; 0.0; 0.0; -789.06; 257.42; -531.64; 0.05; -540.44; -1.59; 0.0; -1.59; -157.32; -157.32; 0.0; 5.37; -153.53; -518.59; 12.0; 0.0
2015-03-31; 88.24; 18.59; 5.79; 24.38; -1.28; 0.0; 0.0; 31.5; 20.05; 132.67; -13.04; 0.0; 0.0; 325.4; -257.42; 67.98; -3.79; 51.16; 493.82; 0.0; 493.82; -169.55; -169.55; 0.0; 5.99; 330.26; 514.27; 10.13; 0.0
2014-12-31; 65.47; 26.64; 6.92; 33.57; 2.48; 0.0; 0.0; -22.5; 71.44; 170.47; -9.27; 0.0; 0.0; 7.83; 0.0; 7.83; 0.1; -1.34; 0.0; 0.0; 0.0; -208.08; -208.08; 0.0; -2.51; -210.59; -42.34; 9.7; 0.0
2014-09-30; 95.19; 15.81; 31.89; 47.7; -2.32; 0.0; 0.0; 7.56; 24.85; 167.74; -11.31; 0.0; 0.0; 67.53; 0.0; 67.53; 0.28; 56.5; 0.0; 0.0; 0.0; -220.02; -220.02; 0.0; -6.74; -226.76; -3.41; 14.92; 0.0
2014-06-30; 100.18; 16.11; -8.38; 7.72; 1.57; 0.0; 0.0; 22.72; 13.21; 121.11; -7.49; 0.0; 0.0; -641.97; 784.09; 142.12; 0.04; 134.67; 0.0; 0.0; 0.0; -300.82; -300.82; 0.0; 15.31; -285.51; -29.69; 9.37; 0.0
2014-03-31; 94.42; 16.01; 5.73; 21.74; -1.81; 0.0; 0.0; 38.31; 25.47; 141.63; -11.26; 0.0; 0.0; 718.18; -784.09; -65.91; 0.03; -77.14; 0.0; 0.0; 0.0; -136.89; -136.89; 0.0; 0.0; -136.89; -72.17; 9.99; 0.0
2013-12-31; 292.15; 24.99; -22.79; 2.2; 1.02; 0.0; 0.0; -4.85; -146.91; 147.44; -15.39; 0.0; 0.0; -2195.27; 2516.71; 321.44; -0.02; 306.02; 0.0; 0.0; 0.0; -221.54; -221.54; 0.0; -10.78; -232.32; 221.63; 9.64; 0.0
2013-09-30; 80.9; 14.89; 18.58; 33.47; -1.26; 0.0; 0.0; 1.61; 20.11; 134.48; -12.65; 0.0; 0.0; 689.32; -958.99; -269.67; -0.72; -283.05; -0.43; 0.0; -0.43; -324.65; -324.65; 0.0; 12.45; -312.63; -460.71; 10.58; 0.0
2013-06-30; 86.89; 15.41; 13.59; 29.0; 0.02; 0.0; 0.0; 6.38; 30.95; 146.84; -20.43; 0.0; 0.0; 858.22; -793.46; 64.76; 0.2; 44.53; 638.73; 0.0; 638.73; -334.59; -334.59; 0.0; 5.83; 309.97; 499.68; 8.84; 0.0
2013-03-31; 84.51; 15.12; 11.31; 26.43; -2.28; 0.0; 0.0; 37.42; 39.69; 150.64; -17.11; 0.0; 0.0; 706.24; -764.27; -58.02; -3.43; -78.56; 0.0; 0.0; 0.0; -134.16; -134.16; 0.0; 11.81; -122.35; -52.12; 7.59; 0.0
2012-12-31; 105.64; 15.17; 42.73; 57.9; -0.28; 0.0; 0.0; -10.49; 7.22; 170.76; -13.15; 0.0; 0.0; -1782.42; 1579.23; -203.19; 0.05; -216.29; 0.0; 0.0; 0.0; -91.56; -91.56; 0.0; -2.33; -93.89; -139.72; 6.97; 0.0
2012-09-30; 77.91; 13.38; 20.56; 33.94; 1.39; 0.0; 0.0; 7.02; 9.78; 121.62; -13.63; 0.0; 0.0; 385.58; -481.56; -95.99; -0.12; -109.73; 0.0; 0.0; 0.0; -67.44; -67.44; 0.0; 9.13; -58.31; -45.17; 9.81; 0.0
2012-06-30; 68.47; 13.53; 18.9; 32.43; 0.82; 0.0; 0.0; 13.59; 34.07; 134.97; -13.32; 0.0; 0.0; 3.04; -1092.59; -1089.55; -0.52; -1103.39; 0.0; 0.0; 0.0; -73.62; -73.62; 0.0; 8.07; -65.55; -1037.42; 8.45; 0.0
2012-03-31; 68.01; 12.74; 16.13; 28.87; 1.39; 0.0; 0.0; 64.54; 13.4; 110.28; -12.92; 0.0; 0.0; 5.06; -5.08; -0.02; 0.0; -12.94; 0.0; 0.0; 0.0; -63.76; -63.76; 0.0; 3.76; -60.0; 39.69; 8.13; 0.0
2011-12-31; 53.81; 14.25; 26.54; 40.79; -0.21; 0.0; 0.0; 25.96; 29.61; 124.21; -129.22; 0.0; 0.0; -76.47; 75.7; -0.77; 0.05; -129.93; -1.07; 100.0; 98.93; 7.18; 7.18; 0.0; 11.75; 117.86; 110.56; 7.17; 0.0
2011-09-30; 58.92; 13.81; 24.06; 37.87; -0.39; 0.0; 0.0; -3.34; 11.66; 108.45; -33.96; 0.0; 0.0; 173.92; -31.67; 142.25; 0.0; 108.29; 0.0; 0.0; 0.0; -229.07; -229.07; 0.0; -0.12; -229.19; -17.38; 7.09; 0.0
2011-06-30; -10.61; 13.67; -0.44; 13.24; 1.34; 0.0; 0.0; 14.91; 10.32; 12.95; -13.92; 0.0; 0.0; 358.35; -26.03; 332.32; 0.0; 318.4; 0.0; 0.0; 0.0; -87.35; -87.35; -463.5; -2.76; -553.61; -220.66; 14.06; -463.5
2011-03-31; 40.77; 13.97; 17.44; 31.41; -0.98; 0.0; 0.0; 35.91; 18.11; 90.29; -15.56; 0.0; 0.0; 11.24; -18.01; -6.77; -1.18; -23.52; 0.0; 0.0; 0.0; -190.88; -190.88; 0.0; 3.62; -187.26; -118.8; 14.95; 0.0
2010-12-31; -40.51; 14.28; 99.91; 114.19; 1.99; 0.0; 0.0; 28.28; -26.96; 46.73; -11.88; 0.0; -2.72; -473.9; 474.91; 1.01; -0.1; -13.69; -1.0; 0.0; -1.0; 20.55; 20.55; -518.22; -35.27; -533.94; -500.57; 9.98; -518.22
2010-09-30; 785.54; 13.57; -875.78; -862.21; 1.07; 0.0; 0.0; -17.72; -5.18; -81.84; -25.87; 0.0; 1149.45; 0.0; -8.68; -8.68; -0.92; 1113.98; 0.0; 0.0; 0.0; -123.85; -123.85; 0.0; 154.74; 30.89; 1197.27; 16.89; 0.0
2010-06-30; 36.37; 17.9; 15.55; 33.45; 5.5; 0.0; 0.0; 43.01; 79.38; 149.2; -22.87; 0.0; 0.0; 0.0; -13.05; -13.05; -3.77; -39.7; 0.0; 0.0; 0.0; -217.58; -217.58; 0.0; 3.97; -213.62; -227.11; 13.22; 0.0
2010-03-31; 52.44; 21.91; 10.26; 32.16; 4.58; 0.0; 0.0; 45.67; 16.52; 101.12; -19.9; 0.0; 15.58; 0.0; -453.18; -453.18; 0.0; -457.49; 0.0; 0.0; 0.0; -36.36; -36.36; 0.0; 7.75; -28.61; -387.14; 12.09; 0.0
2009-12-31; 93.35; 24.55; 46.06; 70.62; 11.28; 0.0; 0.0; -31.28; 9.18; 173.15; -44.74; 0.0; 187.2; 12.33; -1.15; 11.18; 0.11; 153.74; 0.0; 2.07; 2.07; -205.59; -205.59; 0.0; -76.17; -279.69; 44.86; 11.76; 0.0
2009-09-30; 54.6; 20.32; 8.84; 29.16; 5.72; 0.0; 0.0; 20.22; 17.02; 100.78; -25.25; 0.0; 46.68; -0.75; 0.75; 0.0; 0.17; 21.59; 0.0; 0.0; 0.0; -17.08; -17.08; 0.0; 6.04; -11.04; 123.95; 11.31; 0.0
2009-06-30; 35.77; 20.87; -28.72; -7.85; 0.34; 0.0; 0.0; 8.11; 54.91; 82.83; -19.82; 0.0; 233.13; 24.64; -0.75; 23.89; -6.2; 230.99; 0.0; 0.0; 0.0; -17.46; -17.46; 0.0; 67.14; 49.67; 365.97; 14.17; 0.0
2009-03-31; 65.52; 20.53; -20.31; 0.22; 8.46; 0.0; 0.0; -3.59; -27.3; 38.44; -20.99; 0.0; 2.37; 93.27; 0.0; 93.27; 3.48; 78.13; 0.0; 0.0; 0.0; 15.77; 15.77; 0.0; 27.29; 43.06; 153.32; 13.93; 0.0
