Date; Net Income/Loss; Total Depreciation And Amortization - Cash Flow; Other Non-Cash Items; Total Non-Cash Items; Change In Accounts Receivable; Change In Inventories; Change In Accounts Payable; Change In Assets/Liabilities; Total Change In Assets/Liabilities; Cash Flow From Operating Activities; Net Change In Property, Plant, And Equipment; Net Change In Intangible Assets; Net Acquisitions/Divestitures; Net Change In Short-term Investments; Net Change In Long-Term Investments; Net Change In Investments - Total; Investing Activities - Other; Cash Flow From Investing Activities; Net Long-Term Debt; Net Current Debt; Debt Issuance/Retirement Net - Total; Net Common Equity Issued/Repurchased; Net Total Equity Issued/Repurchased; Total Common And Preferred Stock Dividends Paid; Financial Activities - Other; Cash Flow From Financial Activities; Net Cash Flow; Stock-Based Compensation; Common Stock Dividends Paid
2022-09-30; 930.5; 36.7; -92.5; -55.8; -119.5; -26.8; -69.9; -136.2; 80.8; 955.5; -54.2; 0.0; -295.9; 0.0; -34.1; -34.1; 0.0; -384.2; -49.5; 0.0; -49.5; 36.6; 36.6; 0.0; -47.3; -60.2; 472.9; 135.6; 0.0
2022-06-30; 810.5; 37.3; -91.7; -54.4; -84.1; -33.3; 45.3; -29.7; 383.7; 1139.8; -53.3; 0.0; 0.0; 0.0; -8.2; -8.2; 0.0; -61.5; -12.7; 0.0; -12.7; 64.4; 64.4; 0.0; -4.0; 47.7; 1100.1; 113.9; 0.0
2022-03-31; 762.1; 35.9; 191.0; 226.9; -165.2; 2.0; -14.5; 83.3; -32.8; 956.2; -63.6; 0.0; 0.0; 0.0; 12.6; 12.6; 0.0; -51.0; -12.9; 0.0; -12.9; 33.7; 33.7; 0.0; -116.2; -95.4; 803.9; 130.3; 0.0
2021-12-31; 770.1; 33.8; 56.5; 90.3; -43.5; -27.0; 53.9; 100.0; 134.6; 995.0; -61.8; 0.0; 0.0; 0.0; 4.8; 4.8; -77.0; -134.0; -2.4; 0.0; -2.4; -333.5; -333.5; 0.0; -0.3; -336.2; 519.9; 118.6; 0.0
2021-09-30; 851.9; 31.7; 135.0; 166.7; -185.3; -18.3; 2.3; -36.8; -91.4; 927.2; -52.4; 0.0; 0.0; 0.0; -0.5; -0.5; 0.0; -52.9; -11.1; 0.0; -11.1; -618.5; -618.5; 0.0; -27.1; -656.7; 209.1; 103.0; 0.0
2021-06-30; 67.0; 31.3; -133.4; -102.1; 52.5; -24.7; -13.7; -133.2; -164.6; -199.7; -49.9; 0.0; 0.0; 0.0; -29.8; -29.8; 0.0; -79.7; -2.3; 0.0; -2.3; 37.9; 37.9; 0.0; -2.0; 33.6; -241.8; 104.6; 0.0
2021-03-31; 653.1; 28.8; 222.9; 251.7; -98.4; -22.8; -10.6; -5.0; 16.2; 921.0; -70.9; 0.0; 0.0; 0.0; -3.4; -3.4; 0.0; -74.3; -8.6; 0.0; -8.6; -409.3; -409.3; 0.0; -100.8; -518.7; 324.0; 115.2; 0.0
2020-12-31; 604.24; 29.34; 165.05; 194.39; -72.21; -37.09; 35.15; 95.93; -307.11; 491.53; -47.69; 0.0; 0.0; 0.0; 310.75; 310.75; -19.3; 243.76; -6.26; 0.0; -6.26; -101.02; -101.02; 0.0; -17.93; -125.21; 627.9; 97.07; 0.0
2020-09-30; 667.43; 26.64; 117.8; 144.44; 12.95; -30.52; 1.46; 30.76; 95.87; 907.75; -174.79; 0.0; 0.0; 0.0; -73.14; -73.14; 0.0; -247.94; -7.84; 0.0; -7.84; -86.21; -86.21; 0.0; -46.63; -140.68; 525.28; 99.54; 0.0
2020-06-30; 837.27; 26.7; -4.7; 22.0; 59.53; -36.94; 0.41; -59.79; 179.26; 1038.53; -17.86; 0.0; 0.0; 0.0; 89.78; 89.78; 0.0; 71.91; -10.44; 0.0; -10.44; 133.46; 133.46; 0.0; -2.99; 120.03; 1233.74; 117.19; 0.0
2020-03-31; 602.75; 26.82; 208.55; 235.37; -223.67; -27.45; 14.29; 60.6; -22.43; 815.7; -19.45; 0.0; 0.0; 0.0; 51.12; 51.12; 0.0; 31.67; -4.45; 0.0; -4.45; -220.43; -220.43; 0.0; -134.55; -359.43; 481.28; 115.71; 0.0
2019-12-31; 583.22; 26.21; 58.55; 84.77; -184.16; -18.72; -10.59; 74.25; -222.01; 445.98; -16.71; 0.0; -908.38; 0.0; 67.41; 67.41; -39.3; -896.97; 2.99; 0.0; 2.99; 162.59; 162.59; 0.0; -4.13; 161.45; -283.94; 91.6; 0.0
2019-09-30; 57.52; 25.85; 116.38; 142.23; 14.43; -20.11; 15.86; -16.87; 135.04; 334.79; -24.29; 0.0; -245.82; 0.0; 21.12; 21.12; 0.0; -249.0; -14.27; 0.0; -14.27; 30.54; 30.54; 0.0; 4.09; 20.36; 102.94; 85.42; 0.0
2019-06-30; 267.43; 27.7; 85.53; 113.23; -25.73; -12.04; -3.93; -16.45; 83.09; 463.75; -16.36; 0.0; 0.0; 0.0; -33.83; -33.83; 0.0; -50.19; -17.92; 0.0; -17.92; -5.54; -5.54; 0.0; 10.45; -13.02; 400.11; 89.69; 0.0
2019-03-31; 268.63; 27.14; 91.23; 118.37; -30.14; -13.14; -24.14; 32.48; -62.22; 324.78; -18.04; 0.0; 0.0; 0.0; -21.1; -21.1; 0.0; -39.14; 0.0; 0.0; 0.0; -30.39; -30.39; 0.0; -11.6; -41.99; 243.28; 93.79; 0.0
2018-12-31; 1525.1; 18.83; -1312.53; -1293.7; -32.98; -7.5; 13.53; -24.96; 83.19; 314.58; -15.65; 0.0; 0.0; 0.0; -2.36; -2.36; -22.9; -40.9; 2.84; 0.0; 2.84; -99.47; -99.47; 0.0; -4.42; -101.05; 171.2; 78.94; 0.0
2018-09-30; 128.46; 19.19; 153.62; 172.81; 13.0; -15.1; 10.79; 4.81; 80.08; 381.35; -20.91; 0.0; 0.0; 0.0; -28.98; -28.98; 0.0; -49.89; -10.89; 0.0; -10.89; 8.91; 8.91; 0.0; 4.06; 2.08; 332.98; 85.53; 0.0
2018-06-30; 206.25; 18.06; 35.94; 54.0; -74.69; -1.16; 10.07; -5.32; 61.45; 321.7; -29.61; 0.0; 0.0; 0.0; -86.69; -86.69; 0.0; -116.3; -3.55; 0.0; -3.55; -48.6; -48.6; 0.0; 0.94; -51.21; 148.34; 82.44; 0.0
2018-03-31; 227.3; 16.34; -4.29; 12.05; -13.47; -8.21; 2.15; 64.3; 13.3; 252.66; -29.28; 0.0; 0.0; 0.0; 34.21; 34.21; 0.0; 4.93; -0.95; 0.0; -0.95; 78.4; 78.4; 0.0; 1.5; 78.96; 338.2; 78.14; 0.0
2017-12-31; 102.19; 16.43; 75.84; 92.28; -11.59; -17.26; 1.83; -47.63; 33.05; 227.51; -42.98; 0.0; 0.0; 0.0; 21.14; 21.14; 1.06; -20.79; 23.68; 0.0; 23.68; 46.63; 46.63; 0.0; 2.91; 73.23; 280.76; 76.25; 0.0
2017-09-30; -291.27; 15.22; 449.55; 464.78; -10.4; -7.23; -7.12; -44.77; -3.42; 170.09; -27.96; 0.0; 0.0; 0.0; 24.28; 24.28; -221.6; -225.28; -1.98; 0.0; -1.98; 150.32; 150.32; 0.0; 4.37; 152.71; 99.01; 74.46; 0.0
2017-06-30; 31.17; 14.89; 82.52; 97.41; -41.97; -15.1; 13.33; 4.97; 53.08; 181.65; -17.38; 0.0; 0.0; 0.0; -58.91; -58.91; 0.0; -76.28; -5.93; 0.0; -5.93; 136.64; 136.64; 0.0; 1.33; 132.03; 239.51; 73.09; 0.0
2017-03-31; 249.55; 14.85; 71.23; 86.08; -7.8; -7.89; 0.72; -44.5; -69.94; 265.69; -11.1; 0.0; 0.0; 0.0; -149.88; -149.88; 0.0; -160.98; -4.7; -300.0; -304.7; 11.25; 11.25; 0.0; 3.89; -289.56; -183.46; 69.44; 0.0
2016-12-31; 27.76; 15.45; 62.46; 77.91; -29.34; -7.83; 9.79; 89.97; 39.05; 144.72; -14.79; 0.0; 0.0; 0.0; 232.18; 232.18; -40.46; 176.94; 4.88; 0.0; 4.88; 17.07; 17.07; 0.0; 71.82; 93.76; 411.02; 62.0; 0.0
2016-09-30; -39.54; 14.57; 57.55; 72.12; 3.19; -3.76; 2.29; -4.08; 33.07; 65.66; -13.88; 0.0; 0.0; 0.0; 33.6; 33.6; 15.07; 34.79; -3.76; 0.0; -3.76; 17.46; 17.46; 0.0; -0.15; 13.55; 113.83; 61.21; 0.0
2016-06-30; -36.15; 14.96; 90.01; 104.97; -10.44; -3.01; -23.48; -4.96; -27.96; 40.86; -15.92; 0.0; 0.0; 0.0; -44.47; -44.47; 2.6; -57.78; -3.5; 0.0; -3.5; 24.86; 24.86; 0.0; -0.11; 21.25; 1.62; 61.94; 0.0
2016-03-31; -36.1; 16.41; 53.7; 70.11; -2.51; -4.77; -0.34; -10.14; -49.15; -15.14; -11.97; 0.0; 0.0; 0.0; -93.45; -93.45; 2.72; -102.71; -4.04; 0.0; -4.04; 8.85; 8.85; 0.0; -0.1; 4.7; -110.52; 55.47; 0.0
2015-12-31; -74.67; 15.75; 55.06; 70.81; -21.36; -7.02; -7.99; 14.24; 33.01; 29.14; -12.53; 0.0; 0.0; 0.0; -78.05; -78.05; -32.11; -122.69; 6.84; 0.0; 6.84; 45.9; 45.9; 0.0; -0.1; 52.64; -41.48; 44.65; 0.0
2015-09-30; -93.82; 16.17; 58.26; 74.43; -67.54; -6.7; 9.32; -12.79; -42.69; -62.07; -8.8; 0.0; 0.0; 0.0; -103.62; -103.62; 11.48; -100.94; -2.07; 0.0; -2.07; 51.84; 51.84; 0.0; -0.1; 49.67; -114.29; 65.73; 0.0
2015-06-30; -220.99; 14.06; 75.02; 89.09; -15.33; -6.79; 20.52; -4.13; 21.64; -110.27; -13.42; 0.0; -80.0; 0.0; 370.3; 370.3; 1.56; 278.44; -9.94; 0.0; -9.94; 46.23; 46.23; 0.0; -0.09; 36.2; 205.66; 63.26; 0.0
2015-03-31; -198.7; 16.36; 58.01; 74.38; -5.86; -2.63; -23.56; -20.57; -97.91; -222.24; -10.56; 0.0; 0.0; 0.0; 245.77; 245.77; -21.17; 214.04; 8.89; 0.0; 8.89; 41.62; 41.62; 0.0; -0.09; 50.41; 39.62; 57.38; 0.0
2014-12-31; -180.85; 16.34; 41.21; 57.54; 14.74; -11.57; 30.59; -7.11; -58.48; -181.78; -14.68; 0.0; -10.0; 0.0; -2.77; -2.77; 9.44; -18.01; -12.42; 0.0; -12.42; 73.34; 73.34; 0.0; 47.26; 108.19; -93.3; 42.38; 0.0
2014-09-30; -170.06; 16.96; 47.1; 64.06; -9.83; -6.09; -13.21; -10.79; 18.35; -87.65; -9.3; 0.0; 0.0; 0.0; 39.84; 39.84; 0.01; 30.55; 289.05; 0.0; 289.05; 83.33; 83.33; 0.0; -15.15; 357.23; 298.0; 46.14; 0.0
2014-06-30; -159.38; 14.17; 42.64; 56.81; -22.72; -1.29; 6.69; -7.22; -25.35; -127.92; -11.7; 0.0; 0.0; 0.0; 101.58; 101.58; 0.0; 89.88; -9.26; 0.0; -9.26; 57.81; 57.81; 0.0; -15.15; 33.41; -3.49; 42.44; 0.0
2014-03-31; -232.46; 15.79; 46.41; 62.2; 25.24; 2.49; 0.98; -16.18; -5.5; -175.76; -15.53; 0.0; 0.0; 0.0; -4.88; -4.88; 0.0; -20.41; 5.43; 0.0; 5.43; 60.13; 60.13; 0.0; -15.15; 50.42; -145.25; 46.58; 0.0
2013-12-31; -184.55; 17.63; 177.83; 195.46; 32.63; 1.93; -3.23; -33.15; 8.85; 19.76; -14.47; 0.0; 0.0; 0.0; -55.87; -55.87; -49.47; -119.81; -1.46; 0.0; -1.46; 23.52; 23.52; 0.0; 61.99; 84.05; -13.88; 23.37; 0.0
2013-09-30; -128.66; 9.49; 41.58; 51.07; 39.2; -1.41; 7.37; -6.93; 63.87; -13.72; -18.51; 0.0; 0.0; 0.0; 60.83; 60.83; 7.22; 49.54; -2.35; 0.0; -2.35; 34.49; 34.49; 0.0; -19.13; 13.01; 51.93; 31.31; 0.0
2013-06-30; -61.71; 10.55; 56.33; 66.88; 30.37; -2.61; -12.8; -2.03; -6.1; -0.93; -1.8; 0.0; 0.0; 0.0; -39.42; -39.42; 36.53; -4.69; -2.31; 0.0; -2.31; 186.2; 186.2; 0.0; -26.41; 157.49; 152.15; 44.77; 0.0
2013-03-31; -312.63; 10.69; 316.93; 327.62; -48.83; 9.23; -40.57; -22.96; -80.77; -65.78; -16.61; 0.0; 0.0; 0.0; -27.96; -27.96; 6.97; -37.6; -10.1; 0.0; -10.1; 21.67; 21.67; 0.0; -17.71; -6.13; -110.31; 33.71; 0.0
2012-12-31; -78.08; 12.37; 84.43; 96.8; -3.63; 2.49; 13.53; -6.95; 21.83; 40.56; -28.05; 0.0; 0.0; 0.0; 29.0; 29.0; 6.2; 7.16; -0.21; 0.0; -0.21; 16.77; 16.77; 0.0; -11.73; 4.84; 52.52; 29.83; 0.0
2012-09-30; -26.47; 8.59; 47.41; 56.01; 46.02; 1.87; 16.67; 9.82; 76.42; 105.96; -21.4; 0.0; 0.0; 0.0; -91.83; -91.83; -18.0; -131.23; -2.41; 0.0; -2.41; 16.95; 16.95; 0.0; -6.39; 8.15; -17.18; 30.18; 0.0
2012-06-30; -34.47; 8.66; 133.27; 141.94; 46.61; -17.37; -13.91; -28.82; 10.94; 118.41; -15.54; 0.0; 0.0; 0.0; -56.49; -56.49; 1.99; -70.04; 0.0; 0.0; 0.0; 136.71; 136.71; 0.0; 0.99; 137.69; 186.14; 34.56; 0.0
2012-03-31; 87.88; 8.56; 27.49; 36.05; -49.09; -16.91; -1.4; -36.99; -121.01; 2.92; -6.16; 0.0; 0.0; 0.0; -219.41; -219.41; -6.14; -231.7; 0.0; 0.0; 0.0; 21.3; 21.3; 0.0; 0.23; 21.52; -207.4; 29.98; 0.0
2011-12-31; 188.14; 9.72; 48.75; 58.48; 262.53; -44.56; 25.36; 1.63; 257.05; 503.66; -9.33; 0.0; 0.0; 0.0; -377.72; -377.72; -0.72; -387.78; -105.0; 0.0; -105.0; 16.12; 16.12; 0.0; -94.1; -182.98; -67.22; 31.18; 0.0
2011-09-30; 228.45; 7.75; 120.65; 128.4; -349.42; -14.74; -18.04; -18.5; -313.96; 42.9; -9.98; 0.0; 0.0; 0.0; 19.46; 19.46; 11.97; 21.45; 0.0; 0.0; 0.0; 20.07; 20.07; 0.0; 0.0; 20.07; 84.35; 31.4; 0.0
2011-06-30; -199.32; 8.71; 48.72; 57.42; -90.64; -34.42; 31.21; -15.27; -74.3; -216.19; -10.43; 0.0; -60.0; 0.0; 241.2; 241.2; 2.02; 172.79; 0.0; 0.0; 0.0; 55.03; 55.03; 0.0; 0.0; 55.03; 11.66; 34.6; 0.0
2011-03-31; -176.1; 8.86; 41.56; 50.42; 6.92; -17.66; -1.07; -29.04; -60.95; -186.63; -4.85; 0.0; 0.0; 0.0; 411.37; 411.37; -0.56; 405.95; -50.0; 0.0; -50.0; 33.64; 33.64; 0.0; 0.0; -16.36; 203.34; 29.56; 0.0
2010-12-31; -180.39; 8.21; 35.6; 43.81; -7.56; 0.0; 11.13; -36.92; -29.52; -166.1; -14.43; 0.0; 0.0; 0.0; -155.17; -155.17; -0.09; -169.69; -391.64; 0.0; -391.64; 9.45; 9.45; 0.0; 391.64; 9.45; -326.7; 25.21; 0.0
2010-09-30; -208.96; 6.76; 34.31; 41.06; -1.4; 0.0; -21.95; 6.89; 3.9; -163.99; -10.83; 0.0; 0.0; 0.0; 8.37; 8.37; 0.04; -2.41; 391.64; 0.0; 391.64; 6.85; 6.85; 0.0; 0.0; 398.5; 232.29; 25.18; 0.0
2010-06-30; -200.01; 7.91; 57.11; 65.02; 4.33; 0.0; 17.6; -7.3; 26.1; -108.89; -9.69; 0.0; 0.0; 0.0; 54.64; 54.64; -4.3; 40.65; 0.0; 0.0; 0.0; 9.47; 9.47; 0.0; 0.0; 9.47; -58.94; 26.53; 0.0
2010-03-31; -165.27; 7.58; 25.49; 33.07; 1.71; 0.0; -7.96; -29.14; -64.26; -196.46; -3.11; 0.0; 0.0; 0.0; 142.25; 142.25; -0.38; 138.76; 0.0; 0.0; 0.0; 7.66; 7.66; 0.0; -0.02; 7.64; -50.11; 20.75; 0.0
2009-12-31; -158.64; 8.38; 34.95; 43.34; 0.57; 0.0; 17.05; -16.93; 12.98; -102.33; -7.58; 0.0; 0.0; 0.0; -540.23; -540.23; 0.03; -547.78; 27.68; 0.0; 27.68; 511.02; 511.02; 0.0; -0.05; 538.66; -112.47; 19.18; 0.0
2009-09-30; -149.56; 6.82; 21.57; 28.38; 4.58; 0.0; -7.54; 88.88; 99.55; -21.64; -4.75; 0.0; 0.0; 0.0; 47.73; 47.73; -0.45; 42.52; 122.22; 0.0; 122.22; 8.38; 8.38; 0.0; 0.0; 130.59; 150.18; 21.41; 0.0
2009-06-30; -171.3; 7.75; 41.04; 48.78; 1.96; 0.0; 5.01; -5.25; 4.45; -118.06; -4.59; 0.0; 0.0; 0.0; -79.26; -79.26; 0.19; -83.66; 0.0; 0.0; 0.0; 11.17; 11.17; 0.0; -0.09; 11.08; -193.25; 28.73; 0.0
2009-03-31; -162.67; 7.16; 25.5; 32.67; 6.79; 0.0; -29.57; -11.57; -55.55; -185.56; -6.58; 0.0; -87.42; 0.0; 174.01; 174.01; 0.17; 80.18; 0.0; 0.0; 0.0; 318.67; 318.67; 0.0; 0.0; 318.67; 213.08; 23.45; 0.0
