Date; Net Income/Loss; Total Depreciation And Amortization - Cash Flow; Other Non-Cash Items; Total Non-Cash Items; Change In Accounts Receivable; Change In Inventories; Change In Accounts Payable; Change In Assets/Liabilities; Total Change In Assets/Liabilities; Cash Flow From Operating Activities; Net Change In Property, Plant, And Equipment; Net Change In Intangible Assets; Net Acquisitions/Divestitures; Net Change In Short-term Investments; Net Change In Long-Term Investments; Net Change In Investments - Total; Investing Activities - Other; Cash Flow From Investing Activities; Net Long-Term Debt; Net Current Debt; Debt Issuance/Retirement Net - Total; Net Common Equity Issued/Repurchased; Net Total Equity Issued/Repurchased; Total Common And Preferred Stock Dividends Paid; Financial Activities - Other; Cash Flow From Financial Activities; Net Cash Flow; Stock-Based Compensation; Common Stock Dividends Paid
2022-09-30; 3.06; 289.58; 6.77; 296.35; 0.0; 0.0; 0.0; -31.57; -10.43; 300.28; -63.76; 0.0; 0.0; 0.0; -44.69; -44.69; -57.61; -166.06; 93.06; 0.0; 93.06; -0.33; -0.33; -181.77; -22.98; -112.01; 19.61; 6.18; -181.77
2022-06-30; -41.2; 270.29; 10.48; 280.77; 0.0; 0.0; 0.0; -3.25; -10.94; 278.08; -54.28; 0.0; 0.0; 0.0; -44.46; -44.46; -23.2; -121.93; 8.05; 0.0; 8.05; 2.9; 2.9; -181.62; -7.66; -178.33; -23.42; 6.8; -181.62
2022-03-31; 40.59; 274.77; 18.07; 292.84; 0.0; 0.0; 0.0; -31.38; -34.56; 274.55; -36.73; 0.0; 0.0; 0.0; -337.67; -337.67; -62.93; -437.33; 351.84; 0.0; 351.84; 5.79; 5.79; -181.56; -10.69; 165.38; 2.85; 15.8; -181.56
2021-12-31; -39.1; 304.81; -8.05; 296.75; 0.0; 0.0; 0.0; 10.97; -19.08; 265.8; -65.96; 0.0; 0.0; 0.0; 77.29; 77.29; -19.13; -7.8; -62.51; 0.0; -62.51; 2.5; 2.5; -181.28; -17.57; -258.85; 0.07; 5.8; -181.28
2021-09-30; 62.77; 278.09; -120.57; 157.52; 0.0; 0.0; 0.0; -40.12; -22.85; 231.46; -45.19; 0.0; 0.0; 0.0; -721.55; -721.55; 171.5; -595.24; -126.47; 0.0; -126.47; 604.0; 604.0; -171.37; -19.7; 286.46; -78.25; 4.7; -171.37
2021-06-30; 88.29; 238.76; -41.48; 197.28; 0.0; 0.0; 0.0; -6.02; 26.16; 291.26; -44.45; 0.0; 0.0; 0.0; 107.77; 107.77; -81.81; -18.49; -38.04; 0.0; -38.04; 5.85; 5.85; -170.4; -6.42; -209.01; 64.56; 5.39; -170.4
2021-03-31; -55.4; 304.65; 31.94; 336.59; 0.0; 0.0; 0.0; -25.33; -29.22; 237.59; -29.67; 0.0; 0.0; 0.0; 7.87; 7.87; -80.81; -102.61; -193.77; 0.0; -193.77; 13.16; 13.16; -170.6; -25.85; -377.07; -241.43; 16.07; -170.6
2020-12-31; 111.95; 251.96; -44.76; 207.21; 0.0; 0.0; 0.0; 13.25; -7.0; 295.76; -53.83; 0.0; 0.0; 0.0; 360.73; 360.73; -339.23; -32.33; -290.99; 0.0; -290.99; 30.55; 30.55; -169.78; -12.11; -442.32; -176.85; 4.17; -169.78
2020-09-30; 13.74; 235.91; 21.66; 257.57; 0.0; 0.0; 0.0; -75.83; 160.23; 434.4; -40.89; 0.0; 0.0; 0.0; 54.64; 54.64; -175.21; -161.46; -538.76; 0.0; -538.76; 36.39; 36.39; -169.4; -2.69; -674.47; -400.65; 5.76; -169.4
2020-06-30; -159.24; 352.04; 133.59; 485.62; 0.0; 0.0; 0.0; 31.43; 70.22; 405.56; -26.73; 0.0; 0.0; 0.0; 4.43; 4.43; -146.81; -169.1; -1787.29; 0.0; -1787.29; 0.13; 0.13; -298.28; -9.08; -2094.53; -1857.12; 1.04; -298.28
2020-03-31; 474.73; 249.72; -210.19; 39.52; 0.0; 0.0; 0.0; -36.8; -203.61; 314.45; -26.79; 0.0; 0.0; 0.0; 545.9; 545.9; -1.93; 517.18; 2216.41; 0.0; 2216.41; 2.82; 2.82; -298.63; -9.3; 1911.3; 2740.16; 10.51; -298.63
2019-12-31; 12.89; 353.5; 1.55; 355.06; 0.0; 0.0; 0.0; 8.32; -17.74; 354.24; -56.94; 0.0; 0.0; 0.0; 51.98; 51.98; -158.46; -163.42; 51.28; 0.0; 51.28; 0.04; 0.04; -298.27; -7.45; -254.39; -62.49; 7.25; -298.27
2019-09-30; 86.92; 239.59; 36.16; 275.75; 0.0; 0.0; 0.0; -42.2; -12.48; 354.33; -41.41; 0.0; 0.0; 0.0; -728.62; -728.62; -144.13; -914.15; 854.49; 0.0; 854.49; 84.25; 84.25; -296.98; -11.83; 629.93; 70.3; 8.2; -296.98
2019-06-30; 211.9; 228.34; -10.94; 217.4; 0.0; 0.0; 0.0; -1.32; -39.01; 393.1; -36.43; 0.0; 0.0; 0.0; -138.09; -138.09; -265.39; -439.9; -458.61; 0.0; -458.61; 789.08; 789.08; -286.6; 1.03; 44.9; -1.94; 10.07; -286.6
2019-03-31; 127.59; 239.21; -2.98; 236.22; 0.0; 0.0; 0.0; -31.75; -29.98; 336.12; -21.95; 0.0; 0.0; 0.0; 4.45; 4.45; -50.32; -67.82; -62.26; 0.0; -62.26; 102.69; 102.69; -285.09; -15.11; -259.76; 8.77; 8.4; -285.09
2018-12-31; 63.3; 244.98; 60.02; 305.0; 0.0; 0.0; 0.0; 34.18; -7.79; 363.85; -58.83; 0.0; 0.0; 0.0; -207.56; -207.56; -74.06; -340.45; 245.75; 0.0; 245.75; 4.52; 4.52; -283.76; -6.63; -40.12; -17.08; 9.2; -283.76
2018-09-30; 103.28; 221.29; 38.71; 260.0; 0.0; 0.0; 0.0; -63.66; -55.26; 307.29; -31.0; 0.0; 0.0; 0.0; -4.54; -4.54; -25.42; -60.96; 38.9; 0.0; 38.9; 1.52; 1.52; -283.7; -12.55; -255.83; -9.56; 6.49; -283.7
2018-06-30; 169.3; 208.53; -2.66; 205.88; 0.0; 0.0; 0.0; 22.53; 25.93; 402.32; -21.41; 0.0; 0.0; 0.0; 136.07; 136.07; 440.7; 555.35; -674.54; 0.0; -674.54; 2.0; 2.0; -283.65; -6.56; -962.74; -5.48; 7.15; -283.65
2018-03-31; 80.1; 233.06; 56.57; 289.63; 0.0; 0.0; 0.0; -11.26; -61.62; 308.02; -20.62; 0.0; 0.0; 0.0; 163.92; 163.92; 27.25; 170.55; -204.76; 0.0; -204.76; -0.66; -0.66; -283.49; -14.34; -503.25; -24.67; 7.12; -283.49
2017-12-31; 393.81; 233.27; -204.48; 28.79; 0.0; 0.0; 0.0; -9.29; -73.25; 346.53; -49.17; 0.0; 0.0; 0.0; -73.07; -73.07; -104.45; -226.7; -90.3; 0.0; -90.3; 16.29; 16.29; 0.0; -19.06; -93.07; 26.67; 6.62; 0.0
2017-09-30; 615.19; 212.57; -457.57; -244.99; -16.08; 0.0; 0.0; -13.47; -17.47; 358.82; -27.43; 0.0; 0.0; 0.0; 488.18; 488.18; -21.2; 439.55; -518.78; 0.0; -518.78; 0.0; 0.0; -278.28; -8.81; -805.87; -10.11; 6.53; -278.28
2017-06-30; 152.97; 222.4; 1.09; 223.49; 16.08; 0.0; 0.0; 2.92; 0.43; 377.59; -32.12; 0.0; 0.0; 0.0; -21.09; -21.09; -64.1; -117.3; -63.11; 0.0; -63.11; 73.6; 73.6; -277.42; -8.52; -275.46; -11.76; 6.7; -277.42
2017-03-31; 199.15; 215.23; -42.43; 172.8; 0.0; 0.0; 0.0; 1.63; -26.79; 345.81; -23.84; 0.0; 0.0; 0.0; -198.84; -198.84; -809.99; -1032.67; 799.54; 0.0; 799.54; 0.0; 0.0; -277.26; -19.2; 503.07; -183.9; 6.7; -277.26
2016-12-31; 208.83; 230.34; -37.69; 192.65; 0.0; 0.0; 0.0; -1.18; -52.16; 348.56; -42.16; 0.0; 0.0; 0.0; 245.0; 245.0; 77.67; 280.51; -171.37; 0.0; -171.37; 20.98; 20.98; -276.72; -1.39; -428.5; 200.18; 5.07; -276.72
2016-09-30; 150.18; 205.66; -31.89; 173.77; 0.0; 0.0; 0.0; -18.14; 23.25; 345.41; -28.37; 0.0; 0.0; 0.0; -1387.14; -1387.14; 157.29; -1258.22; 306.66; 0.0; 306.66; 887.96; 887.96; -258.98; 9.41; 945.05; 31.96; 5.85; -258.98
2016-06-30; 143.44; 219.15; -3.41; 215.74; 0.0; 0.0; 0.0; 28.99; 24.78; 383.59; -23.2; 0.0; 0.0; 0.0; -11.48; -11.48; -35.13; -69.82; -286.09; 0.0; -286.09; 228.11; 228.11; -250.09; 0.2; -307.88; 5.62; 5.01; -250.09
2016-03-31; 149.03; 233.8; -28.5; 205.3; 0.0; 0.0; 0.0; -19.15; -78.28; 277.15; -23.72; 0.0; 0.0; 0.0; 40.59; 40.59; -183.62; -166.75; -13.72; 0.0; -13.72; 149.63; 149.63; -247.82; 0.07; -111.84; -1.32; 5.03; -247.82
2015-12-31; 125.06; 234.37; 24.01; 258.38; 0.0; 0.0; 0.0; 44.81; -9.89; 376.79; -31.68; 0.0; 0.0; 0.0; -11.03; -11.03; -126.43; -169.13; -37.89; 0.0; -37.89; 73.2; 73.2; -246.16; -8.74; -219.58; -12.21; 3.48; -246.16
2015-09-30; 23.12; 236.67; -12.56; 224.11; 0.0; 0.0; 0.0; 11.11; 56.92; 304.32; -32.38; 0.0; 0.0; 19.57; -1166.64; -1147.06; -78.37; -1257.82; -116.61; 0.0; -116.61; 65.65; 65.65; -251.25; 1260.74; 958.53; 4.7; 4.87; -251.25
2015-06-30; 150.29; 243.61; -2.88; 240.72; 0.0; 0.0; 0.0; -14.01; -18.3; 373.56; -22.26; 0.0; 0.0; 57.23; -74.52; -17.3; -48.66; -88.22; -107.09; 0.0; -107.09; 66.84; 66.84; -263.83; -41.35; -345.44; -59.69; 4.88; -263.83
2015-03-31; 120.76; 240.33; -8.14; 232.19; 0.0; 0.0; 0.0; 20.41; -11.04; 344.17; -21.17; 0.0; 0.0; 0.0; -906.2; -906.2; 18.84; -908.53; 615.29; 0.0; 615.29; 285.33; 285.33; -257.27; -13.8; 629.54; 64.88; 6.31; -257.27
2014-12-31; 107.6; 237.5; 0.18; 237.68; 0.0; 0.0; 0.0; 1.75; -6.08; 334.87; -31.22; 0.0; 0.0; -96.69; -232.06; -328.75; -458.9; -818.87; 447.61; 0.0; 447.61; 242.11; 242.11; -236.75; 23.07; 476.04; -9.25; 4.2; -236.75
2014-09-30; 109.56; 198.65; -8.4; 190.25; 0.0; 0.0; 0.0; -2.05; 17.22; 324.27; -20.71; 0.0; 0.0; 21.69; -852.11; -830.42; 0.4; -850.74; 724.92; 0.0; 724.92; 0.0; 0.0; -214.91; -9.93; 500.08; -22.04; 5.38; -214.91
2014-06-30; 138.57; 186.6; -13.08; 173.53; 0.0; 0.0; 0.0; 0.59; -4.23; 311.28; -19.39; 0.0; 0.0; 0.0; -85.15; -85.15; -62.54; -167.08; 110.0; 0.0; 110.0; 0.0; 0.0; -214.84; -11.56; -116.4; 26.84; 5.37; -214.84
2014-03-31; 121.27; 186.53; -4.81; 181.71; 0.0; 0.0; 0.0; 12.99; -21.64; 284.42; -16.13; 0.0; 0.0; 0.0; -180.72; -180.72; -21.5; -218.35; 113.98; 0.0; 113.98; 0.0; 0.0; -214.88; -0.76; -101.66; -35.02; 6.04; -214.88
2013-12-31; 108.44; 192.55; 3.23; 195.78; 0.0; 0.0; 0.0; 19.62; 59.26; 359.33; -30.98; 0.0; 0.0; 0.0; -71.84; -71.84; -1.84; -104.66; -22.7; 0.0; -22.7; 35.34; 35.34; -214.91; -12.22; -214.5; 40.14; 5.64; -214.91
2013-09-30; 118.6; 180.26; -5.47; 174.79; 0.0; 0.0; 0.0; -0.41; 32.09; 327.74; -18.18; 0.0; 0.0; 0.0; -1070.24; -1070.24; 53.91; -1034.51; 881.72; 0.0; 881.72; 23.62; 23.62; -197.71; -8.64; 698.99; -7.75; 4.21; -197.71
2013-06-30; 114.53; 186.22; -5.03; 181.2; 0.0; 0.0; 0.0; -13.17; -19.31; 277.38; -12.66; 0.0; 0.0; 5.49; -214.41; -208.91; 18.52; -203.06; 46.85; 0.0; 46.85; 77.33; 77.33; -197.69; 3.96; -69.55; 4.73; 5.14; -197.69
2013-03-31; 113.1; 178.3; -3.95; 174.35; 0.0; 0.0; 0.0; 0.07; -60.05; 230.31; -19.8; 0.0; 0.0; 0.0; -44.92; -44.92; 124.19; 59.47; -94.84; 0.0; -94.84; 5.05; 5.05; -196.85; -13.31; -299.95; -10.22; 5.66; -196.85
2012-12-31; 86.13; 188.98; -11.62; 177.36; 0.0; 0.0; 0.0; 6.92; 16.07; 283.5; -27.16; 0.0; 0.0; 37.5; -500.67; -463.17; -465.45; -955.78; 888.02; 0.0; 888.02; 0.0; 0.0; -184.39; -21.96; 681.66; 9.38; 4.25; -184.39
2012-09-30; 111.82; 182.34; -19.42; 162.92; 0.0; 0.0; 0.0; -4.32; -26.71; 248.51; -18.46; 0.0; 0.0; 0.0; -189.21; -189.21; -31.19; -238.85; 179.36; 0.0; 179.36; 0.0; 0.0; -184.4; 1.07; -3.97; 5.73; 5.44; -184.4
2012-06-30; 73.74; 187.02; -28.44; 158.58; 0.0; 0.0; 0.0; -10.61; -19.41; 215.85; -13.79; 0.0; 0.0; 0.0; -898.9; -898.9; -22.04; -934.74; 548.81; 0.0; 548.81; 342.47; 342.47; -183.83; 11.06; 718.51; -0.42; 6.25; -183.83
2012-03-31; 90.09; 149.37; -10.47; 138.9; 0.0; 0.0; 0.0; 21.73; 12.92; 244.96; -10.02; 0.0; 0.0; 0.0; 8.35; 8.35; -38.64; -40.31; -13.87; 0.0; -13.87; 0.0; 0.0; -180.37; -3.05; -197.29; 7.42; 4.83; -180.37
2011-12-31; 192.5; 153.73; -0.41; 153.32; 0.0; 0.0; 0.0; -0.86; -21.93; 329.3; -21.82; 0.0; 0.0; 0.0; -181.26; -181.26; 48.56; -154.51; -4.58; 0.0; -4.58; -0.08; -0.08; -164.44; -17.41; -186.51; -11.68; 5.75; -164.44
2011-09-30; 101.98; 146.55; 20.01; 166.56; 0.0; 0.0; 0.0; -1.94; -12.26; 257.6; -15.11; 0.0; 0.0; 0.0; -65.26; -65.26; -17.95; -98.32; 30.53; 0.0; 30.53; 0.0; 0.0; -157.02; -1.81; -128.31; 30.78; 5.23; -157.02
2011-06-30; 19.73; 80.5; -9.5; 71.0; 0.0; 0.0; 0.0; -19.64; -35.49; 55.53; -5.72; 0.0; 0.0; 0.0; -264.46; -264.46; -506.11; -776.29; 814.62; 0.0; 814.62; 0.0; 0.0; -108.21; -0.86; 705.55; -15.2; 4.35; -108.21
2011-03-31; 49.05; 53.6; 18.02; 71.63; 0.0; 0.0; 0.0; 13.71; 9.7; 130.77; -7.83; 0.0; 0.0; 23.05; 0.0; 23.05; 16.46; 31.68; -348.44; 0.0; -348.44; 299.93; 299.93; -93.74; -0.2; -142.46; 20.09; 4.02; -93.74
2010-12-31; 78.7; 56.25; -15.49; 40.76; 0.0; 0.0; 0.0; -13.68; -17.92; 101.5; -6.6; 0.0; 0.0; 0.0; -2.72; -2.72; -24.13; -33.44; -1.68; 0.0; -1.68; 0.0; 0.0; -84.16; 5.71; -80.13; -11.98; 3.95; -84.16
2010-09-30; 58.89; 52.65; 1.26; 53.91; 0.0; 0.0; 0.0; 13.21; 25.36; 138.4; -4.52; 0.0; 0.0; 0.0; -213.67; -213.67; -28.85; -247.04; 200.06; 0.0; 200.06; 0.0; 0.0; -84.09; -1.45; 114.52; 6.0; 4.04; -84.09
2010-06-30; 58.97; 51.0; 2.04; 53.04; 0.0; 0.0; 0.0; -20.49; -19.56; 92.16; -2.78; 0.0; 0.0; 0.0; 11.22; 11.22; 0.13; 8.57; -118.67; 0.0; -118.67; 0.0; 0.0; -83.95; -2.14; -204.76; -104.94; 3.06; -83.95
2010-03-31; 53.17; 53.14; 0.4; 53.54; 0.0; 0.0; 0.0; 14.03; 8.8; 115.56; -4.29; 0.0; 0.0; 0.0; -11.11; -11.11; -14.6; -30.0; 21.48; 0.0; 21.48; 0.0; 0.0; -83.88; 1.33; -61.07; 25.33; 3.03; -83.88
2009-12-31; 54.78; 57.53; -0.55; 56.98; 0.0; 0.0; 0.0; -14.74; -12.68; 98.9; -3.88; 0.0; 0.0; 0.0; -16.25; -16.25; -9.04; -29.17; 51.42; 0.0; 51.42; 0.0; 0.0; -80.31; -4.34; -33.23; 36.51; 2.67; -80.31
2009-09-30; 50.43; 50.71; -0.01; 50.7; 0.0; 0.0; 0.0; 12.83; 26.84; 128.06; -3.16; 0.0; 0.0; 0.0; -3.18; -3.18; 0.21; -6.13; -11.96; 0.0; -11.96; 0.0; 0.0; -80.27; -5.6; -97.82; 24.37; 3.08; -80.27
2009-06-30; 89.18; 48.94; -33.07; 15.87; 0.0; 0.0; 0.0; -25.43; -23.3; 81.59; -0.16; 0.0; 0.0; 0.0; -10.97; -10.97; 6.05; -5.08; -339.63; 0.0; -339.63; 299.2; 299.2; -80.27; -5.35; -126.05; -49.28; 3.08; -80.27
2009-03-31; 74.97; 48.66; -27.59; 21.07; 0.0; 0.0; 0.0; 21.88; 17.36; 113.56; -3.87; 0.0; 0.0; 0.0; 48.23; 48.23; -5.72; 38.63; -152.2; 0.0; -152.2; 0.0; 0.0; -73.55; -7.33; -233.08; -81.01; 3.06; -73.55
