Date; Net Income/Loss; Total Depreciation And Amortization - Cash Flow; Other Non-Cash Items; Total Non-Cash Items; Change In Accounts Receivable; Change In Inventories; Change In Accounts Payable; Change In Assets/Liabilities; Total Change In Assets/Liabilities; Cash Flow From Operating Activities; Net Change In Property, Plant, And Equipment; Net Change In Intangible Assets; Net Acquisitions/Divestitures; Net Change In Short-term Investments; Net Change In Long-Term Investments; Net Change In Investments - Total; Investing Activities - Other; Cash Flow From Investing Activities; Net Long-Term Debt; Net Current Debt; Debt Issuance/Retirement Net - Total; Net Common Equity Issued/Repurchased; Net Total Equity Issued/Repurchased; Total Common And Preferred Stock Dividends Paid; Financial Activities - Other; Cash Flow From Financial Activities; Net Cash Flow; Stock-Based Compensation; Common Stock Dividends Paid
2022-09-30; 331.0; 33.0; 28.0; 61.0; -22.0; 0.0; 0.0; -1.0; 61.0; 453.0; -61.0; 0.0; 10.0; 0.0; 0.0; 0.0; 3.0; -48.0; -20.0; 0.0; -20.0; -157.0; -157.0; -162.0; -3.0; -342.0; 35.0; 19.0; -162.0
2022-06-30; 224.0; 34.0; 122.0; 156.0; -33.0; 0.0; 0.0; 11.0; -111.0; 269.0; -55.0; 0.0; 17.0; 0.0; 0.0; 0.0; 3.0; -35.0; 356.0; -174.0; 182.0; -214.0; -214.0; -162.0; -15.0; -209.0; 10.0; 19.0; -162.0
2022-03-31; 399.0; 37.0; -52.0; -15.0; 29.0; 0.0; 0.0; -13.0; -131.0; 253.0; -42.0; 0.0; 24.0; 0.0; 0.0; 0.0; -11.0; -29.0; -15.0; 174.0; 159.0; -343.0; -343.0; -165.0; -28.0; -377.0; -153.0; 26.0; -165.0
2021-12-31; 330.0; 47.0; 9.0; 56.0; -46.0; 0.0; 0.0; -28.0; 28.0; 414.0; -92.0; 0.0; 37.0; 0.0; 0.0; 0.0; 5.0; -50.0; -10.0; 0.0; -10.0; -734.0; -734.0; -146.0; 4.0; -886.0; -540.0; 17.0; -146.0
2021-09-30; 528.0; 39.0; -128.0; -89.0; -25.0; 0.0; 0.0; 6.0; 80.0; 519.0; -54.0; 0.0; 5.0; 0.0; 0.0; 0.0; -66.0; -115.0; 605.0; 0.0; 605.0; -327.0; -327.0; -147.0; -46.0; 85.0; 477.0; 20.0; -147.0
2021-06-30; 391.0; 39.0; 25.0; 64.0; -2.0; 0.0; 0.0; -2.0; -6.0; 449.0; -39.0; 0.0; 23.0; 0.0; 0.0; 0.0; -6.0; -22.0; 10.0; 0.0; 10.0; -244.0; -244.0; -149.0; -20.0; -403.0; 32.0; 17.0; -149.0
2021-03-31; 326.0; 39.0; 59.0; 98.0; 27.0; 0.0; 0.0; -9.0; -100.0; 324.0; -45.0; 0.0; 20.0; 0.0; 0.0; 0.0; 39.0; 14.0; -112.0; 0.0; -112.0; -286.0; -286.0; -150.0; -15.0; -563.0; -222.0; 21.0; -150.0
2020-12-31; 332.0; 46.0; -4.0; 42.0; 16.0; 0.0; 0.0; -3.0; 78.0; 452.0; -61.0; 0.0; 6.0; 0.0; 0.0; 0.0; -11.0; -66.0; -375.0; 0.0; -375.0; -239.0; -239.0; -141.0; -7.0; -762.0; -351.0; 53.0; -141.0
2020-09-30; 283.0; 47.0; 4.0; 51.0; 42.0; 0.0; 0.0; 37.0; 157.0; 491.0; -32.0; 0.0; 10.0; 0.0; 206.0; 206.0; 19.0; 203.0; -51.0; -575.0; -626.0; 0.0; 0.0; -142.0; -16.0; -784.0; -73.0; 15.0; -142.0
2020-06-30; 206.0; 26.0; -15.0; 11.0; -21.0; 0.0; 0.0; -9.0; -93.0; 124.0; -32.0; 0.0; 1.0; 0.0; 0.0; 0.0; 0.0; -31.0; 579.0; -402.0; 177.0; 0.0; 0.0; -142.0; -25.0; 10.0; 138.0; 11.0; -142.0
2020-03-31; 83.0; 27.0; 182.0; 209.0; 25.0; 0.0; 0.0; -17.0; -54.0; 238.0; -35.0; 0.0; -406.0; 0.0; 0.0; 0.0; 0.0; -441.0; -20.0; 972.0; 952.0; 0.0; 0.0; -141.0; -13.0; 798.0; 542.0; 18.0; -141.0
2019-12-31; 488.0; 28.0; -180.0; -152.0; -52.0; 0.0; 0.0; 1.0; 96.0; 432.0; -87.0; 0.0; 55.0; 0.0; 0.0; 0.0; -2.0; -34.0; -20.0; -6.0; -26.0; -343.0; -343.0; -126.0; -3.0; -498.0; -68.0; 14.0; -126.0
2019-09-30; 255.0; 30.0; 86.0; 116.0; -11.0; 0.0; 0.0; 15.0; 51.0; 422.0; -33.0; 0.0; 30.0; 0.0; 0.0; 0.0; 1.0; -2.0; 529.0; -151.0; 378.0; -167.0; -167.0; -128.0; -31.0; 52.0; 447.0; 14.0; -128.0
2019-06-30; 289.0; 28.0; 14.0; 42.0; -7.0; 0.0; 0.0; -11.0; -170.0; 161.0; -32.0; 0.0; 11.0; 0.0; 0.0; 0.0; 3.0; -18.0; -20.0; 144.0; 124.0; -196.0; -196.0; -128.0; -14.0; -214.0; -85.0; 14.0; -128.0
2019-03-31; 262.0; 26.0; 66.0; 92.0; 14.0; 0.0; 0.0; -13.0; -54.0; 300.0; -44.0; 0.0; 14.0; 0.0; 0.0; 0.0; -4.0; -34.0; -20.0; 17.0; -3.0; -109.0; -109.0; -129.0; -37.0; -278.0; 0.0; 17.0; -129.0
2018-12-31; 334.0; 34.0; -72.0; -38.0; -31.0; 0.0; 0.0; -10.0; 84.0; 380.0; -87.0; 0.0; 314.0; 0.0; 0.0; 0.0; -3.0; 224.0; 648.0; -273.0; 375.0; -706.0; -706.0; -113.0; -15.0; -459.0; 137.0; 14.0; -113.0
2018-09-30; 454.0; 32.0; -104.0; -72.0; -20.0; 0.0; 0.0; 6.0; 33.0; 415.0; -62.0; 0.0; 193.0; 0.0; 0.0; 0.0; 0.0; 131.0; -13.0; 63.0; 50.0; -516.0; -516.0; -113.0; -3.0; -582.0; -72.0; 9.0; -113.0
2018-06-30; 321.0; 34.0; -81.0; -47.0; -19.0; 0.0; 0.0; 26.0; -82.0; 192.0; -43.0; 0.0; 47.0; 0.0; -200.0; -200.0; -10.0; -206.0; -11.0; 205.0; 194.0; -670.0; -670.0; -116.0; -11.0; -603.0; -674.0; 10.0; -116.0
2018-03-31; 433.0; 37.0; -177.0; -140.0; 4.0; 0.0; 0.0; -22.0; -104.0; 189.0; -42.0; 0.0; 205.0; 0.0; 0.0; 0.0; 1.0; 164.0; -332.0; 5.0; -327.0; -498.0; -498.0; -120.0; -31.0; -976.0; -585.0; 17.0; -120.0
2017-12-31; 436.0; 58.0; -208.0; -150.0; -36.0; 0.0; 0.0; -3.0; 26.0; 312.0; -90.0; 0.0; 1057.0; 0.0; 0.0; 0.0; 16.0; 983.0; -13.0; -35.0; -48.0; -612.0; -612.0; -101.0; -5.0; -766.0; 548.0; 12.0; -101.0
2017-09-30; 418.0; 60.0; -103.0; -43.0; -13.0; 0.0; 0.0; -10.0; -96.0; 279.0; -78.0; 0.0; 395.0; 0.0; 0.0; 0.0; -1.0; 316.0; -12.0; 35.0; 23.0; -492.0; -492.0; -104.0; -46.0; -619.0; -5.0; 10.0; -104.0
2017-06-30; 206.0; 65.0; 48.0; 113.0; 12.0; 0.0; 0.0; 4.0; -168.0; 151.0; -74.0; 0.0; 136.0; 0.0; 0.0; 0.0; 7.0; 69.0; 736.0; 0.0; 736.0; -395.0; -395.0; -105.0; -17.0; 219.0; 445.0; 26.0; -105.0
2017-03-31; 280.0; 70.0; -43.0; 27.0; 18.0; 0.0; 0.0; -1.0; -19.0; 288.0; -76.0; 0.0; 185.0; 0.0; 0.0; 0.0; -5.0; 104.0; -8.0; 0.0; -8.0; -461.0; -461.0; -106.0; -54.0; -629.0; -220.0; 17.0; -106.0
2016-12-31; 303.0; 86.0; -24.0; 62.0; -54.0; -6.0; 0.0; -19.0; -53.0; 312.0; -135.0; 0.0; 223.0; 0.0; 0.0; 0.0; 35.0; 123.0; -13.0; 0.0; -13.0; -1087.0; -1087.0; -185.0; 99.0; -1186.0; -777.0; 38.0; -185.0
2016-09-30; 640.0; 77.0; -379.0; -302.0; -3.0; 2.0; 0.0; 4.0; 11.0; 349.0; -106.0; 0.0; 63.0; 0.0; 0.0; 0.0; 6.0; -37.0; -6.0; 0.0; -6.0; -2249.0; -2249.0; -180.0; 57.0; -2378.0; -2073.0; 20.0; -180.0
2016-06-30; 336.0; 74.0; -111.0; -37.0; -11.0; 2.0; 0.0; 9.0; -21.0; 278.0; -106.0; 0.0; 76.0; 0.0; 0.0; 0.0; 7.0; -23.0; 6598.0; -2080.0; 4518.0; -1142.0; -1142.0; -187.0; 9.0; 3198.0; 3449.0; 9.0; -187.0
2016-03-31; 364.0; 73.0; -148.0; -75.0; 45.0; 2.0; 0.0; 6.0; 20.0; 309.0; -80.0; 0.0; 8.0; 0.0; 0.0; 0.0; 5.0; -67.0; -2.0; 795.0; 793.0; -925.0; -925.0; -192.0; -54.0; -378.0; -133.0; 13.0; -192.0
2015-12-31; 260.0; -186.0; -357.0; -543.0; -21.0; -66.0; 0.0; 17.0; -274.0; -557.0; 200.0; 0.0; 141.0; 0.0; 0.0; 0.0; -18.0; 323.0; -257.0; 1028.0; 771.0; -830.0; -830.0; -198.0; 187.0; -70.0; -311.0; 6.0; -198.0
2015-09-30; 426.0; 179.0; 49.0; 228.0; -31.0; 41.0; 0.0; 2.0; 216.0; 870.0; -238.0; 0.0; 43.0; 16.0; 0.0; 16.0; 9.0; -170.0; -3.0; -181.0; -184.0; -94.0; -94.0; -177.0; 12.0; -443.0; 225.0; 12.0; -177.0
2015-06-30; 236.0; 187.0; 57.0; 244.0; 13.0; 0.0; 0.0; -6.0; -49.0; 431.0; -177.0; 0.0; 7.0; 8.0; 0.0; 8.0; 6.0; -156.0; -4.0; 12.0; 8.0; -162.0; -162.0; -177.0; 1.0; -330.0; -39.0; 13.0; -177.0
2015-03-31; 361.0; 139.0; -145.0; -6.0; 3.0; 21.0; 0.0; -27.0; 161.0; 516.0; -227.0; 0.0; 22.0; -24.0; 0.0; -24.0; 33.0; -196.0; -3.0; 53.0; 50.0; -114.0; -114.0; -178.0; -4.0; -246.0; 97.0; 15.0; -178.0
2014-12-31; -89.0; -173.0; 31.0; -142.0; 4.0; -26.0; 0.0; 5.0; -164.0; -395.0; 147.0; 0.0; 17.0; 315.0; 0.0; 315.0; 17.0; 496.0; -58.0; 17.0; -41.0; -331.0; -331.0; -179.0; 398.0; -153.0; -46.0; 9.0; -179.0
2014-09-30; 403.0; 181.0; -12.0; 169.0; -37.0; 19.0; 0.0; 8.0; -44.0; 528.0; -247.0; 0.0; 49.0; -88.0; 0.0; -88.0; -20.0; -306.0; -2.0; 221.0; 219.0; -205.0; -205.0; -163.0; -4.0; -153.0; 88.0; 11.0; -163.0
2014-06-30; 338.0; 180.0; 8.0; 188.0; -11.0; -28.0; 0.0; -9.0; -12.0; 514.0; -236.0; 0.0; 15.0; -227.0; 0.0; -227.0; 2.0; -446.0; -3.0; 143.0; 140.0; -171.0; -171.0; -163.0; -2.0; -196.0; -137.0; 13.0; -163.0
2014-03-31; 399.0; 140.0; -56.0; 84.0; 23.0; 33.0; 0.0; -2.0; 87.0; 570.0; -172.0; 0.0; 2.0; 0.0; 0.0; 0.0; 2.0; -168.0; -2.0; 35.0; 33.0; -113.0; -113.0; -164.0; 7.0; -237.0; 161.0; 12.0; -164.0
2013-12-31; 315.0; 248.0; 220.0; 468.0; -8.0; -1.0; 0.0; 1.0; -197.0; 586.0; -350.0; 0.0; 41.0; -1.0; 0.0; -1.0; 11.0; -299.0; -62.0; -2.0; -64.0; -240.0; -240.0; -164.0; -8.0; -476.0; -180.0; 17.0; -164.0
2013-09-30; 137.0; 173.0; 250.0; 423.0; -8.0; 18.0; 0.0; -14.0; 264.0; 824.0; -227.0; 0.0; 54.0; -1.0; 0.0; -1.0; -3.0; -177.0; -1.0; -53.0; -54.0; -175.0; -175.0; -150.0; -9.0; -388.0; 253.0; 11.0; -150.0
2013-06-30; 276.0; 170.0; 16.0; 186.0; -5.0; -25.0; 0.0; 0.0; -134.0; 328.0; -235.0; 0.0; -15.0; 2.0; 0.0; 2.0; -9.0; -257.0; -3.0; 46.0; 43.0; -225.0; -225.0; -150.0; 4.0; -328.0; -262.0; 12.0; -150.0
2013-03-31; 336.0; 130.0; -29.0; 101.0; 9.0; 26.0; 0.0; -8.0; -36.0; 401.0; -237.0; 0.0; 81.0; 0.0; 0.0; 0.0; 3.0; -153.0; -1.0; 9.0; 8.0; -93.0; -93.0; -151.0; -23.0; -259.0; -14.0; 9.0; -151.0
2012-12-31; 336.0; 223.0; -61.0; 162.0; -25.0; -18.0; 0.0; 0.0; -22.0; 476.0; -421.0; 0.0; 176.0; 0.0; 0.0; 0.0; -13.0; -258.0; -2.0; -12.0; -14.0; -242.0; -242.0; -151.0; 13.0; -394.0; -166.0; 15.0; -151.0
2012-09-30; 478.0; 157.0; 98.0; 255.0; -9.0; 13.0; 0.0; -5.0; 161.0; 894.0; -272.0; 0.0; 55.0; 82.0; 0.0; 82.0; -16.0; -151.0; -265.0; 12.0; -253.0; -394.0; -394.0; -131.0; -5.0; -783.0; -42.0; 12.0; -131.0
2012-06-30; 333.0; 158.0; -26.0; 132.0; -13.0; -13.0; 0.0; 6.0; -14.0; 451.0; -233.0; 0.0; 28.0; -3.0; 0.0; -3.0; 3.0; -205.0; -12.0; 0.0; -12.0; -205.0; -205.0; -131.0; -3.0; -351.0; -115.0; 12.0; -131.0
2012-03-31; 461.0; 127.0; -102.0; 25.0; 29.0; 27.0; 0.0; -15.0; -13.0; 473.0; -173.0; 0.0; -438.0; -79.0; 0.0; -79.0; 299.0; -391.0; -3.0; 0.0; -3.0; -62.0; -62.0; -131.0; 8.0; -188.0; -99.0; 11.0; -131.0
2011-12-31; 357.0; 211.0; -57.0; 154.0; -20.0; -84.0; 0.0; 4.0; -44.0; 467.0; -387.0; 0.0; 47.0; 0.0; 0.0; 0.0; 74.0; -266.0; 51.0; 0.0; 51.0; -161.0; -161.0; -131.0; 23.0; -218.0; -38.0; 19.0; -131.0
2011-09-30; 389.0; 157.0; 83.0; 240.0; -28.0; -11.0; 0.0; -6.0; 151.0; 780.0; -223.0; 0.0; 70.0; 0.0; 0.0; 0.0; -8.0; -161.0; 345.0; -350.0; -5.0; -235.0; -235.0; -116.0; 1.0; -355.0; 281.0; 14.0; -116.0
2011-06-30; 322.0; 146.0; 31.0; 177.0; -2.0; -14.0; 0.0; 2.0; -84.0; 415.0; -157.0; 0.0; 35.0; 0.0; 0.0; 0.0; -301.0; -423.0; -654.0; 350.0; -304.0; -154.0; -154.0; -116.0; -5.0; -579.0; -574.0; 13.0; -116.0
2011-03-31; 267.0; 123.0; 27.0; 150.0; 11.0; 34.0; 0.0; -25.0; 91.0; 508.0; -173.0; 0.0; 13.0; 0.0; 0.0; 0.0; 4.0; -156.0; -4.0; 0.0; -4.0; -143.0; -143.0; -118.0; 4.0; -261.0; 103.0; 13.0; -118.0
2010-12-31; 277.0; 206.0; 33.0; 239.0; -6.0; -38.0; 0.0; 46.0; -45.0; 471.0; -327.0; 0.0; 159.0; 0.0; 0.0; 0.0; 24.0; -144.0; -9.0; -25.0; -34.0; -50.0; -50.0; -117.0; 15.0; -186.0; 152.0; 10.0; -117.0
2010-09-30; 367.0; 127.0; 73.0; 200.0; -34.0; -11.0; 0.0; 13.0; 97.0; 664.0; -155.0; 0.0; -37.0; 0.0; 0.0; 0.0; -4.0; -196.0; 338.0; 25.0; 363.0; -16.0; -16.0; -98.0; 12.0; 261.0; 744.0; 13.0; -98.0
2010-06-30; 289.0; 137.0; -62.0; 75.0; 35.0; -24.0; 0.0; 1.0; 77.0; 441.0; -160.0; 0.0; 39.0; 0.0; 0.0; 0.0; -2.0; -123.0; -5.0; -28.0; -33.0; -88.0; -88.0; -98.0; -3.0; -222.0; 86.0; 11.0; -98.0
2010-03-31; 245.0; 119.0; 11.0; 130.0; -7.0; 5.0; 0.0; 1.0; 17.0; 392.0; -154.0; 0.0; 42.0; 0.0; 0.0; 0.0; -4.0; -116.0; -3.0; 20.0; 17.0; -115.0; -115.0; -99.0; 7.0; -190.0; 91.0; 13.0; -99.0
2009-12-31; 218.0; 195.0; -76.0; 119.0; -8.0; -7.0; 0.0; 19.0; -68.0; 269.0; -274.0; 0.0; 63.0; 0.0; 0.0; 0.0; -11.0; -222.0; -6.0; -19.0; -25.0; 22.0; 22.0; -99.0; -1.0; -103.0; -71.0; 17.0; -99.0
2009-09-30; 340.0; 139.0; 97.0; 236.0; 13.0; 19.0; 0.0; -8.0; 64.0; 640.0; -155.0; 0.0; 7.0; 0.0; 0.0; 0.0; -1.0; -149.0; 121.0; -396.0; -275.0; 14.0; 14.0; -88.0; -8.0; -357.0; 140.0; 13.0; -88.0
2009-06-30; 306.0; 129.0; -147.0; -18.0; -20.0; -4.0; 0.0; -17.0; -90.0; 198.0; -192.0; 0.0; -31.0; 0.0; 0.0; 0.0; -5.0; -228.0; -142.0; 151.0; 9.0; 56.0; 56.0; -88.0; 40.0; 17.0; -5.0; 13.0; -88.0
2009-03-31; 219.0; 117.0; 1.0; 118.0; 18.0; 19.0; 0.0; -1.0; -40.0; 297.0; -142.0; 0.0; 16.0; 0.0; 0.0; 0.0; -2.0; -128.0; -2.0; -39.0; -41.0; 21.0; 21.0; -87.0; 8.0; -99.0; 73.0; 13.0; -87.0
